$\mu_{h_1}$,$\mu_{h_2}$,$\mu_{x_1}$,$\mu_{x_2}$,success_rate
0.0,0.0,0.0,5.0,0.116
0.0,0.0,0.1,5.1,0.12
0.0,0.0,0.2,5.2,0.096
0.0,0.0,0.3,5.3,0.084
0.0,0.0,0.4,5.4,0.082
0.0,0.0,0.5,5.5,0.08
0.0,0.0,0.6,5.6,0.108
0.0,0.0,0.7,5.7,0.112
0.0,0.0,0.8,5.8,0.126
0.0,0.0,0.9,5.9,0.078
0.0,0.0,1.0,6.0,0.106
0.0,0.0,1.1,6.1,0.106
0.0,0.0,1.2,6.2,0.11
0.0,0.0,1.3,6.3,0.088
0.0,0.0,1.4,6.4,0.104
0.0,0.0,1.5,6.5,0.092
0.0,0.0,1.6,6.6,0.09
0.0,0.0,1.7,6.7,0.11
0.0,0.0,1.8,6.8,0.092
0.0,0.0,1.9,6.9,0.066
0.0,0.0,2.0,7.0,0.078
0.0,0.0,2.1,7.1,0.092
0.0,0.0,2.2,7.2,0.07
0.0,0.0,2.3,7.3,0.078
0.0,0.0,2.4,7.4,0.088
0.0,0.0,2.5,7.5,0.09
0.0,0.0,2.6,7.6,0.062
0.0,0.0,2.7,7.7,0.06
0.0,0.0,2.8,7.8,0.07
0.0,0.0,2.9,7.9,0.084
0.0,0.0,3.0,8.0,0.076
0.0,0.0,3.1,8.1,0.06
0.0,0.0,3.2,8.2,0.062
0.0,0.0,3.3,8.3,0.064
0.0,0.0,3.4,8.4,0.048
0.0,0.0,3.5,8.5,0.036
0.0,0.0,3.6,8.6,0.076
0.0,0.0,3.7,8.7,0.05
0.0,0.0,3.8,8.8,0.048
0.0,0.0,3.9,8.9,0.056
0.0,0.0,4.0,9.0,0.06
0.0,0.0,4.1,9.1,0.06
0.0,0.0,4.2,9.2,0.06
0.0,0.0,4.3,9.3,0.036
0.0,0.0,4.4,9.4,0.074
0.0,0.0,4.5,9.5,0.046
0.0,0.0,4.6,9.6,0.046
0.0,0.0,4.7,9.7,0.074
0.0,0.0,4.8,9.8,0.084
0.0,0.0,4.9,9.9,0.032
0.0,0.0,5.0,10.0,0.056
0.0,0.0,5.1,10.1,0.066
0.0,0.0,5.2,10.2,0.046
0.0,0.0,5.3,10.3,0.06
0.0,0.0,5.4,10.4,0.046
0.0,0.0,5.5,10.5,0.052
0.0,0.0,5.6,10.6,0.052
0.0,0.0,5.7,10.7,0.064
0.0,0.0,5.8,10.8,0.048
0.0,0.0,5.9,10.9,0.046
0.0,0.0,6.0,11.0,0.06
0.0,0.0,6.1,11.1,0.048
0.0,0.0,6.2,11.2,0.062
0.0,0.0,6.3,11.3,0.054
0.0,0.0,6.4,11.4,0.028
0.0,0.0,6.5,11.5,0.05
0.0,0.0,6.6,11.6,0.058
0.0,0.0,6.7,11.7,0.038
0.0,0.0,6.8,11.8,0.058
0.0,0.0,6.9,11.9,0.05
0.0,0.0,7.0,12.0,0.074
0.0,0.0,7.1,12.1,0.04
0.0,0.0,7.2,12.2,0.042
0.0,0.0,7.3,12.3,0.04
0.0,0.0,7.4,12.4,0.05
0.0,0.0,7.5,12.5,0.066
0.0,0.0,7.6,12.6,0.042
0.0,0.0,7.7,12.7,0.046
0.0,0.0,7.8,12.8,0.04
0.0,0.0,7.9,12.9,0.058
0.0,0.0,8.0,13.0,0.064
0.0,0.0,8.1,13.1,0.052
0.0,0.0,8.2,13.2,0.072
0.0,0.0,8.3,13.3,0.052
0.0,0.0,8.4,13.4,0.052
0.0,0.0,8.5,13.5,0.036
0.0,0.0,8.6,13.6,0.052
0.0,0.0,8.7,13.7,0.06
0.0,0.0,8.8,13.8,0.046
0.0,0.0,8.9,13.9,0.058
0.0,0.0,9.0,14.0,0.04
0.0,0.0,9.1,14.1,0.042
0.0,0.0,9.2,14.2,0.052
0.0,0.0,9.3,14.3,0.038
0.0,0.0,9.4,14.4,0.05
0.0,0.0,9.5,14.5,0.052
0.0,0.0,9.6,14.6,0.05
0.0,0.0,9.7,14.7,0.054
0.0,0.0,9.8,14.8,0.054
0.0,0.0,9.9,14.9,0.054
0.0,0.0,10.0,15.0,0.056
0.0,0.0,10.1,15.1,0.036
0.0,0.0,10.2,15.2,0.06
0.0,0.0,10.3,15.3,0.044
0.0,0.0,10.4,15.4,0.054
0.0,0.0,10.5,15.5,0.058
0.0,0.0,10.6,15.6,0.054
0.0,0.0,10.7,15.7,0.06
0.0,0.0,10.8,15.8,0.056
0.0,0.0,10.9,15.9,0.052
0.0,0.0,11.0,16.0,0.05
0.0,0.0,11.1,16.1,0.046
0.0,0.0,11.2,16.2,0.052
0.0,0.0,11.3,16.3,0.054
0.0,0.0,11.4,16.4,0.046
0.0,0.0,11.5,16.5,0.054
0.0,0.0,11.6,16.6,0.056
0.0,0.0,11.7,16.7,0.062
0.0,0.0,11.8,16.8,0.068
0.0,0.0,11.9,16.9,0.052
0.0,0.0,12.0,17.0,0.066
0.0,0.0,12.1,17.1,0.046
0.0,0.0,12.2,17.2,0.058
0.0,0.0,12.3,17.3,0.054
0.0,0.0,12.4,17.4,0.058
0.0,0.0,12.5,17.5,0.05
0.0,0.0,12.6,17.6,0.058
0.0,0.0,12.7,17.7,0.044
0.0,0.0,12.8,17.8,0.042
0.0,0.0,12.9,17.9,0.04
0.0,0.0,13.0,18.0,0.044
0.0,0.0,13.1,18.1,0.058
0.0,0.0,13.2,18.2,0.062
0.0,0.0,13.3,18.3,0.054
0.0,0.0,13.4,18.4,0.038
0.0,0.0,13.5,18.5,0.05
0.0,0.0,13.6,18.6,0.062
0.0,0.0,13.7,18.7,0.038
0.0,0.0,13.8,18.8,0.048
0.0,0.0,13.9,18.9,0.062
0.0,0.0,14.0,19.0,0.03
0.0,0.0,14.1,19.1,0.044
0.0,0.0,14.2,19.2,0.048
0.0,0.0,14.3,19.3,0.044
0.0,0.0,14.4,19.4,0.052
0.0,0.0,14.5,19.5,0.042
0.0,0.0,14.6,19.6,0.06
0.0,0.0,14.7,19.7,0.05
0.0,0.0,14.8,19.8,0.052
0.0,0.0,14.9,19.9,0.06
0.0,0.0,15.0,20.0,0.052
0.1,0.1,0.0,5.0,0.12
0.1,0.1,0.1,5.1,0.106
0.1,0.1,0.2,5.2,0.096
0.1,0.1,0.3,5.3,0.116
0.1,0.1,0.4,5.4,0.106
0.1,0.1,0.5,5.5,0.092
0.1,0.1,0.6,5.6,0.092
0.1,0.1,0.7,5.7,0.132
0.1,0.1,0.8,5.8,0.108
0.1,0.1,0.9,5.9,0.112
0.1,0.1,1.0,6.0,0.104
0.1,0.1,1.1,6.1,0.088
0.1,0.1,1.2,6.2,0.094
0.1,0.1,1.3,6.3,0.096
0.1,0.1,1.4,6.4,0.13
0.1,0.1,1.5,6.5,0.088
0.1,0.1,1.6,6.6,0.08
0.1,0.1,1.7,6.7,0.082
0.1,0.1,1.8,6.8,0.072
0.1,0.1,1.9,6.9,0.088
0.1,0.1,2.0,7.0,0.072
0.1,0.1,2.1,7.1,0.08
0.1,0.1,2.2,7.2,0.078
0.1,0.1,2.3,7.3,0.078
0.1,0.1,2.4,7.4,0.068
0.1,0.1,2.5,7.5,0.064
0.1,0.1,2.6,7.6,0.076
0.1,0.1,2.7,7.7,0.066
0.1,0.1,2.8,7.8,0.062
0.1,0.1,2.9,7.9,0.052
0.1,0.1,3.0,8.0,0.076
0.1,0.1,3.1,8.1,0.06
0.1,0.1,3.2,8.2,0.062
0.1,0.1,3.3,8.3,0.058
0.1,0.1,3.4,8.4,0.048
0.1,0.1,3.5,8.5,0.082
0.1,0.1,3.6,8.6,0.06
0.1,0.1,3.7,8.7,0.046
0.1,0.1,3.8,8.8,0.05
0.1,0.1,3.9,8.9,0.048
0.1,0.1,4.0,9.0,0.05
0.1,0.1,4.1,9.1,0.05
0.1,0.1,4.2,9.2,0.06
0.1,0.1,4.3,9.3,0.068
0.1,0.1,4.4,9.4,0.05
0.1,0.1,4.5,9.5,0.034
0.1,0.1,4.6,9.6,0.046
0.1,0.1,4.7,9.7,0.054
0.1,0.1,4.8,9.8,0.054
0.1,0.1,4.9,9.9,0.064
0.1,0.1,5.0,10.0,0.034
0.1,0.1,5.1,10.1,0.048
0.1,0.1,5.2,10.2,0.046
0.1,0.1,5.3,10.3,0.04
0.1,0.1,5.4,10.4,0.042
0.1,0.1,5.5,10.5,0.052
0.1,0.1,5.6,10.6,0.042
0.1,0.1,5.7,10.7,0.042
0.1,0.1,5.8,10.8,0.042
0.1,0.1,5.9,10.9,0.038
0.1,0.1,6.0,11.0,0.046
0.1,0.1,6.1,11.1,0.048
0.1,0.1,6.2,11.2,0.036
0.1,0.1,6.3,11.3,0.03
0.1,0.1,6.4,11.4,0.054
0.1,0.1,6.5,11.5,0.038
0.1,0.1,6.6,11.6,0.056
0.1,0.1,6.7,11.7,0.06
0.1,0.1,6.8,11.8,0.048
0.1,0.1,6.9,11.9,0.052
0.1,0.1,7.0,12.0,0.062
0.1,0.1,7.1,12.1,0.07
0.1,0.1,7.2,12.2,0.028
0.1,0.1,7.3,12.3,0.072
0.1,0.1,7.4,12.4,0.032
0.1,0.1,7.5,12.5,0.056
0.1,0.1,7.6,12.6,0.05
0.1,0.1,7.7,12.7,0.056
0.1,0.1,7.8,12.8,0.068
0.1,0.1,7.9,12.9,0.066
0.1,0.1,8.0,13.0,0.044
0.1,0.1,8.1,13.1,0.044
0.1,0.1,8.2,13.2,0.064
0.1,0.1,8.3,13.3,0.048
0.1,0.1,8.4,13.4,0.05
0.1,0.1,8.5,13.5,0.052
0.1,0.1,8.6,13.6,0.058
0.1,0.1,8.7,13.7,0.06
0.1,0.1,8.8,13.8,0.054
0.1,0.1,8.9,13.9,0.07
0.1,0.1,9.0,14.0,0.054
0.1,0.1,9.1,14.1,0.044
0.1,0.1,9.2,14.2,0.042
0.1,0.1,9.3,14.3,0.062
0.1,0.1,9.4,14.4,0.054
0.1,0.1,9.5,14.5,0.04
0.1,0.1,9.6,14.6,0.04
0.1,0.1,9.7,14.7,0.046
0.1,0.1,9.8,14.8,0.058
0.1,0.1,9.9,14.9,0.048
0.1,0.1,10.0,15.0,0.036
0.1,0.1,10.1,15.1,0.042
0.1,0.1,10.2,15.2,0.036
0.1,0.1,10.3,15.3,0.042
0.1,0.1,10.4,15.4,0.052
0.1,0.1,10.5,15.5,0.052
0.1,0.1,10.6,15.6,0.054
0.1,0.1,10.7,15.7,0.048
0.1,0.1,10.8,15.8,0.058
0.1,0.1,10.9,15.9,0.056
0.1,0.1,11.0,16.0,0.07
0.1,0.1,11.1,16.1,0.058
0.1,0.1,11.2,16.2,0.04
0.1,0.1,11.3,16.3,0.064
0.1,0.1,11.4,16.4,0.044
0.1,0.1,11.5,16.5,0.062
0.1,0.1,11.6,16.6,0.052
0.1,0.1,11.7,16.7,0.05
0.1,0.1,11.8,16.8,0.042
0.1,0.1,11.9,16.9,0.058
0.1,0.1,12.0,17.0,0.05
0.1,0.1,12.1,17.1,0.05
0.1,0.1,12.2,17.2,0.052
0.1,0.1,12.3,17.3,0.068
0.1,0.1,12.4,17.4,0.048
0.1,0.1,12.5,17.5,0.056
0.1,0.1,12.6,17.6,0.06
0.1,0.1,12.7,17.7,0.05
0.1,0.1,12.8,17.8,0.05
0.1,0.1,12.9,17.9,0.066
0.1,0.1,13.0,18.0,0.054
0.1,0.1,13.1,18.1,0.062
0.1,0.1,13.2,18.2,0.042
0.1,0.1,13.3,18.3,0.034
0.1,0.1,13.4,18.4,0.054
0.1,0.1,13.5,18.5,0.062
0.1,0.1,13.6,18.6,0.052
0.1,0.1,13.7,18.7,0.04
0.1,0.1,13.8,18.8,0.034
0.1,0.1,13.9,18.9,0.038
0.1,0.1,14.0,19.0,0.03
0.1,0.1,14.1,19.1,0.072
0.1,0.1,14.2,19.2,0.054
0.1,0.1,14.3,19.3,0.042
0.1,0.1,14.4,19.4,0.036
0.1,0.1,14.5,19.5,0.048
0.1,0.1,14.6,19.6,0.052
0.1,0.1,14.7,19.7,0.036
0.1,0.1,14.8,19.8,0.042
0.1,0.1,14.9,19.9,0.056
0.1,0.1,15.0,20.0,0.056
0.2,0.2,0.0,5.0,0.122
0.2,0.2,0.1,5.1,0.096
0.2,0.2,0.2,5.2,0.082
0.2,0.2,0.3,5.3,0.11
0.2,0.2,0.4,5.4,0.104
0.2,0.2,0.5,5.5,0.098
0.2,0.2,0.6,5.6,0.108
0.2,0.2,0.7,5.7,0.116
0.2,0.2,0.8,5.8,0.104
0.2,0.2,0.9,5.9,0.116
0.2,0.2,1.0,6.0,0.102
0.2,0.2,1.1,6.1,0.078
0.2,0.2,1.2,6.2,0.086
0.2,0.2,1.3,6.3,0.094
0.2,0.2,1.4,6.4,0.066
0.2,0.2,1.5,6.5,0.124
0.2,0.2,1.6,6.6,0.086
0.2,0.2,1.7,6.7,0.084
0.2,0.2,1.8,6.8,0.082
0.2,0.2,1.9,6.9,0.056
0.2,0.2,2.0,7.0,0.096
0.2,0.2,2.1,7.1,0.066
0.2,0.2,2.2,7.2,0.092
0.2,0.2,2.3,7.3,0.062
0.2,0.2,2.4,7.4,0.078
0.2,0.2,2.5,7.5,0.062
0.2,0.2,2.6,7.6,0.086
0.2,0.2,2.7,7.7,0.072
0.2,0.2,2.8,7.8,0.074
0.2,0.2,2.9,7.9,0.08
0.2,0.2,3.0,8.0,0.04
0.2,0.2,3.1,8.1,0.068
0.2,0.2,3.2,8.2,0.054
0.2,0.2,3.3,8.3,0.054
0.2,0.2,3.4,8.4,0.068
0.2,0.2,3.5,8.5,0.052
0.2,0.2,3.6,8.6,0.076
0.2,0.2,3.7,8.7,0.062
0.2,0.2,3.8,8.8,0.066
0.2,0.2,3.9,8.9,0.052
0.2,0.2,4.0,9.0,0.056
0.2,0.2,4.1,9.1,0.058
0.2,0.2,4.2,9.2,0.056
0.2,0.2,4.3,9.3,0.054
0.2,0.2,4.4,9.4,0.042
0.2,0.2,4.5,9.5,0.036
0.2,0.2,4.6,9.6,0.042
0.2,0.2,4.7,9.7,0.062
0.2,0.2,4.8,9.8,0.056
0.2,0.2,4.9,9.9,0.05
0.2,0.2,5.0,10.0,0.054
0.2,0.2,5.1,10.1,0.044
0.2,0.2,5.2,10.2,0.034
0.2,0.2,5.3,10.3,0.05
0.2,0.2,5.4,10.4,0.064
0.2,0.2,5.5,10.5,0.032
0.2,0.2,5.6,10.6,0.064
0.2,0.2,5.7,10.7,0.046
0.2,0.2,5.8,10.8,0.048
0.2,0.2,5.9,10.9,0.048
0.2,0.2,6.0,11.0,0.048
0.2,0.2,6.1,11.1,0.044
0.2,0.2,6.2,11.2,0.05
0.2,0.2,6.3,11.3,0.062
0.2,0.2,6.4,11.4,0.056
0.2,0.2,6.5,11.5,0.05
0.2,0.2,6.6,11.6,0.062
0.2,0.2,6.7,11.7,0.052
0.2,0.2,6.8,11.8,0.05
0.2,0.2,6.9,11.9,0.036
0.2,0.2,7.0,12.0,0.048
0.2,0.2,7.1,12.1,0.046
0.2,0.2,7.2,12.2,0.038
0.2,0.2,7.3,12.3,0.06
0.2,0.2,7.4,12.4,0.034
0.2,0.2,7.5,12.5,0.058
0.2,0.2,7.6,12.6,0.048
0.2,0.2,7.7,12.7,0.038
0.2,0.2,7.8,12.8,0.04
0.2,0.2,7.9,12.9,0.064
0.2,0.2,8.0,13.0,0.05
0.2,0.2,8.1,13.1,0.046
0.2,0.2,8.2,13.2,0.046
0.2,0.2,8.3,13.3,0.062
0.2,0.2,8.4,13.4,0.054
0.2,0.2,8.5,13.5,0.052
0.2,0.2,8.6,13.6,0.044
0.2,0.2,8.7,13.7,0.056
0.2,0.2,8.8,13.8,0.054
0.2,0.2,8.9,13.9,0.046
0.2,0.2,9.0,14.0,0.042
0.2,0.2,9.1,14.1,0.056
0.2,0.2,9.2,14.2,0.044
0.2,0.2,9.3,14.3,0.072
0.2,0.2,9.4,14.4,0.058
0.2,0.2,9.5,14.5,0.048
0.2,0.2,9.6,14.6,0.054
0.2,0.2,9.7,14.7,0.046
0.2,0.2,9.8,14.8,0.046
0.2,0.2,9.9,14.9,0.044
0.2,0.2,10.0,15.0,0.05
0.2,0.2,10.1,15.1,0.048
0.2,0.2,10.2,15.2,0.04
0.2,0.2,10.3,15.3,0.036
0.2,0.2,10.4,15.4,0.058
0.2,0.2,10.5,15.5,0.056
0.2,0.2,10.6,15.6,0.038
0.2,0.2,10.7,15.7,0.048
0.2,0.2,10.8,15.8,0.042
0.2,0.2,10.9,15.9,0.05
0.2,0.2,11.0,16.0,0.04
0.2,0.2,11.1,16.1,0.046
0.2,0.2,11.2,16.2,0.048
0.2,0.2,11.3,16.3,0.052
0.2,0.2,11.4,16.4,0.058
0.2,0.2,11.5,16.5,0.038
0.2,0.2,11.6,16.6,0.044
0.2,0.2,11.7,16.7,0.05
0.2,0.2,11.8,16.8,0.062
0.2,0.2,11.9,16.9,0.06
0.2,0.2,12.0,17.0,0.052
0.2,0.2,12.1,17.1,0.04
0.2,0.2,12.2,17.2,0.05
0.2,0.2,12.3,17.3,0.068
0.2,0.2,12.4,17.4,0.052
0.2,0.2,12.5,17.5,0.048
0.2,0.2,12.6,17.6,0.056
0.2,0.2,12.7,17.7,0.054
0.2,0.2,12.8,17.8,0.052
0.2,0.2,12.9,17.9,0.058
0.2,0.2,13.0,18.0,0.04
0.2,0.2,13.1,18.1,0.064
0.2,0.2,13.2,18.2,0.058
0.2,0.2,13.3,18.3,0.064
0.2,0.2,13.4,18.4,0.032
0.2,0.2,13.5,18.5,0.04
0.2,0.2,13.6,18.6,0.042
0.2,0.2,13.7,18.7,0.058
0.2,0.2,13.8,18.8,0.034
0.2,0.2,13.9,18.9,0.064
0.2,0.2,14.0,19.0,0.04
0.2,0.2,14.1,19.1,0.038
0.2,0.2,14.2,19.2,0.048
0.2,0.2,14.3,19.3,0.044
0.2,0.2,14.4,19.4,0.054
0.2,0.2,14.5,19.5,0.056
0.2,0.2,14.6,19.6,0.034
0.2,0.2,14.7,19.7,0.04
0.2,0.2,14.8,19.8,0.054
0.2,0.2,14.9,19.9,0.03
0.2,0.2,15.0,20.0,0.04
0.3,0.3,0.0,5.0,0.108
0.3,0.3,0.1,5.1,0.108
0.3,0.3,0.2,5.2,0.098
0.3,0.3,0.3,5.3,0.12
0.3,0.3,0.4,5.4,0.104
0.3,0.3,0.5,5.5,0.098
0.3,0.3,0.6,5.6,0.09
0.3,0.3,0.7,5.7,0.122
0.3,0.3,0.8,5.8,0.09
0.3,0.3,0.9,5.9,0.12
0.3,0.3,1.0,6.0,0.102
0.3,0.3,1.1,6.1,0.116
0.3,0.3,1.2,6.2,0.12
0.3,0.3,1.3,6.3,0.09
0.3,0.3,1.4,6.4,0.078
0.3,0.3,1.5,6.5,0.086
0.3,0.3,1.6,6.6,0.098
0.3,0.3,1.7,6.7,0.076
0.3,0.3,1.8,6.8,0.098
0.3,0.3,1.9,6.9,0.082
0.3,0.3,2.0,7.0,0.072
0.3,0.3,2.1,7.1,0.086
0.3,0.3,2.2,7.2,0.072
0.3,0.3,2.3,7.3,0.092
0.3,0.3,2.4,7.4,0.072
0.3,0.3,2.5,7.5,0.072
0.3,0.3,2.6,7.6,0.054
0.3,0.3,2.7,7.7,0.074
0.3,0.3,2.8,7.8,0.068
0.3,0.3,2.9,7.9,0.054
0.3,0.3,3.0,8.0,0.088
0.3,0.3,3.1,8.1,0.062
0.3,0.3,3.2,8.2,0.066
0.3,0.3,3.3,8.3,0.06
0.3,0.3,3.4,8.4,0.078
0.3,0.3,3.5,8.5,0.066
0.3,0.3,3.6,8.6,0.046
0.3,0.3,3.7,8.7,0.056
0.3,0.3,3.8,8.8,0.058
0.3,0.3,3.9,8.9,0.046
0.3,0.3,4.0,9.0,0.054
0.3,0.3,4.1,9.1,0.038
0.3,0.3,4.2,9.2,0.044
0.3,0.3,4.3,9.3,0.038
0.3,0.3,4.4,9.4,0.056
0.3,0.3,4.5,9.5,0.042
0.3,0.3,4.6,9.6,0.042
0.3,0.3,4.7,9.7,0.046
0.3,0.3,4.8,9.8,0.062
0.3,0.3,4.9,9.9,0.044
0.3,0.3,5.0,10.0,0.062
0.3,0.3,5.1,10.1,0.054
0.3,0.3,5.2,10.2,0.046
0.3,0.3,5.3,10.3,0.042
0.3,0.3,5.4,10.4,0.058
0.3,0.3,5.5,10.5,0.072
0.3,0.3,5.6,10.6,0.03
0.3,0.3,5.7,10.7,0.052
0.3,0.3,5.8,10.8,0.042
0.3,0.3,5.9,10.9,0.044
0.3,0.3,6.0,11.0,0.048
0.3,0.3,6.1,11.1,0.046
0.3,0.3,6.2,11.2,0.04
0.3,0.3,6.3,11.3,0.042
0.3,0.3,6.4,11.4,0.032
0.3,0.3,6.5,11.5,0.046
0.3,0.3,6.6,11.6,0.04
0.3,0.3,6.7,11.7,0.048
0.3,0.3,6.8,11.8,0.064
0.3,0.3,6.9,11.9,0.046
0.3,0.3,7.0,12.0,0.038
0.3,0.3,7.1,12.1,0.058
0.3,0.3,7.2,12.2,0.048
0.3,0.3,7.3,12.3,0.06
0.3,0.3,7.4,12.4,0.036
0.3,0.3,7.5,12.5,0.04
0.3,0.3,7.6,12.6,0.048
0.3,0.3,7.7,12.7,0.042
0.3,0.3,7.8,12.8,0.062
0.3,0.3,7.9,12.9,0.042
0.3,0.3,8.0,13.0,0.048
0.3,0.3,8.1,13.1,0.046
0.3,0.3,8.2,13.2,0.064
0.3,0.3,8.3,13.3,0.042
0.3,0.3,8.4,13.4,0.056
0.3,0.3,8.5,13.5,0.052
0.3,0.3,8.6,13.6,0.058
0.3,0.3,8.7,13.7,0.044
0.3,0.3,8.8,13.8,0.052
0.3,0.3,8.9,13.9,0.066
0.3,0.3,9.0,14.0,0.048
0.3,0.3,9.1,14.1,0.054
0.3,0.3,9.2,14.2,0.056
0.3,0.3,9.3,14.3,0.056
0.3,0.3,9.4,14.4,0.044
0.3,0.3,9.5,14.5,0.058
0.3,0.3,9.6,14.6,0.03
0.3,0.3,9.7,14.7,0.058
0.3,0.3,9.8,14.8,0.05
0.3,0.3,9.9,14.9,0.034
0.3,0.3,10.0,15.0,0.042
0.3,0.3,10.1,15.1,0.064
0.3,0.3,10.2,15.2,0.048
0.3,0.3,10.3,15.3,0.042
0.3,0.3,10.4,15.4,0.052
0.3,0.3,10.5,15.5,0.062
0.3,0.3,10.6,15.6,0.04
0.3,0.3,10.7,15.7,0.04
0.3,0.3,10.8,15.8,0.052
0.3,0.3,10.9,15.9,0.048
0.3,0.3,11.0,16.0,0.048
0.3,0.3,11.1,16.1,0.038
0.3,0.3,11.2,16.2,0.05
0.3,0.3,11.3,16.3,0.048
0.3,0.3,11.4,16.4,0.04
0.3,0.3,11.5,16.5,0.046
0.3,0.3,11.6,16.6,0.054
0.3,0.3,11.7,16.7,0.058
0.3,0.3,11.8,16.8,0.044
0.3,0.3,11.9,16.9,0.04
0.3,0.3,12.0,17.0,0.056
0.3,0.3,12.1,17.1,0.05
0.3,0.3,12.2,17.2,0.044
0.3,0.3,12.3,17.3,0.042
0.3,0.3,12.4,17.4,0.042
0.3,0.3,12.5,17.5,0.062
0.3,0.3,12.6,17.6,0.046
0.3,0.3,12.7,17.7,0.064
0.3,0.3,12.8,17.8,0.05
0.3,0.3,12.9,17.9,0.06
0.3,0.3,13.0,18.0,0.034
0.3,0.3,13.1,18.1,0.048
0.3,0.3,13.2,18.2,0.046
0.3,0.3,13.3,18.3,0.06
0.3,0.3,13.4,18.4,0.058
0.3,0.3,13.5,18.5,0.064
0.3,0.3,13.6,18.6,0.048
0.3,0.3,13.7,18.7,0.038
0.3,0.3,13.8,18.8,0.058
0.3,0.3,13.9,18.9,0.044
0.3,0.3,14.0,19.0,0.064
0.3,0.3,14.1,19.1,0.042
0.3,0.3,14.2,19.2,0.05
0.3,0.3,14.3,19.3,0.064
0.3,0.3,14.4,19.4,0.044
0.3,0.3,14.5,19.5,0.04
0.3,0.3,14.6,19.6,0.036
0.3,0.3,14.7,19.7,0.038
0.3,0.3,14.8,19.8,0.052
0.3,0.3,14.9,19.9,0.054
0.3,0.3,15.0,20.0,0.056
0.4,0.4,0.0,5.0,0.096
0.4,0.4,0.1,5.1,0.112
0.4,0.4,0.2,5.2,0.118
0.4,0.4,0.3,5.3,0.078
0.4,0.4,0.4,5.4,0.098
0.4,0.4,0.5,5.5,0.092
0.4,0.4,0.6,5.6,0.108
0.4,0.4,0.7,5.7,0.08
0.4,0.4,0.8,5.8,0.1
0.4,0.4,0.9,5.9,0.09
0.4,0.4,1.0,6.0,0.084
0.4,0.4,1.1,6.1,0.102
0.4,0.4,1.2,6.2,0.108
0.4,0.4,1.3,6.3,0.112
0.4,0.4,1.4,6.4,0.092
0.4,0.4,1.5,6.5,0.092
0.4,0.4,1.6,6.6,0.106
0.4,0.4,1.7,6.7,0.092
0.4,0.4,1.8,6.8,0.094
0.4,0.4,1.9,6.9,0.092
0.4,0.4,2.0,7.0,0.07
0.4,0.4,2.1,7.1,0.074
0.4,0.4,2.2,7.2,0.118
0.4,0.4,2.3,7.3,0.092
0.4,0.4,2.4,7.4,0.092
0.4,0.4,2.5,7.5,0.074
0.4,0.4,2.6,7.6,0.076
0.4,0.4,2.7,7.7,0.054
0.4,0.4,2.8,7.8,0.096
0.4,0.4,2.9,7.9,0.064
0.4,0.4,3.0,8.0,0.074
0.4,0.4,3.1,8.1,0.058
0.4,0.4,3.2,8.2,0.068
0.4,0.4,3.3,8.3,0.046
0.4,0.4,3.4,8.4,0.066
0.4,0.4,3.5,8.5,0.078
0.4,0.4,3.6,8.6,0.046
0.4,0.4,3.7,8.7,0.056
0.4,0.4,3.8,8.8,0.048
0.4,0.4,3.9,8.9,0.054
0.4,0.4,4.0,9.0,0.074
0.4,0.4,4.1,9.1,0.05
0.4,0.4,4.2,9.2,0.056
0.4,0.4,4.3,9.3,0.062
0.4,0.4,4.4,9.4,0.06
0.4,0.4,4.5,9.5,0.046
0.4,0.4,4.6,9.6,0.03
0.4,0.4,4.7,9.7,0.03
0.4,0.4,4.8,9.8,0.06
0.4,0.4,4.9,9.9,0.052
0.4,0.4,5.0,10.0,0.042
0.4,0.4,5.1,10.1,0.05
0.4,0.4,5.2,10.2,0.042
0.4,0.4,5.3,10.3,0.058
0.4,0.4,5.4,10.4,0.052
0.4,0.4,5.5,10.5,0.052
0.4,0.4,5.6,10.6,0.05
0.4,0.4,5.7,10.7,0.06
0.4,0.4,5.8,10.8,0.056
0.4,0.4,5.9,10.9,0.046
0.4,0.4,6.0,11.0,0.058
0.4,0.4,6.1,11.1,0.054
0.4,0.4,6.2,11.2,0.054
0.4,0.4,6.3,11.3,0.036
0.4,0.4,6.4,11.4,0.046
0.4,0.4,6.5,11.5,0.046
0.4,0.4,6.6,11.6,0.046
0.4,0.4,6.7,11.7,0.042
0.4,0.4,6.8,11.8,0.052
0.4,0.4,6.9,11.9,0.03
0.4,0.4,7.0,12.0,0.058
0.4,0.4,7.1,12.1,0.058
0.4,0.4,7.2,12.2,0.072
0.4,0.4,7.3,12.3,0.042
0.4,0.4,7.4,12.4,0.042
0.4,0.4,7.5,12.5,0.072
0.4,0.4,7.6,12.6,0.048
0.4,0.4,7.7,12.7,0.044
0.4,0.4,7.8,12.8,0.054
0.4,0.4,7.9,12.9,0.042
0.4,0.4,8.0,13.0,0.058
0.4,0.4,8.1,13.1,0.044
0.4,0.4,8.2,13.2,0.05
0.4,0.4,8.3,13.3,0.054
0.4,0.4,8.4,13.4,0.048
0.4,0.4,8.5,13.5,0.048
0.4,0.4,8.6,13.6,0.054
0.4,0.4,8.7,13.7,0.044
0.4,0.4,8.8,13.8,0.036
0.4,0.4,8.9,13.9,0.06
0.4,0.4,9.0,14.0,0.07
0.4,0.4,9.1,14.1,0.05
0.4,0.4,9.2,14.2,0.054
0.4,0.4,9.3,14.3,0.048
0.4,0.4,9.4,14.4,0.058
0.4,0.4,9.5,14.5,0.034
0.4,0.4,9.6,14.6,0.046
0.4,0.4,9.7,14.7,0.056
0.4,0.4,9.8,14.8,0.054
0.4,0.4,9.9,14.9,0.036
0.4,0.4,10.0,15.0,0.05
0.4,0.4,10.1,15.1,0.05
0.4,0.4,10.2,15.2,0.06
0.4,0.4,10.3,15.3,0.036
0.4,0.4,10.4,15.4,0.052
0.4,0.4,10.5,15.5,0.062
0.4,0.4,10.6,15.6,0.054
0.4,0.4,10.7,15.7,0.052
0.4,0.4,10.8,15.8,0.044
0.4,0.4,10.9,15.9,0.07
0.4,0.4,11.0,16.0,0.046
0.4,0.4,11.1,16.1,0.05
0.4,0.4,11.2,16.2,0.06
0.4,0.4,11.3,16.3,0.052
0.4,0.4,11.4,16.4,0.048
0.4,0.4,11.5,16.5,0.046
0.4,0.4,11.6,16.6,0.044
0.4,0.4,11.7,16.7,0.02
0.4,0.4,11.8,16.8,0.038
0.4,0.4,11.9,16.9,0.026
0.4,0.4,12.0,17.0,0.044
0.4,0.4,12.1,17.1,0.042
0.4,0.4,12.2,17.2,0.058
0.4,0.4,12.3,17.3,0.048
0.4,0.4,12.4,17.4,0.054
0.4,0.4,12.5,17.5,0.054
0.4,0.4,12.6,17.6,0.046
0.4,0.4,12.7,17.7,0.042
0.4,0.4,12.8,17.8,0.06
0.4,0.4,12.9,17.9,0.036
0.4,0.4,13.0,18.0,0.044
0.4,0.4,13.1,18.1,0.052
0.4,0.4,13.2,18.2,0.048
0.4,0.4,13.3,18.3,0.058
0.4,0.4,13.4,18.4,0.052
0.4,0.4,13.5,18.5,0.052
0.4,0.4,13.6,18.6,0.03
0.4,0.4,13.7,18.7,0.064
0.4,0.4,13.8,18.8,0.054
0.4,0.4,13.9,18.9,0.046
0.4,0.4,14.0,19.0,0.05
0.4,0.4,14.1,19.1,0.054
0.4,0.4,14.2,19.2,0.05
0.4,0.4,14.3,19.3,0.038
0.4,0.4,14.4,19.4,0.04
0.4,0.4,14.5,19.5,0.03
0.4,0.4,14.6,19.6,0.05
0.4,0.4,14.7,19.7,0.044
0.4,0.4,14.8,19.8,0.048
0.4,0.4,14.9,19.9,0.034
0.4,0.4,15.0,20.0,0.07
0.5,0.5,0.0,5.0,0.086
0.5,0.5,0.1,5.1,0.122
0.5,0.5,0.2,5.2,0.114
0.5,0.5,0.3,5.3,0.122
0.5,0.5,0.4,5.4,0.112
0.5,0.5,0.5,5.5,0.108
0.5,0.5,0.6,5.6,0.112
0.5,0.5,0.7,5.7,0.112
0.5,0.5,0.8,5.8,0.088
0.5,0.5,0.9,5.9,0.136
0.5,0.5,1.0,6.0,0.094
0.5,0.5,1.1,6.1,0.104
0.5,0.5,1.2,6.2,0.098
0.5,0.5,1.3,6.3,0.096
0.5,0.5,1.4,6.4,0.09
0.5,0.5,1.5,6.5,0.098
0.5,0.5,1.6,6.6,0.118
0.5,0.5,1.7,6.7,0.086
0.5,0.5,1.8,6.8,0.094
0.5,0.5,1.9,6.9,0.102
0.5,0.5,2.0,7.0,0.114
0.5,0.5,2.1,7.1,0.122
0.5,0.5,2.2,7.2,0.082
0.5,0.5,2.3,7.3,0.112
0.5,0.5,2.4,7.4,0.07
0.5,0.5,2.5,7.5,0.082
0.5,0.5,2.6,7.6,0.092
0.5,0.5,2.7,7.7,0.08
0.5,0.5,2.8,7.8,0.09
0.5,0.5,2.9,7.9,0.068
0.5,0.5,3.0,8.0,0.06
0.5,0.5,3.1,8.1,0.064
0.5,0.5,3.2,8.2,0.062
0.5,0.5,3.3,8.3,0.078
0.5,0.5,3.4,8.4,0.064
0.5,0.5,3.5,8.5,0.056
0.5,0.5,3.6,8.6,0.08
0.5,0.5,3.7,8.7,0.05
0.5,0.5,3.8,8.8,0.056
0.5,0.5,3.9,8.9,0.064
0.5,0.5,4.0,9.0,0.07
0.5,0.5,4.1,9.1,0.076
0.5,0.5,4.2,9.2,0.054
0.5,0.5,4.3,9.3,0.044
0.5,0.5,4.4,9.4,0.078
0.5,0.5,4.5,9.5,0.05
0.5,0.5,4.6,9.6,0.048
0.5,0.5,4.7,9.7,0.042
0.5,0.5,4.8,9.8,0.062
0.5,0.5,4.9,9.9,0.068
0.5,0.5,5.0,10.0,0.044
0.5,0.5,5.1,10.1,0.06
0.5,0.5,5.2,10.2,0.05
0.5,0.5,5.3,10.3,0.076
0.5,0.5,5.4,10.4,0.054
0.5,0.5,5.5,10.5,0.064
0.5,0.5,5.6,10.6,0.054
0.5,0.5,5.7,10.7,0.036
0.5,0.5,5.8,10.8,0.042
0.5,0.5,5.9,10.9,0.056
0.5,0.5,6.0,11.0,0.054
0.5,0.5,6.1,11.1,0.034
0.5,0.5,6.2,11.2,0.05
0.5,0.5,6.3,11.3,0.034
0.5,0.5,6.4,11.4,0.048
0.5,0.5,6.5,11.5,0.05
0.5,0.5,6.6,11.6,0.054
0.5,0.5,6.7,11.7,0.038
0.5,0.5,6.8,11.8,0.038
0.5,0.5,6.9,11.9,0.056
0.5,0.5,7.0,12.0,0.036
0.5,0.5,7.1,12.1,0.06
0.5,0.5,7.2,12.2,0.052
0.5,0.5,7.3,12.3,0.042
0.5,0.5,7.4,12.4,0.05
0.5,0.5,7.5,12.5,0.064
0.5,0.5,7.6,12.6,0.06
0.5,0.5,7.7,12.7,0.04
0.5,0.5,7.8,12.8,0.04
0.5,0.5,7.9,12.9,0.058
0.5,0.5,8.0,13.0,0.054
0.5,0.5,8.1,13.1,0.028
0.5,0.5,8.2,13.2,0.042
0.5,0.5,8.3,13.3,0.036
0.5,0.5,8.4,13.4,0.042
0.5,0.5,8.5,13.5,0.05
0.5,0.5,8.6,13.6,0.046
0.5,0.5,8.7,13.7,0.048
0.5,0.5,8.8,13.8,0.048
0.5,0.5,8.9,13.9,0.042
0.5,0.5,9.0,14.0,0.05
0.5,0.5,9.1,14.1,0.056
0.5,0.5,9.2,14.2,0.046
0.5,0.5,9.3,14.3,0.044
0.5,0.5,9.4,14.4,0.048
0.5,0.5,9.5,14.5,0.044
0.5,0.5,9.6,14.6,0.062
0.5,0.5,9.7,14.7,0.054
0.5,0.5,9.8,14.8,0.048
0.5,0.5,9.9,14.9,0.048
0.5,0.5,10.0,15.0,0.046
0.5,0.5,10.1,15.1,0.044
0.5,0.5,10.2,15.2,0.046
0.5,0.5,10.3,15.3,0.034
0.5,0.5,10.4,15.4,0.05
0.5,0.5,10.5,15.5,0.04
0.5,0.5,10.6,15.6,0.054
0.5,0.5,10.7,15.7,0.05
0.5,0.5,10.8,15.8,0.058
0.5,0.5,10.9,15.9,0.054
0.5,0.5,11.0,16.0,0.056
0.5,0.5,11.1,16.1,0.036
0.5,0.5,11.2,16.2,0.044
0.5,0.5,11.3,16.3,0.048
0.5,0.5,11.4,16.4,0.042
0.5,0.5,11.5,16.5,0.048
0.5,0.5,11.6,16.6,0.044
0.5,0.5,11.7,16.7,0.052
0.5,0.5,11.8,16.8,0.028
0.5,0.5,11.9,16.9,0.046
0.5,0.5,12.0,17.0,0.054
0.5,0.5,12.1,17.1,0.046
0.5,0.5,12.2,17.2,0.054
0.5,0.5,12.3,17.3,0.044
0.5,0.5,12.4,17.4,0.06
0.5,0.5,12.5,17.5,0.044
0.5,0.5,12.6,17.6,0.074
0.5,0.5,12.7,17.7,0.052
0.5,0.5,12.8,17.8,0.06
0.5,0.5,12.9,17.9,0.064
0.5,0.5,13.0,18.0,0.044
0.5,0.5,13.1,18.1,0.04
0.5,0.5,13.2,18.2,0.04
0.5,0.5,13.3,18.3,0.074
0.5,0.5,13.4,18.4,0.04
0.5,0.5,13.5,18.5,0.056
0.5,0.5,13.6,18.6,0.046
0.5,0.5,13.7,18.7,0.052
0.5,0.5,13.8,18.8,0.044
0.5,0.5,13.9,18.9,0.05
0.5,0.5,14.0,19.0,0.066
0.5,0.5,14.1,19.1,0.052
0.5,0.5,14.2,19.2,0.04
0.5,0.5,14.3,19.3,0.046
0.5,0.5,14.4,19.4,0.054
0.5,0.5,14.5,19.5,0.024
0.5,0.5,14.6,19.6,0.05
0.5,0.5,14.7,19.7,0.046
0.5,0.5,14.8,19.8,0.054
0.5,0.5,14.9,19.9,0.04
0.5,0.5,15.0,20.0,0.052
0.6,0.6,0.0,5.0,0.094
0.6,0.6,0.1,5.1,0.114
0.6,0.6,0.2,5.2,0.138
0.6,0.6,0.3,5.3,0.1
0.6,0.6,0.4,5.4,0.106
0.6,0.6,0.5,5.5,0.118
0.6,0.6,0.6,5.6,0.128
0.6,0.6,0.7,5.7,0.1
0.6,0.6,0.8,5.8,0.118
0.6,0.6,0.9,5.9,0.108
0.6,0.6,1.0,6.0,0.09
0.6,0.6,1.1,6.1,0.13
0.6,0.6,1.2,6.2,0.118
0.6,0.6,1.3,6.3,0.106
0.6,0.6,1.4,6.4,0.08
0.6,0.6,1.5,6.5,0.11
0.6,0.6,1.6,6.6,0.106
0.6,0.6,1.7,6.7,0.1
0.6,0.6,1.8,6.8,0.106
0.6,0.6,1.9,6.9,0.098
0.6,0.6,2.0,7.0,0.1
0.6,0.6,2.1,7.1,0.09
0.6,0.6,2.2,7.2,0.09
0.6,0.6,2.3,7.3,0.078
0.6,0.6,2.4,7.4,0.088
0.6,0.6,2.5,7.5,0.094
0.6,0.6,2.6,7.6,0.096
0.6,0.6,2.7,7.7,0.088
0.6,0.6,2.8,7.8,0.08
0.6,0.6,2.9,7.9,0.08
0.6,0.6,3.0,8.0,0.086
0.6,0.6,3.1,8.1,0.072
0.6,0.6,3.2,8.2,0.076
0.6,0.6,3.3,8.3,0.086
0.6,0.6,3.4,8.4,0.06
0.6,0.6,3.5,8.5,0.07
0.6,0.6,3.6,8.6,0.068
0.6,0.6,3.7,8.7,0.076
0.6,0.6,3.8,8.8,0.05
0.6,0.6,3.9,8.9,0.074
0.6,0.6,4.0,9.0,0.068
0.6,0.6,4.1,9.1,0.05
0.6,0.6,4.2,9.2,0.042
0.6,0.6,4.3,9.3,0.054
0.6,0.6,4.4,9.4,0.038
0.6,0.6,4.5,9.5,0.054
0.6,0.6,4.6,9.6,0.044
0.6,0.6,4.7,9.7,0.038
0.6,0.6,4.8,9.8,0.04
0.6,0.6,4.9,9.9,0.046
0.6,0.6,5.0,10.0,0.042
0.6,0.6,5.1,10.1,0.056
0.6,0.6,5.2,10.2,0.068
0.6,0.6,5.3,10.3,0.038
0.6,0.6,5.4,10.4,0.046
0.6,0.6,5.5,10.5,0.05
0.6,0.6,5.6,10.6,0.036
0.6,0.6,5.7,10.7,0.042
0.6,0.6,5.8,10.8,0.056
0.6,0.6,5.9,10.9,0.062
0.6,0.6,6.0,11.0,0.05
0.6,0.6,6.1,11.1,0.044
0.6,0.6,6.2,11.2,0.052
0.6,0.6,6.3,11.3,0.046
0.6,0.6,6.4,11.4,0.056
0.6,0.6,6.5,11.5,0.038
0.6,0.6,6.6,11.6,0.044
0.6,0.6,6.7,11.7,0.054
0.6,0.6,6.8,11.8,0.05
0.6,0.6,6.9,11.9,0.054
0.6,0.6,7.0,12.0,0.034
0.6,0.6,7.1,12.1,0.04
0.6,0.6,7.2,12.2,0.064
0.6,0.6,7.3,12.3,0.036
0.6,0.6,7.4,12.4,0.058
0.6,0.6,7.5,12.5,0.054
0.6,0.6,7.6,12.6,0.048
0.6,0.6,7.7,12.7,0.058
0.6,0.6,7.8,12.8,0.04
0.6,0.6,7.9,12.9,0.06
0.6,0.6,8.0,13.0,0.072
0.6,0.6,8.1,13.1,0.052
0.6,0.6,8.2,13.2,0.06
0.6,0.6,8.3,13.3,0.056
0.6,0.6,8.4,13.4,0.05
0.6,0.6,8.5,13.5,0.044
0.6,0.6,8.6,13.6,0.038
0.6,0.6,8.7,13.7,0.06
0.6,0.6,8.8,13.8,0.05
0.6,0.6,8.9,13.9,0.05
0.6,0.6,9.0,14.0,0.056
0.6,0.6,9.1,14.1,0.06
0.6,0.6,9.2,14.2,0.044
0.6,0.6,9.3,14.3,0.046
0.6,0.6,9.4,14.4,0.046
0.6,0.6,9.5,14.5,0.046
0.6,0.6,9.6,14.6,0.052
0.6,0.6,9.7,14.7,0.068
0.6,0.6,9.8,14.8,0.056
0.6,0.6,9.9,14.9,0.042
0.6,0.6,10.0,15.0,0.044
0.6,0.6,10.1,15.1,0.058
0.6,0.6,10.2,15.2,0.042
0.6,0.6,10.3,15.3,0.05
0.6,0.6,10.4,15.4,0.046
0.6,0.6,10.5,15.5,0.036
0.6,0.6,10.6,15.6,0.06
0.6,0.6,10.7,15.7,0.052
0.6,0.6,10.8,15.8,0.044
0.6,0.6,10.9,15.9,0.046
0.6,0.6,11.0,16.0,0.04
0.6,0.6,11.1,16.1,0.052
0.6,0.6,11.2,16.2,0.05
0.6,0.6,11.3,16.3,0.058
0.6,0.6,11.4,16.4,0.042
0.6,0.6,11.5,16.5,0.066
0.6,0.6,11.6,16.6,0.05
0.6,0.6,11.7,16.7,0.05
0.6,0.6,11.8,16.8,0.052
0.6,0.6,11.9,16.9,0.066
0.6,0.6,12.0,17.0,0.046
0.6,0.6,12.1,17.1,0.044
0.6,0.6,12.2,17.2,0.048
0.6,0.6,12.3,17.3,0.058
0.6,0.6,12.4,17.4,0.05
0.6,0.6,12.5,17.5,0.036
0.6,0.6,12.6,17.6,0.076
0.6,0.6,12.7,17.7,0.026
0.6,0.6,12.8,17.8,0.036
0.6,0.6,12.9,17.9,0.05
0.6,0.6,13.0,18.0,0.054
0.6,0.6,13.1,18.1,0.05
0.6,0.6,13.2,18.2,0.038
0.6,0.6,13.3,18.3,0.058
0.6,0.6,13.4,18.4,0.048
0.6,0.6,13.5,18.5,0.042
0.6,0.6,13.6,18.6,0.05
0.6,0.6,13.7,18.7,0.032
0.6,0.6,13.8,18.8,0.048
0.6,0.6,13.9,18.9,0.044
0.6,0.6,14.0,19.0,0.048
0.6,0.6,14.1,19.1,0.066
0.6,0.6,14.2,19.2,0.058
0.6,0.6,14.3,19.3,0.038
0.6,0.6,14.4,19.4,0.048
0.6,0.6,14.5,19.5,0.042
0.6,0.6,14.6,19.6,0.038
0.6,0.6,14.7,19.7,0.062
0.6,0.6,14.8,19.8,0.042
0.6,0.6,14.9,19.9,0.052
0.6,0.6,15.0,20.0,0.04
0.7,0.7,0.0,5.0,0.12
0.7,0.7,0.1,5.1,0.114
0.7,0.7,0.2,5.2,0.142
0.7,0.7,0.3,5.3,0.1
0.7,0.7,0.4,5.4,0.126
0.7,0.7,0.5,5.5,0.132
0.7,0.7,0.6,5.6,0.14
0.7,0.7,0.7,5.7,0.088
0.7,0.7,0.8,5.8,0.118
0.7,0.7,0.9,5.9,0.116
0.7,0.7,1.0,6.0,0.102
0.7,0.7,1.1,6.1,0.104
0.7,0.7,1.2,6.2,0.094
0.7,0.7,1.3,6.3,0.122
0.7,0.7,1.4,6.4,0.096
0.7,0.7,1.5,6.5,0.12
0.7,0.7,1.6,6.6,0.096
0.7,0.7,1.7,6.7,0.098
0.7,0.7,1.8,6.8,0.114
0.7,0.7,1.9,6.9,0.094
0.7,0.7,2.0,7.0,0.102
0.7,0.7,2.1,7.1,0.098
0.7,0.7,2.2,7.2,0.098
0.7,0.7,2.3,7.3,0.088
0.7,0.7,2.4,7.4,0.1
0.7,0.7,2.5,7.5,0.084
0.7,0.7,2.6,7.6,0.066
0.7,0.7,2.7,7.7,0.072
0.7,0.7,2.8,7.8,0.08
0.7,0.7,2.9,7.9,0.068
0.7,0.7,3.0,8.0,0.082
0.7,0.7,3.1,8.1,0.078
0.7,0.7,3.2,8.2,0.084
0.7,0.7,3.3,8.3,0.082
0.7,0.7,3.4,8.4,0.076
0.7,0.7,3.5,8.5,0.06
0.7,0.7,3.6,8.6,0.07
0.7,0.7,3.7,8.7,0.062
0.7,0.7,3.8,8.8,0.05
0.7,0.7,3.9,8.9,0.094
0.7,0.7,4.0,9.0,0.054
0.7,0.7,4.1,9.1,0.04
0.7,0.7,4.2,9.2,0.066
0.7,0.7,4.3,9.3,0.05
0.7,0.7,4.4,9.4,0.03
0.7,0.7,4.5,9.5,0.064
0.7,0.7,4.6,9.6,0.046
0.7,0.7,4.7,9.7,0.062
0.7,0.7,4.8,9.8,0.05
0.7,0.7,4.9,9.9,0.054
0.7,0.7,5.0,10.0,0.04
0.7,0.7,5.1,10.1,0.05
0.7,0.7,5.2,10.2,0.056
0.7,0.7,5.3,10.3,0.046
0.7,0.7,5.4,10.4,0.048
0.7,0.7,5.5,10.5,0.062
0.7,0.7,5.6,10.6,0.05
0.7,0.7,5.7,10.7,0.052
0.7,0.7,5.8,10.8,0.048
0.7,0.7,5.9,10.9,0.054
0.7,0.7,6.0,11.0,0.048
0.7,0.7,6.1,11.1,0.062
0.7,0.7,6.2,11.2,0.046
0.7,0.7,6.3,11.3,0.034
0.7,0.7,6.4,11.4,0.046
0.7,0.7,6.5,11.5,0.05
0.7,0.7,6.6,11.6,0.068
0.7,0.7,6.7,11.7,0.048
0.7,0.7,6.8,11.8,0.048
0.7,0.7,6.9,11.9,0.04
0.7,0.7,7.0,12.0,0.054
0.7,0.7,7.1,12.1,0.05
0.7,0.7,7.2,12.2,0.068
0.7,0.7,7.3,12.3,0.036
0.7,0.7,7.4,12.4,0.042
0.7,0.7,7.5,12.5,0.064
0.7,0.7,7.6,12.6,0.054
0.7,0.7,7.7,12.7,0.064
0.7,0.7,7.8,12.8,0.056
0.7,0.7,7.9,12.9,0.056
0.7,0.7,8.0,13.0,0.048
0.7,0.7,8.1,13.1,0.056
0.7,0.7,8.2,13.2,0.05
0.7,0.7,8.3,13.3,0.058
0.7,0.7,8.4,13.4,0.06
0.7,0.7,8.5,13.5,0.052
0.7,0.7,8.6,13.6,0.04
0.7,0.7,8.7,13.7,0.056
0.7,0.7,8.8,13.8,0.062
0.7,0.7,8.9,13.9,0.046
0.7,0.7,9.0,14.0,0.052
0.7,0.7,9.1,14.1,0.046
0.7,0.7,9.2,14.2,0.052
0.7,0.7,9.3,14.3,0.062
0.7,0.7,9.4,14.4,0.034
0.7,0.7,9.5,14.5,0.058
0.7,0.7,9.6,14.6,0.046
0.7,0.7,9.7,14.7,0.046
0.7,0.7,9.8,14.8,0.042
0.7,0.7,9.9,14.9,0.052
0.7,0.7,10.0,15.0,0.06
0.7,0.7,10.1,15.1,0.056
0.7,0.7,10.2,15.2,0.058
0.7,0.7,10.3,15.3,0.072
0.7,0.7,10.4,15.4,0.052
0.7,0.7,10.5,15.5,0.066
0.7,0.7,10.6,15.6,0.06
0.7,0.7,10.7,15.7,0.034
0.7,0.7,10.8,15.8,0.052
0.7,0.7,10.9,15.9,0.052
0.7,0.7,11.0,16.0,0.038
0.7,0.7,11.1,16.1,0.046
0.7,0.7,11.2,16.2,0.048
0.7,0.7,11.3,16.3,0.05
0.7,0.7,11.4,16.4,0.04
0.7,0.7,11.5,16.5,0.04
0.7,0.7,11.6,16.6,0.054
0.7,0.7,11.7,16.7,0.05
0.7,0.7,11.8,16.8,0.036
0.7,0.7,11.9,16.9,0.064
0.7,0.7,12.0,17.0,0.032
0.7,0.7,12.1,17.1,0.054
0.7,0.7,12.2,17.2,0.042
0.7,0.7,12.3,17.3,0.054
0.7,0.7,12.4,17.4,0.044
0.7,0.7,12.5,17.5,0.042
0.7,0.7,12.6,17.6,0.034
0.7,0.7,12.7,17.7,0.052
0.7,0.7,12.8,17.8,0.042
0.7,0.7,12.9,17.9,0.058
0.7,0.7,13.0,18.0,0.04
0.7,0.7,13.1,18.1,0.03
0.7,0.7,13.2,18.2,0.03
0.7,0.7,13.3,18.3,0.036
0.7,0.7,13.4,18.4,0.044
0.7,0.7,13.5,18.5,0.044
0.7,0.7,13.6,18.6,0.046
0.7,0.7,13.7,18.7,0.054
0.7,0.7,13.8,18.8,0.04
0.7,0.7,13.9,18.9,0.044
0.7,0.7,14.0,19.0,0.058
0.7,0.7,14.1,19.1,0.072
0.7,0.7,14.2,19.2,0.042
0.7,0.7,14.3,19.3,0.054
0.7,0.7,14.4,19.4,0.058
0.7,0.7,14.5,19.5,0.066
0.7,0.7,14.6,19.6,0.062
0.7,0.7,14.7,19.7,0.062
0.7,0.7,14.8,19.8,0.046
0.7,0.7,14.9,19.9,0.038
0.7,0.7,15.0,20.0,0.042
0.8,0.8,0.0,5.0,0.116
0.8,0.8,0.1,5.1,0.098
0.8,0.8,0.2,5.2,0.11
0.8,0.8,0.3,5.3,0.126
0.8,0.8,0.4,5.4,0.142
0.8,0.8,0.5,5.5,0.112
0.8,0.8,0.6,5.6,0.102
0.8,0.8,0.7,5.7,0.108
0.8,0.8,0.8,5.8,0.126
0.8,0.8,0.9,5.9,0.084
0.8,0.8,1.0,6.0,0.08
0.8,0.8,1.1,6.1,0.108
0.8,0.8,1.2,6.2,0.094
0.8,0.8,1.3,6.3,0.112
0.8,0.8,1.4,6.4,0.118
0.8,0.8,1.5,6.5,0.116
0.8,0.8,1.6,6.6,0.092
0.8,0.8,1.7,6.7,0.082
0.8,0.8,1.8,6.8,0.09
0.8,0.8,1.9,6.9,0.114
0.8,0.8,2.0,7.0,0.086
0.8,0.8,2.1,7.1,0.092
0.8,0.8,2.2,7.2,0.122
0.8,0.8,2.3,7.3,0.086
0.8,0.8,2.4,7.4,0.098
0.8,0.8,2.5,7.5,0.092
0.8,0.8,2.6,7.6,0.082
0.8,0.8,2.7,7.7,0.072
0.8,0.8,2.8,7.8,0.098
0.8,0.8,2.9,7.9,0.082
0.8,0.8,3.0,8.0,0.054
0.8,0.8,3.1,8.1,0.06
0.8,0.8,3.2,8.2,0.066
0.8,0.8,3.3,8.3,0.074
0.8,0.8,3.4,8.4,0.094
0.8,0.8,3.5,8.5,0.07
0.8,0.8,3.6,8.6,0.056
0.8,0.8,3.7,8.7,0.074
0.8,0.8,3.8,8.8,0.062
0.8,0.8,3.9,8.9,0.062
0.8,0.8,4.0,9.0,0.066
0.8,0.8,4.1,9.1,0.056
0.8,0.8,4.2,9.2,0.052
0.8,0.8,4.3,9.3,0.058
0.8,0.8,4.4,9.4,0.044
0.8,0.8,4.5,9.5,0.054
0.8,0.8,4.6,9.6,0.06
0.8,0.8,4.7,9.7,0.042
0.8,0.8,4.8,9.8,0.036
0.8,0.8,4.9,9.9,0.056
0.8,0.8,5.0,10.0,0.062
0.8,0.8,5.1,10.1,0.042
0.8,0.8,5.2,10.2,0.066
0.8,0.8,5.3,10.3,0.042
0.8,0.8,5.4,10.4,0.048
0.8,0.8,5.5,10.5,0.044
0.8,0.8,5.6,10.6,0.056
0.8,0.8,5.7,10.7,0.042
0.8,0.8,5.8,10.8,0.044
0.8,0.8,5.9,10.9,0.05
0.8,0.8,6.0,11.0,0.064
0.8,0.8,6.1,11.1,0.052
0.8,0.8,6.2,11.2,0.044
0.8,0.8,6.3,11.3,0.042
0.8,0.8,6.4,11.4,0.04
0.8,0.8,6.5,11.5,0.062
0.8,0.8,6.6,11.6,0.042
0.8,0.8,6.7,11.7,0.048
0.8,0.8,6.8,11.8,0.054
0.8,0.8,6.9,11.9,0.062
0.8,0.8,7.0,12.0,0.032
0.8,0.8,7.1,12.1,0.038
0.8,0.8,7.2,12.2,0.06
0.8,0.8,7.3,12.3,0.052
0.8,0.8,7.4,12.4,0.026
0.8,0.8,7.5,12.5,0.062
0.8,0.8,7.6,12.6,0.06
0.8,0.8,7.7,12.7,0.052
0.8,0.8,7.8,12.8,0.03
0.8,0.8,7.9,12.9,0.038
0.8,0.8,8.0,13.0,0.05
0.8,0.8,8.1,13.1,0.046
0.8,0.8,8.2,13.2,0.046
0.8,0.8,8.3,13.3,0.042
0.8,0.8,8.4,13.4,0.042
0.8,0.8,8.5,13.5,0.054
0.8,0.8,8.6,13.6,0.05
0.8,0.8,8.7,13.7,0.044
0.8,0.8,8.8,13.8,0.03
0.8,0.8,8.9,13.9,0.048
0.8,0.8,9.0,14.0,0.038
0.8,0.8,9.1,14.1,0.046
0.8,0.8,9.2,14.2,0.048
0.8,0.8,9.3,14.3,0.04
0.8,0.8,9.4,14.4,0.054
0.8,0.8,9.5,14.5,0.068
0.8,0.8,9.6,14.6,0.048
0.8,0.8,9.7,14.7,0.054
0.8,0.8,9.8,14.8,0.05
0.8,0.8,9.9,14.9,0.04
0.8,0.8,10.0,15.0,0.048
0.8,0.8,10.1,15.1,0.062
0.8,0.8,10.2,15.2,0.056
0.8,0.8,10.3,15.3,0.054
0.8,0.8,10.4,15.4,0.044
0.8,0.8,10.5,15.5,0.046
0.8,0.8,10.6,15.6,0.04
0.8,0.8,10.7,15.7,0.048
0.8,0.8,10.8,15.8,0.04
0.8,0.8,10.9,15.9,0.06
0.8,0.8,11.0,16.0,0.042
0.8,0.8,11.1,16.1,0.074
0.8,0.8,11.2,16.2,0.064
0.8,0.8,11.3,16.3,0.04
0.8,0.8,11.4,16.4,0.05
0.8,0.8,11.5,16.5,0.054
0.8,0.8,11.6,16.6,0.058
0.8,0.8,11.7,16.7,0.036
0.8,0.8,11.8,16.8,0.036
0.8,0.8,11.9,16.9,0.044
0.8,0.8,12.0,17.0,0.048
0.8,0.8,12.1,17.1,0.048
0.8,0.8,12.2,17.2,0.056
0.8,0.8,12.3,17.3,0.046
0.8,0.8,12.4,17.4,0.044
0.8,0.8,12.5,17.5,0.06
0.8,0.8,12.6,17.6,0.058
0.8,0.8,12.7,17.7,0.05
0.8,0.8,12.8,17.8,0.04
0.8,0.8,12.9,17.9,0.056
0.8,0.8,13.0,18.0,0.052
0.8,0.8,13.1,18.1,0.054
0.8,0.8,13.2,18.2,0.058
0.8,0.8,13.3,18.3,0.032
0.8,0.8,13.4,18.4,0.058
0.8,0.8,13.5,18.5,0.04
0.8,0.8,13.6,18.6,0.044
0.8,0.8,13.7,18.7,0.05
0.8,0.8,13.8,18.8,0.052
0.8,0.8,13.9,18.9,0.048
0.8,0.8,14.0,19.0,0.062
0.8,0.8,14.1,19.1,0.046
0.8,0.8,14.2,19.2,0.074
0.8,0.8,14.3,19.3,0.06
0.8,0.8,14.4,19.4,0.036
0.8,0.8,14.5,19.5,0.044
0.8,0.8,14.6,19.6,0.054
0.8,0.8,14.7,19.7,0.044
0.8,0.8,14.8,19.8,0.062
0.8,0.8,14.9,19.9,0.044
0.8,0.8,15.0,20.0,0.046
0.9,0.9,0.0,5.0,0.138
0.9,0.9,0.1,5.1,0.104
0.9,0.9,0.2,5.2,0.118
0.9,0.9,0.3,5.3,0.102
0.9,0.9,0.4,5.4,0.104
0.9,0.9,0.5,5.5,0.078
0.9,0.9,0.6,5.6,0.116
0.9,0.9,0.7,5.7,0.112
0.9,0.9,0.8,5.8,0.096
0.9,0.9,0.9,5.9,0.1
0.9,0.9,1.0,6.0,0.102
0.9,0.9,1.1,6.1,0.088
0.9,0.9,1.2,6.2,0.082
0.9,0.9,1.3,6.3,0.102
0.9,0.9,1.4,6.4,0.082
0.9,0.9,1.5,6.5,0.1
0.9,0.9,1.6,6.6,0.08
0.9,0.9,1.7,6.7,0.114
0.9,0.9,1.8,6.8,0.094
0.9,0.9,1.9,6.9,0.074
0.9,0.9,2.0,7.0,0.094
0.9,0.9,2.1,7.1,0.102
0.9,0.9,2.2,7.2,0.076
0.9,0.9,2.3,7.3,0.084
0.9,0.9,2.4,7.4,0.062
0.9,0.9,2.5,7.5,0.1
0.9,0.9,2.6,7.6,0.09
0.9,0.9,2.7,7.7,0.084
0.9,0.9,2.8,7.8,0.09
0.9,0.9,2.9,7.9,0.074
0.9,0.9,3.0,8.0,0.094
0.9,0.9,3.1,8.1,0.09
0.9,0.9,3.2,8.2,0.106
0.9,0.9,3.3,8.3,0.08
0.9,0.9,3.4,8.4,0.08
0.9,0.9,3.5,8.5,0.054
0.9,0.9,3.6,8.6,0.072
0.9,0.9,3.7,8.7,0.068
0.9,0.9,3.8,8.8,0.078
0.9,0.9,3.9,8.9,0.064
0.9,0.9,4.0,9.0,0.074
0.9,0.9,4.1,9.1,0.062
0.9,0.9,4.2,9.2,0.032
0.9,0.9,4.3,9.3,0.06
0.9,0.9,4.4,9.4,0.046
0.9,0.9,4.5,9.5,0.05
0.9,0.9,4.6,9.6,0.056
0.9,0.9,4.7,9.7,0.048
0.9,0.9,4.8,9.8,0.06
0.9,0.9,4.9,9.9,0.046
0.9,0.9,5.0,10.0,0.056
0.9,0.9,5.1,10.1,0.044
0.9,0.9,5.2,10.2,0.04
0.9,0.9,5.3,10.3,0.038
0.9,0.9,5.4,10.4,0.056
0.9,0.9,5.5,10.5,0.03
0.9,0.9,5.6,10.6,0.046
0.9,0.9,5.7,10.7,0.048
0.9,0.9,5.8,10.8,0.04
0.9,0.9,5.9,10.9,0.052
0.9,0.9,6.0,11.0,0.058
0.9,0.9,6.1,11.1,0.034
0.9,0.9,6.2,11.2,0.048
0.9,0.9,6.3,11.3,0.048
0.9,0.9,6.4,11.4,0.06
0.9,0.9,6.5,11.5,0.024
0.9,0.9,6.6,11.6,0.048
0.9,0.9,6.7,11.7,0.048
0.9,0.9,6.8,11.8,0.072
0.9,0.9,6.9,11.9,0.044
0.9,0.9,7.0,12.0,0.058
0.9,0.9,7.1,12.1,0.052
0.9,0.9,7.2,12.2,0.036
0.9,0.9,7.3,12.3,0.052
0.9,0.9,7.4,12.4,0.046
0.9,0.9,7.5,12.5,0.062
0.9,0.9,7.6,12.6,0.064
0.9,0.9,7.7,12.7,0.05
0.9,0.9,7.8,12.8,0.056
0.9,0.9,7.9,12.9,0.056
0.9,0.9,8.0,13.0,0.046
0.9,0.9,8.1,13.1,0.056
0.9,0.9,8.2,13.2,0.05
0.9,0.9,8.3,13.3,0.044
0.9,0.9,8.4,13.4,0.044
0.9,0.9,8.5,13.5,0.062
0.9,0.9,8.6,13.6,0.05
0.9,0.9,8.7,13.7,0.044
0.9,0.9,8.8,13.8,0.042
0.9,0.9,8.9,13.9,0.056
0.9,0.9,9.0,14.0,0.046
0.9,0.9,9.1,14.1,0.044
0.9,0.9,9.2,14.2,0.05
0.9,0.9,9.3,14.3,0.04
0.9,0.9,9.4,14.4,0.046
0.9,0.9,9.5,14.5,0.038
0.9,0.9,9.6,14.6,0.052
0.9,0.9,9.7,14.7,0.05
0.9,0.9,9.8,14.8,0.05
0.9,0.9,9.9,14.9,0.062
0.9,0.9,10.0,15.0,0.038
0.9,0.9,10.1,15.1,0.044
0.9,0.9,10.2,15.2,0.042
0.9,0.9,10.3,15.3,0.04
0.9,0.9,10.4,15.4,0.042
0.9,0.9,10.5,15.5,0.038
0.9,0.9,10.6,15.6,0.056
0.9,0.9,10.7,15.7,0.038
0.9,0.9,10.8,15.8,0.038
0.9,0.9,10.9,15.9,0.036
0.9,0.9,11.0,16.0,0.054
0.9,0.9,11.1,16.1,0.056
0.9,0.9,11.2,16.2,0.062
0.9,0.9,11.3,16.3,0.048
0.9,0.9,11.4,16.4,0.056
0.9,0.9,11.5,16.5,0.04
0.9,0.9,11.6,16.6,0.062
0.9,0.9,11.7,16.7,0.048
0.9,0.9,11.8,16.8,0.044
0.9,0.9,11.9,16.9,0.046
0.9,0.9,12.0,17.0,0.04
0.9,0.9,12.1,17.1,0.04
0.9,0.9,12.2,17.2,0.08
0.9,0.9,12.3,17.3,0.046
0.9,0.9,12.4,17.4,0.07
0.9,0.9,12.5,17.5,0.052
0.9,0.9,12.6,17.6,0.05
0.9,0.9,12.7,17.7,0.054
0.9,0.9,12.8,17.8,0.048
0.9,0.9,12.9,17.9,0.05
0.9,0.9,13.0,18.0,0.064
0.9,0.9,13.1,18.1,0.05
0.9,0.9,13.2,18.2,0.062
0.9,0.9,13.3,18.3,0.05
0.9,0.9,13.4,18.4,0.048
0.9,0.9,13.5,18.5,0.044
0.9,0.9,13.6,18.6,0.064
0.9,0.9,13.7,18.7,0.036
0.9,0.9,13.8,18.8,0.042
0.9,0.9,13.9,18.9,0.054
0.9,0.9,14.0,19.0,0.05
0.9,0.9,14.1,19.1,0.052
0.9,0.9,14.2,19.2,0.04
0.9,0.9,14.3,19.3,0.054
0.9,0.9,14.4,19.4,0.046
0.9,0.9,14.5,19.5,0.048
0.9,0.9,14.6,19.6,0.038
0.9,0.9,14.7,19.7,0.06
0.9,0.9,14.8,19.8,0.07
0.9,0.9,14.9,19.9,0.052
0.9,0.9,15.0,20.0,0.032
1.0,1.0,0.0,5.0,0.102
1.0,1.0,0.1,5.1,0.124
1.0,1.0,0.2,5.2,0.112
1.0,1.0,0.3,5.3,0.092
1.0,1.0,0.4,5.4,0.142
1.0,1.0,0.5,5.5,0.114
1.0,1.0,0.6,5.6,0.112
1.0,1.0,0.7,5.7,0.086
1.0,1.0,0.8,5.8,0.112
1.0,1.0,0.9,5.9,0.098
1.0,1.0,1.0,6.0,0.094
1.0,1.0,1.1,6.1,0.082
1.0,1.0,1.2,6.2,0.108
1.0,1.0,1.3,6.3,0.092
1.0,1.0,1.4,6.4,0.09
1.0,1.0,1.5,6.5,0.1
1.0,1.0,1.6,6.6,0.092
1.0,1.0,1.7,6.7,0.098
1.0,1.0,1.8,6.8,0.1
1.0,1.0,1.9,6.9,0.116
1.0,1.0,2.0,7.0,0.09
1.0,1.0,2.1,7.1,0.1
1.0,1.0,2.2,7.2,0.096
1.0,1.0,2.3,7.3,0.126
1.0,1.0,2.4,7.4,0.106
1.0,1.0,2.5,7.5,0.104
1.0,1.0,2.6,7.6,0.114
1.0,1.0,2.7,7.7,0.086
1.0,1.0,2.8,7.8,0.078
1.0,1.0,2.9,7.9,0.056
1.0,1.0,3.0,8.0,0.062
1.0,1.0,3.1,8.1,0.08
1.0,1.0,3.2,8.2,0.086
1.0,1.0,3.3,8.3,0.08
1.0,1.0,3.4,8.4,0.066
1.0,1.0,3.5,8.5,0.09
1.0,1.0,3.6,8.6,0.084
1.0,1.0,3.7,8.7,0.06
1.0,1.0,3.8,8.8,0.058
1.0,1.0,3.9,8.9,0.042
1.0,1.0,4.0,9.0,0.068
1.0,1.0,4.1,9.1,0.06
1.0,1.0,4.2,9.2,0.092
1.0,1.0,4.3,9.3,0.052
1.0,1.0,4.4,9.4,0.054
1.0,1.0,4.5,9.5,0.06
1.0,1.0,4.6,9.6,0.068
1.0,1.0,4.7,9.7,0.054
1.0,1.0,4.8,9.8,0.056
1.0,1.0,4.9,9.9,0.044
1.0,1.0,5.0,10.0,0.062
1.0,1.0,5.1,10.1,0.062
1.0,1.0,5.2,10.2,0.05
1.0,1.0,5.3,10.3,0.06
1.0,1.0,5.4,10.4,0.056
1.0,1.0,5.5,10.5,0.044
1.0,1.0,5.6,10.6,0.042
1.0,1.0,5.7,10.7,0.038
1.0,1.0,5.8,10.8,0.056
1.0,1.0,5.9,10.9,0.044
1.0,1.0,6.0,11.0,0.038
1.0,1.0,6.1,11.1,0.072
1.0,1.0,6.2,11.2,0.048
1.0,1.0,6.3,11.3,0.068
1.0,1.0,6.4,11.4,0.052
1.0,1.0,6.5,11.5,0.054
1.0,1.0,6.6,11.6,0.052
1.0,1.0,6.7,11.7,0.042
1.0,1.0,6.8,11.8,0.046
1.0,1.0,6.9,11.9,0.044
1.0,1.0,7.0,12.0,0.042
1.0,1.0,7.1,12.1,0.048
1.0,1.0,7.2,12.2,0.046
1.0,1.0,7.3,12.3,0.05
1.0,1.0,7.4,12.4,0.044
1.0,1.0,7.5,12.5,0.05
1.0,1.0,7.6,12.6,0.07
1.0,1.0,7.7,12.7,0.052
1.0,1.0,7.8,12.8,0.042
1.0,1.0,7.9,12.9,0.048
1.0,1.0,8.0,13.0,0.05
1.0,1.0,8.1,13.1,0.04
1.0,1.0,8.2,13.2,0.036
1.0,1.0,8.3,13.3,0.058
1.0,1.0,8.4,13.4,0.05
1.0,1.0,8.5,13.5,0.036
1.0,1.0,8.6,13.6,0.046
1.0,1.0,8.7,13.7,0.054
1.0,1.0,8.8,13.8,0.06
1.0,1.0,8.9,13.9,0.064
1.0,1.0,9.0,14.0,0.054
1.0,1.0,9.1,14.1,0.05
1.0,1.0,9.2,14.2,0.054
1.0,1.0,9.3,14.3,0.066
1.0,1.0,9.4,14.4,0.054
1.0,1.0,9.5,14.5,0.058
1.0,1.0,9.6,14.6,0.07
1.0,1.0,9.7,14.7,0.038
1.0,1.0,9.8,14.8,0.06
1.0,1.0,9.9,14.9,0.054
1.0,1.0,10.0,15.0,0.038
1.0,1.0,10.1,15.1,0.034
1.0,1.0,10.2,15.2,0.054
1.0,1.0,10.3,15.3,0.056
1.0,1.0,10.4,15.4,0.054
1.0,1.0,10.5,15.5,0.074
1.0,1.0,10.6,15.6,0.068
1.0,1.0,10.7,15.7,0.028
1.0,1.0,10.8,15.8,0.028
1.0,1.0,10.9,15.9,0.03
1.0,1.0,11.0,16.0,0.048
1.0,1.0,11.1,16.1,0.062
1.0,1.0,11.2,16.2,0.046
1.0,1.0,11.3,16.3,0.05
1.0,1.0,11.4,16.4,0.034
1.0,1.0,11.5,16.5,0.052
1.0,1.0,11.6,16.6,0.046
1.0,1.0,11.7,16.7,0.034
1.0,1.0,11.8,16.8,0.052
1.0,1.0,11.9,16.9,0.05
1.0,1.0,12.0,17.0,0.05
1.0,1.0,12.1,17.1,0.042
1.0,1.0,12.2,17.2,0.04
1.0,1.0,12.3,17.3,0.076
1.0,1.0,12.4,17.4,0.066
1.0,1.0,12.5,17.5,0.068
1.0,1.0,12.6,17.6,0.048
1.0,1.0,12.7,17.7,0.038
1.0,1.0,12.8,17.8,0.042
1.0,1.0,12.9,17.9,0.05
1.0,1.0,13.0,18.0,0.066
1.0,1.0,13.1,18.1,0.052
1.0,1.0,13.2,18.2,0.04
1.0,1.0,13.3,18.3,0.064
1.0,1.0,13.4,18.4,0.05
1.0,1.0,13.5,18.5,0.06
1.0,1.0,13.6,18.6,0.044
1.0,1.0,13.7,18.7,0.046
1.0,1.0,13.8,18.8,0.058
1.0,1.0,13.9,18.9,0.07
1.0,1.0,14.0,19.0,0.058
1.0,1.0,14.1,19.1,0.05
1.0,1.0,14.2,19.2,0.068
1.0,1.0,14.3,19.3,0.074
1.0,1.0,14.4,19.4,0.06
1.0,1.0,14.5,19.5,0.054
1.0,1.0,14.6,19.6,0.054
1.0,1.0,14.7,19.7,0.064
1.0,1.0,14.8,19.8,0.044
1.0,1.0,14.9,19.9,0.072
1.0,1.0,15.0,20.0,0.058
1.1,1.1,0.0,5.0,0.12
1.1,1.1,0.1,5.1,0.128
1.1,1.1,0.2,5.2,0.142
1.1,1.1,0.3,5.3,0.11
1.1,1.1,0.4,5.4,0.13
1.1,1.1,0.5,5.5,0.1
1.1,1.1,0.6,5.6,0.126
1.1,1.1,0.7,5.7,0.106
1.1,1.1,0.8,5.8,0.114
1.1,1.1,0.9,5.9,0.072
1.1,1.1,1.0,6.0,0.1
1.1,1.1,1.1,6.1,0.106
1.1,1.1,1.2,6.2,0.096
1.1,1.1,1.3,6.3,0.112
1.1,1.1,1.4,6.4,0.096
1.1,1.1,1.5,6.5,0.112
1.1,1.1,1.6,6.6,0.086
1.1,1.1,1.7,6.7,0.098
1.1,1.1,1.8,6.8,0.112
1.1,1.1,1.9,6.9,0.094
1.1,1.1,2.0,7.0,0.088
1.1,1.1,2.1,7.1,0.116
1.1,1.1,2.2,7.2,0.09
1.1,1.1,2.3,7.3,0.112
1.1,1.1,2.4,7.4,0.094
1.1,1.1,2.5,7.5,0.094
1.1,1.1,2.6,7.6,0.074
1.1,1.1,2.7,7.7,0.072
1.1,1.1,2.8,7.8,0.08
1.1,1.1,2.9,7.9,0.09
1.1,1.1,3.0,8.0,0.066
1.1,1.1,3.1,8.1,0.096
1.1,1.1,3.2,8.2,0.076
1.1,1.1,3.3,8.3,0.074
1.1,1.1,3.4,8.4,0.086
1.1,1.1,3.5,8.5,0.06
1.1,1.1,3.6,8.6,0.084
1.1,1.1,3.7,8.7,0.098
1.1,1.1,3.8,8.8,0.076
1.1,1.1,3.9,8.9,0.09
1.1,1.1,4.0,9.0,0.052
1.1,1.1,4.1,9.1,0.066
1.1,1.1,4.2,9.2,0.07
1.1,1.1,4.3,9.3,0.056
1.1,1.1,4.4,9.4,0.08
1.1,1.1,4.5,9.5,0.07
1.1,1.1,4.6,9.6,0.068
1.1,1.1,4.7,9.7,0.042
1.1,1.1,4.8,9.8,0.054
1.1,1.1,4.9,9.9,0.056
1.1,1.1,5.0,10.0,0.054
1.1,1.1,5.1,10.1,0.046
1.1,1.1,5.2,10.2,0.04
1.1,1.1,5.3,10.3,0.036
1.1,1.1,5.4,10.4,0.06
1.1,1.1,5.5,10.5,0.05
1.1,1.1,5.6,10.6,0.052
1.1,1.1,5.7,10.7,0.072
1.1,1.1,5.8,10.8,0.04
1.1,1.1,5.9,10.9,0.06
1.1,1.1,6.0,11.0,0.052
1.1,1.1,6.1,11.1,0.056
1.1,1.1,6.2,11.2,0.054
1.1,1.1,6.3,11.3,0.056
1.1,1.1,6.4,11.4,0.068
1.1,1.1,6.5,11.5,0.032
1.1,1.1,6.6,11.6,0.044
1.1,1.1,6.7,11.7,0.062
1.1,1.1,6.8,11.8,0.05
1.1,1.1,6.9,11.9,0.044
1.1,1.1,7.0,12.0,0.068
1.1,1.1,7.1,12.1,0.07
1.1,1.1,7.2,12.2,0.046
1.1,1.1,7.3,12.3,0.05
1.1,1.1,7.4,12.4,0.052
1.1,1.1,7.5,12.5,0.058
1.1,1.1,7.6,12.6,0.052
1.1,1.1,7.7,12.7,0.054
1.1,1.1,7.8,12.8,0.064
1.1,1.1,7.9,12.9,0.046
1.1,1.1,8.0,13.0,0.056
1.1,1.1,8.1,13.1,0.048
1.1,1.1,8.2,13.2,0.038
1.1,1.1,8.3,13.3,0.044
1.1,1.1,8.4,13.4,0.038
1.1,1.1,8.5,13.5,0.058
1.1,1.1,8.6,13.6,0.054
1.1,1.1,8.7,13.7,0.046
1.1,1.1,8.8,13.8,0.046
1.1,1.1,8.9,13.9,0.06
1.1,1.1,9.0,14.0,0.04
1.1,1.1,9.1,14.1,0.042
1.1,1.1,9.2,14.2,0.058
1.1,1.1,9.3,14.3,0.074
1.1,1.1,9.4,14.4,0.054
1.1,1.1,9.5,14.5,0.064
1.1,1.1,9.6,14.6,0.058
1.1,1.1,9.7,14.7,0.068
1.1,1.1,9.8,14.8,0.07
1.1,1.1,9.9,14.9,0.076
1.1,1.1,10.0,15.0,0.044
1.1,1.1,10.1,15.1,0.046
1.1,1.1,10.2,15.2,0.04
1.1,1.1,10.3,15.3,0.062
1.1,1.1,10.4,15.4,0.046
1.1,1.1,10.5,15.5,0.062
1.1,1.1,10.6,15.6,0.066
1.1,1.1,10.7,15.7,0.058
1.1,1.1,10.8,15.8,0.056
1.1,1.1,10.9,15.9,0.038
1.1,1.1,11.0,16.0,0.048
1.1,1.1,11.1,16.1,0.05
1.1,1.1,11.2,16.2,0.052
1.1,1.1,11.3,16.3,0.046
1.1,1.1,11.4,16.4,0.05
1.1,1.1,11.5,16.5,0.052
1.1,1.1,11.6,16.6,0.034
1.1,1.1,11.7,16.7,0.044
1.1,1.1,11.8,16.8,0.062
1.1,1.1,11.9,16.9,0.048
1.1,1.1,12.0,17.0,0.054
1.1,1.1,12.1,17.1,0.044
1.1,1.1,12.2,17.2,0.038
1.1,1.1,12.3,17.3,0.068
1.1,1.1,12.4,17.4,0.05
1.1,1.1,12.5,17.5,0.042
1.1,1.1,12.6,17.6,0.054
1.1,1.1,12.7,17.7,0.046
1.1,1.1,12.8,17.8,0.046
1.1,1.1,12.9,17.9,0.05
1.1,1.1,13.0,18.0,0.068
1.1,1.1,13.1,18.1,0.048
1.1,1.1,13.2,18.2,0.044
1.1,1.1,13.3,18.3,0.046
1.1,1.1,13.4,18.4,0.066
1.1,1.1,13.5,18.5,0.054
1.1,1.1,13.6,18.6,0.034
1.1,1.1,13.7,18.7,0.028
1.1,1.1,13.8,18.8,0.07
1.1,1.1,13.9,18.9,0.03
1.1,1.1,14.0,19.0,0.038
1.1,1.1,14.1,19.1,0.058
1.1,1.1,14.2,19.2,0.068
1.1,1.1,14.3,19.3,0.046
1.1,1.1,14.4,19.4,0.05
1.1,1.1,14.5,19.5,0.05
1.1,1.1,14.6,19.6,0.07
1.1,1.1,14.7,19.7,0.054
1.1,1.1,14.8,19.8,0.04
1.1,1.1,14.9,19.9,0.036
1.1,1.1,15.0,20.0,0.046
1.2,1.2,0.0,5.0,0.12
1.2,1.2,0.1,5.1,0.13
1.2,1.2,0.2,5.2,0.14
1.2,1.2,0.3,5.3,0.146
1.2,1.2,0.4,5.4,0.134
1.2,1.2,0.5,5.5,0.13
1.2,1.2,0.6,5.6,0.128
1.2,1.2,0.7,5.7,0.1
1.2,1.2,0.8,5.8,0.116
1.2,1.2,0.9,5.9,0.094
1.2,1.2,1.0,6.0,0.078
1.2,1.2,1.1,6.1,0.086
1.2,1.2,1.2,6.2,0.104
1.2,1.2,1.3,6.3,0.098
1.2,1.2,1.4,6.4,0.096
1.2,1.2,1.5,6.5,0.12
1.2,1.2,1.6,6.6,0.116
1.2,1.2,1.7,6.7,0.104
1.2,1.2,1.8,6.8,0.13
1.2,1.2,1.9,6.9,0.114
1.2,1.2,2.0,7.0,0.108
1.2,1.2,2.1,7.1,0.096
1.2,1.2,2.2,7.2,0.112
1.2,1.2,2.3,7.3,0.104
1.2,1.2,2.4,7.4,0.1
1.2,1.2,2.5,7.5,0.118
1.2,1.2,2.6,7.6,0.094
1.2,1.2,2.7,7.7,0.08
1.2,1.2,2.8,7.8,0.092
1.2,1.2,2.9,7.9,0.108
1.2,1.2,3.0,8.0,0.086
1.2,1.2,3.1,8.1,0.078
1.2,1.2,3.2,8.2,0.104
1.2,1.2,3.3,8.3,0.064
1.2,1.2,3.4,8.4,0.078
1.2,1.2,3.5,8.5,0.07
1.2,1.2,3.6,8.6,0.068
1.2,1.2,3.7,8.7,0.072
1.2,1.2,3.8,8.8,0.08
1.2,1.2,3.9,8.9,0.052
1.2,1.2,4.0,9.0,0.072
1.2,1.2,4.1,9.1,0.064
1.2,1.2,4.2,9.2,0.066
1.2,1.2,4.3,9.3,0.058
1.2,1.2,4.4,9.4,0.056
1.2,1.2,4.5,9.5,0.05
1.2,1.2,4.6,9.6,0.058
1.2,1.2,4.7,9.7,0.07
1.2,1.2,4.8,9.8,0.054
1.2,1.2,4.9,9.9,0.04
1.2,1.2,5.0,10.0,0.052
1.2,1.2,5.1,10.1,0.06
1.2,1.2,5.2,10.2,0.08
1.2,1.2,5.3,10.3,0.044
1.2,1.2,5.4,10.4,0.06
1.2,1.2,5.5,10.5,0.046
1.2,1.2,5.6,10.6,0.044
1.2,1.2,5.7,10.7,0.05
1.2,1.2,5.8,10.8,0.058
1.2,1.2,5.9,10.9,0.048
1.2,1.2,6.0,11.0,0.05
1.2,1.2,6.1,11.1,0.054
1.2,1.2,6.2,11.2,0.046
1.2,1.2,6.3,11.3,0.054
1.2,1.2,6.4,11.4,0.064
1.2,1.2,6.5,11.5,0.068
1.2,1.2,6.6,11.6,0.05
1.2,1.2,6.7,11.7,0.06
1.2,1.2,6.8,11.8,0.052
1.2,1.2,6.9,11.9,0.044
1.2,1.2,7.0,12.0,0.068
1.2,1.2,7.1,12.1,0.052
1.2,1.2,7.2,12.2,0.062
1.2,1.2,7.3,12.3,0.056
1.2,1.2,7.4,12.4,0.036
1.2,1.2,7.5,12.5,0.038
1.2,1.2,7.6,12.6,0.042
1.2,1.2,7.7,12.7,0.052
1.2,1.2,7.8,12.8,0.04
1.2,1.2,7.9,12.9,0.06
1.2,1.2,8.0,13.0,0.05
1.2,1.2,8.1,13.1,0.052
1.2,1.2,8.2,13.2,0.066
1.2,1.2,8.3,13.3,0.04
1.2,1.2,8.4,13.4,0.032
1.2,1.2,8.5,13.5,0.062
1.2,1.2,8.6,13.6,0.042
1.2,1.2,8.7,13.7,0.052
1.2,1.2,8.8,13.8,0.032
1.2,1.2,8.9,13.9,0.042
1.2,1.2,9.0,14.0,0.06
1.2,1.2,9.1,14.1,0.066
1.2,1.2,9.2,14.2,0.058
1.2,1.2,9.3,14.3,0.032
1.2,1.2,9.4,14.4,0.058
1.2,1.2,9.5,14.5,0.03
1.2,1.2,9.6,14.6,0.048
1.2,1.2,9.7,14.7,0.038
1.2,1.2,9.8,14.8,0.048
1.2,1.2,9.9,14.9,0.036
1.2,1.2,10.0,15.0,0.042
1.2,1.2,10.1,15.1,0.056
1.2,1.2,10.2,15.2,0.034
1.2,1.2,10.3,15.3,0.03
1.2,1.2,10.4,15.4,0.052
1.2,1.2,10.5,15.5,0.044
1.2,1.2,10.6,15.6,0.064
1.2,1.2,10.7,15.7,0.042
1.2,1.2,10.8,15.8,0.06
1.2,1.2,10.9,15.9,0.048
1.2,1.2,11.0,16.0,0.054
1.2,1.2,11.1,16.1,0.044
1.2,1.2,11.2,16.2,0.048
1.2,1.2,11.3,16.3,0.05
1.2,1.2,11.4,16.4,0.056
1.2,1.2,11.5,16.5,0.054
1.2,1.2,11.6,16.6,0.052
1.2,1.2,11.7,16.7,0.068
1.2,1.2,11.8,16.8,0.038
1.2,1.2,11.9,16.9,0.056
1.2,1.2,12.0,17.0,0.044
1.2,1.2,12.1,17.1,0.056
1.2,1.2,12.2,17.2,0.072
1.2,1.2,12.3,17.3,0.048
1.2,1.2,12.4,17.4,0.046
1.2,1.2,12.5,17.5,0.064
1.2,1.2,12.6,17.6,0.046
1.2,1.2,12.7,17.7,0.044
1.2,1.2,12.8,17.8,0.052
1.2,1.2,12.9,17.9,0.068
1.2,1.2,13.0,18.0,0.052
1.2,1.2,13.1,18.1,0.034
1.2,1.2,13.2,18.2,0.048
1.2,1.2,13.3,18.3,0.052
1.2,1.2,13.4,18.4,0.05
1.2,1.2,13.5,18.5,0.036
1.2,1.2,13.6,18.6,0.03
1.2,1.2,13.7,18.7,0.048
1.2,1.2,13.8,18.8,0.066
1.2,1.2,13.9,18.9,0.052
1.2,1.2,14.0,19.0,0.038
1.2,1.2,14.1,19.1,0.054
1.2,1.2,14.2,19.2,0.05
1.2,1.2,14.3,19.3,0.042
1.2,1.2,14.4,19.4,0.048
1.2,1.2,14.5,19.5,0.05
1.2,1.2,14.6,19.6,0.046
1.2,1.2,14.7,19.7,0.05
1.2,1.2,14.8,19.8,0.064
1.2,1.2,14.9,19.9,0.042
1.2,1.2,15.0,20.0,0.04
1.3,1.3,0.0,5.0,0.126
1.3,1.3,0.1,5.1,0.134
1.3,1.3,0.2,5.2,0.134
1.3,1.3,0.3,5.3,0.104
1.3,1.3,0.4,5.4,0.116
1.3,1.3,0.5,5.5,0.098
1.3,1.3,0.6,5.6,0.094
1.3,1.3,0.7,5.7,0.132
1.3,1.3,0.8,5.8,0.114
1.3,1.3,0.9,5.9,0.12
1.3,1.3,1.0,6.0,0.114
1.3,1.3,1.1,6.1,0.118
1.3,1.3,1.2,6.2,0.102
1.3,1.3,1.3,6.3,0.1
1.3,1.3,1.4,6.4,0.126
1.3,1.3,1.5,6.5,0.098
1.3,1.3,1.6,6.6,0.092
1.3,1.3,1.7,6.7,0.126
1.3,1.3,1.8,6.8,0.128
1.3,1.3,1.9,6.9,0.082
1.3,1.3,2.0,7.0,0.128
1.3,1.3,2.1,7.1,0.12
1.3,1.3,2.2,7.2,0.096
1.3,1.3,2.3,7.3,0.112
1.3,1.3,2.4,7.4,0.092
1.3,1.3,2.5,7.5,0.088
1.3,1.3,2.6,7.6,0.102
1.3,1.3,2.7,7.7,0.084
1.3,1.3,2.8,7.8,0.088
1.3,1.3,2.9,7.9,0.072
1.3,1.3,3.0,8.0,0.088
1.3,1.3,3.1,8.1,0.058
1.3,1.3,3.2,8.2,0.09
1.3,1.3,3.3,8.3,0.092
1.3,1.3,3.4,8.4,0.064
1.3,1.3,3.5,8.5,0.07
1.3,1.3,3.6,8.6,0.072
1.3,1.3,3.7,8.7,0.07
1.3,1.3,3.8,8.8,0.056
1.3,1.3,3.9,8.9,0.064
1.3,1.3,4.0,9.0,0.068
1.3,1.3,4.1,9.1,0.068
1.3,1.3,4.2,9.2,0.094
1.3,1.3,4.3,9.3,0.048
1.3,1.3,4.4,9.4,0.058
1.3,1.3,4.5,9.5,0.046
1.3,1.3,4.6,9.6,0.074
1.3,1.3,4.7,9.7,0.052
1.3,1.3,4.8,9.8,0.06
1.3,1.3,4.9,9.9,0.06
1.3,1.3,5.0,10.0,0.054
1.3,1.3,5.1,10.1,0.05
1.3,1.3,5.2,10.2,0.042
1.3,1.3,5.3,10.3,0.054
1.3,1.3,5.4,10.4,0.058
1.3,1.3,5.5,10.5,0.048
1.3,1.3,5.6,10.6,0.052
1.3,1.3,5.7,10.7,0.072
1.3,1.3,5.8,10.8,0.056
1.3,1.3,5.9,10.9,0.064
1.3,1.3,6.0,11.0,0.064
1.3,1.3,6.1,11.1,0.052
1.3,1.3,6.2,11.2,0.044
1.3,1.3,6.3,11.3,0.048
1.3,1.3,6.4,11.4,0.076
1.3,1.3,6.5,11.5,0.044
1.3,1.3,6.6,11.6,0.046
1.3,1.3,6.7,11.7,0.058
1.3,1.3,6.8,11.8,0.044
1.3,1.3,6.9,11.9,0.068
1.3,1.3,7.0,12.0,0.05
1.3,1.3,7.1,12.1,0.064
1.3,1.3,7.2,12.2,0.052
1.3,1.3,7.3,12.3,0.046
1.3,1.3,7.4,12.4,0.06
1.3,1.3,7.5,12.5,0.046
1.3,1.3,7.6,12.6,0.036
1.3,1.3,7.7,12.7,0.054
1.3,1.3,7.8,12.8,0.052
1.3,1.3,7.9,12.9,0.048
1.3,1.3,8.0,13.0,0.034
1.3,1.3,8.1,13.1,0.06
1.3,1.3,8.2,13.2,0.066
1.3,1.3,8.3,13.3,0.042
1.3,1.3,8.4,13.4,0.056
1.3,1.3,8.5,13.5,0.056
1.3,1.3,8.6,13.6,0.044
1.3,1.3,8.7,13.7,0.034
1.3,1.3,8.8,13.8,0.034
1.3,1.3,8.9,13.9,0.036
1.3,1.3,9.0,14.0,0.048
1.3,1.3,9.1,14.1,0.05
1.3,1.3,9.2,14.2,0.056
1.3,1.3,9.3,14.3,0.05
1.3,1.3,9.4,14.4,0.036
1.3,1.3,9.5,14.5,0.056
1.3,1.3,9.6,14.6,0.044
1.3,1.3,9.7,14.7,0.062
1.3,1.3,9.8,14.8,0.06
1.3,1.3,9.9,14.9,0.064
1.3,1.3,10.0,15.0,0.058
1.3,1.3,10.1,15.1,0.04
1.3,1.3,10.2,15.2,0.056
1.3,1.3,10.3,15.3,0.06
1.3,1.3,10.4,15.4,0.054
1.3,1.3,10.5,15.5,0.032
1.3,1.3,10.6,15.6,0.052
1.3,1.3,10.7,15.7,0.05
1.3,1.3,10.8,15.8,0.068
1.3,1.3,10.9,15.9,0.052
1.3,1.3,11.0,16.0,0.04
1.3,1.3,11.1,16.1,0.066
1.3,1.3,11.2,16.2,0.046
1.3,1.3,11.3,16.3,0.05
1.3,1.3,11.4,16.4,0.056
1.3,1.3,11.5,16.5,0.044
1.3,1.3,11.6,16.6,0.066
1.3,1.3,11.7,16.7,0.052
1.3,1.3,11.8,16.8,0.044
1.3,1.3,11.9,16.9,0.032
1.3,1.3,12.0,17.0,0.056
1.3,1.3,12.1,17.1,0.054
1.3,1.3,12.2,17.2,0.062
1.3,1.3,12.3,17.3,0.056
1.3,1.3,12.4,17.4,0.032
1.3,1.3,12.5,17.5,0.04
1.3,1.3,12.6,17.6,0.046
1.3,1.3,12.7,17.7,0.052
1.3,1.3,12.8,17.8,0.042
1.3,1.3,12.9,17.9,0.052
1.3,1.3,13.0,18.0,0.046
1.3,1.3,13.1,18.1,0.044
1.3,1.3,13.2,18.2,0.036
1.3,1.3,13.3,18.3,0.05
1.3,1.3,13.4,18.4,0.044
1.3,1.3,13.5,18.5,0.03
1.3,1.3,13.6,18.6,0.042
1.3,1.3,13.7,18.7,0.048
1.3,1.3,13.8,18.8,0.054
1.3,1.3,13.9,18.9,0.06
1.3,1.3,14.0,19.0,0.04
1.3,1.3,14.1,19.1,0.052
1.3,1.3,14.2,19.2,0.058
1.3,1.3,14.3,19.3,0.07
1.3,1.3,14.4,19.4,0.054
1.3,1.3,14.5,19.5,0.04
1.3,1.3,14.6,19.6,0.046
1.3,1.3,14.7,19.7,0.036
1.3,1.3,14.8,19.8,0.054
1.3,1.3,14.9,19.9,0.052
1.3,1.3,15.0,20.0,0.066
1.4,1.4,0.0,5.0,0.148
1.4,1.4,0.1,5.1,0.116
1.4,1.4,0.2,5.2,0.12
1.4,1.4,0.3,5.3,0.104
1.4,1.4,0.4,5.4,0.136
1.4,1.4,0.5,5.5,0.124
1.4,1.4,0.6,5.6,0.092
1.4,1.4,0.7,5.7,0.106
1.4,1.4,0.8,5.8,0.11
1.4,1.4,0.9,5.9,0.124
1.4,1.4,1.0,6.0,0.104
1.4,1.4,1.1,6.1,0.116
1.4,1.4,1.2,6.2,0.112
1.4,1.4,1.3,6.3,0.098
1.4,1.4,1.4,6.4,0.094
1.4,1.4,1.5,6.5,0.108
1.4,1.4,1.6,6.6,0.108
1.4,1.4,1.7,6.7,0.104
1.4,1.4,1.8,6.8,0.098
1.4,1.4,1.9,6.9,0.104
1.4,1.4,2.0,7.0,0.12
1.4,1.4,2.1,7.1,0.124
1.4,1.4,2.2,7.2,0.082
1.4,1.4,2.3,7.3,0.116
1.4,1.4,2.4,7.4,0.09
1.4,1.4,2.5,7.5,0.108
1.4,1.4,2.6,7.6,0.09
1.4,1.4,2.7,7.7,0.074
1.4,1.4,2.8,7.8,0.116
1.4,1.4,2.9,7.9,0.102
1.4,1.4,3.0,8.0,0.082
1.4,1.4,3.1,8.1,0.076
1.4,1.4,3.2,8.2,0.066
1.4,1.4,3.3,8.3,0.084
1.4,1.4,3.4,8.4,0.084
1.4,1.4,3.5,8.5,0.07
1.4,1.4,3.6,8.6,0.092
1.4,1.4,3.7,8.7,0.07
1.4,1.4,3.8,8.8,0.082
1.4,1.4,3.9,8.9,0.1
1.4,1.4,4.0,9.0,0.082
1.4,1.4,4.1,9.1,0.074
1.4,1.4,4.2,9.2,0.07
1.4,1.4,4.3,9.3,0.072
1.4,1.4,4.4,9.4,0.072
1.4,1.4,4.5,9.5,0.052
1.4,1.4,4.6,9.6,0.058
1.4,1.4,4.7,9.7,0.062
1.4,1.4,4.8,9.8,0.05
1.4,1.4,4.9,9.9,0.056
1.4,1.4,5.0,10.0,0.058
1.4,1.4,5.1,10.1,0.046
1.4,1.4,5.2,10.2,0.064
1.4,1.4,5.3,10.3,0.052
1.4,1.4,5.4,10.4,0.056
1.4,1.4,5.5,10.5,0.062
1.4,1.4,5.6,10.6,0.05
1.4,1.4,5.7,10.7,0.046
1.4,1.4,5.8,10.8,0.058
1.4,1.4,5.9,10.9,0.038
1.4,1.4,6.0,11.0,0.05
1.4,1.4,6.1,11.1,0.056
1.4,1.4,6.2,11.2,0.042
1.4,1.4,6.3,11.3,0.056
1.4,1.4,6.4,11.4,0.05
1.4,1.4,6.5,11.5,0.056
1.4,1.4,6.6,11.6,0.056
1.4,1.4,6.7,11.7,0.054
1.4,1.4,6.8,11.8,0.054
1.4,1.4,6.9,11.9,0.068
1.4,1.4,7.0,12.0,0.048
1.4,1.4,7.1,12.1,0.05
1.4,1.4,7.2,12.2,0.06
1.4,1.4,7.3,12.3,0.036
1.4,1.4,7.4,12.4,0.044
1.4,1.4,7.5,12.5,0.038
1.4,1.4,7.6,12.6,0.054
1.4,1.4,7.7,12.7,0.034
1.4,1.4,7.8,12.8,0.042
1.4,1.4,7.9,12.9,0.058
1.4,1.4,8.0,13.0,0.056
1.4,1.4,8.1,13.1,0.052
1.4,1.4,8.2,13.2,0.05
1.4,1.4,8.3,13.3,0.058
1.4,1.4,8.4,13.4,0.058
1.4,1.4,8.5,13.5,0.04
1.4,1.4,8.6,13.6,0.066
1.4,1.4,8.7,13.7,0.06
1.4,1.4,8.8,13.8,0.048
1.4,1.4,8.9,13.9,0.074
1.4,1.4,9.0,14.0,0.062
1.4,1.4,9.1,14.1,0.05
1.4,1.4,9.2,14.2,0.04
1.4,1.4,9.3,14.3,0.04
1.4,1.4,9.4,14.4,0.044
1.4,1.4,9.5,14.5,0.058
1.4,1.4,9.6,14.6,0.054
1.4,1.4,9.7,14.7,0.044
1.4,1.4,9.8,14.8,0.056
1.4,1.4,9.9,14.9,0.06
1.4,1.4,10.0,15.0,0.056
1.4,1.4,10.1,15.1,0.042
1.4,1.4,10.2,15.2,0.036
1.4,1.4,10.3,15.3,0.054
1.4,1.4,10.4,15.4,0.058
1.4,1.4,10.5,15.5,0.04
1.4,1.4,10.6,15.6,0.06
1.4,1.4,10.7,15.7,0.058
1.4,1.4,10.8,15.8,0.044
1.4,1.4,10.9,15.9,0.032
1.4,1.4,11.0,16.0,0.05
1.4,1.4,11.1,16.1,0.054
1.4,1.4,11.2,16.2,0.044
1.4,1.4,11.3,16.3,0.076
1.4,1.4,11.4,16.4,0.076
1.4,1.4,11.5,16.5,0.052
1.4,1.4,11.6,16.6,0.05
1.4,1.4,11.7,16.7,0.056
1.4,1.4,11.8,16.8,0.05
1.4,1.4,11.9,16.9,0.032
1.4,1.4,12.0,17.0,0.068
1.4,1.4,12.1,17.1,0.058
1.4,1.4,12.2,17.2,0.038
1.4,1.4,12.3,17.3,0.046
1.4,1.4,12.4,17.4,0.034
1.4,1.4,12.5,17.5,0.05
1.4,1.4,12.6,17.6,0.066
1.4,1.4,12.7,17.7,0.05
1.4,1.4,12.8,17.8,0.054
1.4,1.4,12.9,17.9,0.05
1.4,1.4,13.0,18.0,0.05
1.4,1.4,13.1,18.1,0.052
1.4,1.4,13.2,18.2,0.052
1.4,1.4,13.3,18.3,0.048
1.4,1.4,13.4,18.4,0.044
1.4,1.4,13.5,18.5,0.058
1.4,1.4,13.6,18.6,0.052
1.4,1.4,13.7,18.7,0.042
1.4,1.4,13.8,18.8,0.04
1.4,1.4,13.9,18.9,0.046
1.4,1.4,14.0,19.0,0.044
1.4,1.4,14.1,19.1,0.056
1.4,1.4,14.2,19.2,0.036
1.4,1.4,14.3,19.3,0.048
1.4,1.4,14.4,19.4,0.046
1.4,1.4,14.5,19.5,0.032
1.4,1.4,14.6,19.6,0.044
1.4,1.4,14.7,19.7,0.046
1.4,1.4,14.8,19.8,0.062
1.4,1.4,14.9,19.9,0.056
1.4,1.4,15.0,20.0,0.05
1.5,1.5,0.0,5.0,0.14
1.5,1.5,0.1,5.1,0.138
1.5,1.5,0.2,5.2,0.124
1.5,1.5,0.3,5.3,0.13
1.5,1.5,0.4,5.4,0.128
1.5,1.5,0.5,5.5,0.12
1.5,1.5,0.6,5.6,0.124
1.5,1.5,0.7,5.7,0.128
1.5,1.5,0.8,5.8,0.126
1.5,1.5,0.9,5.9,0.128
1.5,1.5,1.0,6.0,0.112
1.5,1.5,1.1,6.1,0.108
1.5,1.5,1.2,6.2,0.102
1.5,1.5,1.3,6.3,0.098
1.5,1.5,1.4,6.4,0.128
1.5,1.5,1.5,6.5,0.096
1.5,1.5,1.6,6.6,0.088
1.5,1.5,1.7,6.7,0.098
1.5,1.5,1.8,6.8,0.148
1.5,1.5,1.9,6.9,0.094
1.5,1.5,2.0,7.0,0.1
1.5,1.5,2.1,7.1,0.132
1.5,1.5,2.2,7.2,0.096
1.5,1.5,2.3,7.3,0.114
1.5,1.5,2.4,7.4,0.104
1.5,1.5,2.5,7.5,0.114
1.5,1.5,2.6,7.6,0.118
1.5,1.5,2.7,7.7,0.08
1.5,1.5,2.8,7.8,0.092
1.5,1.5,2.9,7.9,0.096
1.5,1.5,3.0,8.0,0.096
1.5,1.5,3.1,8.1,0.1
1.5,1.5,3.2,8.2,0.114
1.5,1.5,3.3,8.3,0.098
1.5,1.5,3.4,8.4,0.064
1.5,1.5,3.5,8.5,0.078
1.5,1.5,3.6,8.6,0.094
1.5,1.5,3.7,8.7,0.066
1.5,1.5,3.8,8.8,0.08
1.5,1.5,3.9,8.9,0.072
1.5,1.5,4.0,9.0,0.078
1.5,1.5,4.1,9.1,0.046
1.5,1.5,4.2,9.2,0.07
1.5,1.5,4.3,9.3,0.068
1.5,1.5,4.4,9.4,0.07
1.5,1.5,4.5,9.5,0.072
1.5,1.5,4.6,9.6,0.072
1.5,1.5,4.7,9.7,0.07
1.5,1.5,4.8,9.8,0.056
1.5,1.5,4.9,9.9,0.074
1.5,1.5,5.0,10.0,0.052
1.5,1.5,5.1,10.1,0.048
1.5,1.5,5.2,10.2,0.056
1.5,1.5,5.3,10.3,0.054
1.5,1.5,5.4,10.4,0.04
1.5,1.5,5.5,10.5,0.066
1.5,1.5,5.6,10.6,0.054
1.5,1.5,5.7,10.7,0.064
1.5,1.5,5.8,10.8,0.044
1.5,1.5,5.9,10.9,0.054
1.5,1.5,6.0,11.0,0.042
1.5,1.5,6.1,11.1,0.05
1.5,1.5,6.2,11.2,0.058
1.5,1.5,6.3,11.3,0.054
1.5,1.5,6.4,11.4,0.052
1.5,1.5,6.5,11.5,0.048
1.5,1.5,6.6,11.6,0.056
1.5,1.5,6.7,11.7,0.054
1.5,1.5,6.8,11.8,0.066
1.5,1.5,6.9,11.9,0.068
1.5,1.5,7.0,12.0,0.028
1.5,1.5,7.1,12.1,0.054
1.5,1.5,7.2,12.2,0.06
1.5,1.5,7.3,12.3,0.044
1.5,1.5,7.4,12.4,0.072
1.5,1.5,7.5,12.5,0.054
1.5,1.5,7.6,12.6,0.042
1.5,1.5,7.7,12.7,0.048
1.5,1.5,7.8,12.8,0.032
1.5,1.5,7.9,12.9,0.054
1.5,1.5,8.0,13.0,0.05
1.5,1.5,8.1,13.1,0.054
1.5,1.5,8.2,13.2,0.042
1.5,1.5,8.3,13.3,0.048
1.5,1.5,8.4,13.4,0.038
1.5,1.5,8.5,13.5,0.044
1.5,1.5,8.6,13.6,0.058
1.5,1.5,8.7,13.7,0.044
1.5,1.5,8.8,13.8,0.042
1.5,1.5,8.9,13.9,0.056
1.5,1.5,9.0,14.0,0.06
1.5,1.5,9.1,14.1,0.046
1.5,1.5,9.2,14.2,0.054
1.5,1.5,9.3,14.3,0.038
1.5,1.5,9.4,14.4,0.066
1.5,1.5,9.5,14.5,0.056
1.5,1.5,9.6,14.6,0.068
1.5,1.5,9.7,14.7,0.068
1.5,1.5,9.8,14.8,0.062
1.5,1.5,9.9,14.9,0.058
1.5,1.5,10.0,15.0,0.054
1.5,1.5,10.1,15.1,0.036
1.5,1.5,10.2,15.2,0.056
1.5,1.5,10.3,15.3,0.046
1.5,1.5,10.4,15.4,0.046
1.5,1.5,10.5,15.5,0.038
1.5,1.5,10.6,15.6,0.062
1.5,1.5,10.7,15.7,0.056
1.5,1.5,10.8,15.8,0.06
1.5,1.5,10.9,15.9,0.05
1.5,1.5,11.0,16.0,0.042
1.5,1.5,11.1,16.1,0.054
1.5,1.5,11.2,16.2,0.05
1.5,1.5,11.3,16.3,0.038
1.5,1.5,11.4,16.4,0.044
1.5,1.5,11.5,16.5,0.05
1.5,1.5,11.6,16.6,0.066
1.5,1.5,11.7,16.7,0.062
1.5,1.5,11.8,16.8,0.042
1.5,1.5,11.9,16.9,0.06
1.5,1.5,12.0,17.0,0.046
1.5,1.5,12.1,17.1,0.052
1.5,1.5,12.2,17.2,0.042
1.5,1.5,12.3,17.3,0.048
1.5,1.5,12.4,17.4,0.038
1.5,1.5,12.5,17.5,0.052
1.5,1.5,12.6,17.6,0.056
1.5,1.5,12.7,17.7,0.064
1.5,1.5,12.8,17.8,0.048
1.5,1.5,12.9,17.9,0.058
1.5,1.5,13.0,18.0,0.056
1.5,1.5,13.1,18.1,0.054
1.5,1.5,13.2,18.2,0.03
1.5,1.5,13.3,18.3,0.048
1.5,1.5,13.4,18.4,0.046
1.5,1.5,13.5,18.5,0.038
1.5,1.5,13.6,18.6,0.052
1.5,1.5,13.7,18.7,0.048
1.5,1.5,13.8,18.8,0.056
1.5,1.5,13.9,18.9,0.048
1.5,1.5,14.0,19.0,0.052
1.5,1.5,14.1,19.1,0.064
1.5,1.5,14.2,19.2,0.046
1.5,1.5,14.3,19.3,0.066
1.5,1.5,14.4,19.4,0.052
1.5,1.5,14.5,19.5,0.036
1.5,1.5,14.6,19.6,0.046
1.5,1.5,14.7,19.7,0.04
1.5,1.5,14.8,19.8,0.07
1.5,1.5,14.9,19.9,0.052
1.5,1.5,15.0,20.0,0.056
1.6,1.6,0.0,5.0,0.136
1.6,1.6,0.1,5.1,0.178
1.6,1.6,0.2,5.2,0.142
1.6,1.6,0.3,5.3,0.132
1.6,1.6,0.4,5.4,0.138
1.6,1.6,0.5,5.5,0.092
1.6,1.6,0.6,5.6,0.116
1.6,1.6,0.7,5.7,0.118
1.6,1.6,0.8,5.8,0.118
1.6,1.6,0.9,5.9,0.12
1.6,1.6,1.0,6.0,0.122
1.6,1.6,1.1,6.1,0.136
1.6,1.6,1.2,6.2,0.106
1.6,1.6,1.3,6.3,0.118
1.6,1.6,1.4,6.4,0.122
1.6,1.6,1.5,6.5,0.106
1.6,1.6,1.6,6.6,0.08
1.6,1.6,1.7,6.7,0.11
1.6,1.6,1.8,6.8,0.114
1.6,1.6,1.9,6.9,0.12
1.6,1.6,2.0,7.0,0.094
1.6,1.6,2.1,7.1,0.088
1.6,1.6,2.2,7.2,0.108
1.6,1.6,2.3,7.3,0.098
1.6,1.6,2.4,7.4,0.1
1.6,1.6,2.5,7.5,0.1
1.6,1.6,2.6,7.6,0.11
1.6,1.6,2.7,7.7,0.098
1.6,1.6,2.8,7.8,0.082
1.6,1.6,2.9,7.9,0.082
1.6,1.6,3.0,8.0,0.096
1.6,1.6,3.1,8.1,0.076
1.6,1.6,3.2,8.2,0.09
1.6,1.6,3.3,8.3,0.078
1.6,1.6,3.4,8.4,0.098
1.6,1.6,3.5,8.5,0.1
1.6,1.6,3.6,8.6,0.094
1.6,1.6,3.7,8.7,0.072
1.6,1.6,3.8,8.8,0.064
1.6,1.6,3.9,8.9,0.09
1.6,1.6,4.0,9.0,0.074
1.6,1.6,4.1,9.1,0.062
1.6,1.6,4.2,9.2,0.07
1.6,1.6,4.3,9.3,0.064
1.6,1.6,4.4,9.4,0.056
1.6,1.6,4.5,9.5,0.088
1.6,1.6,4.6,9.6,0.08
1.6,1.6,4.7,9.7,0.04
1.6,1.6,4.8,9.8,0.068
1.6,1.6,4.9,9.9,0.06
1.6,1.6,5.0,10.0,0.068
1.6,1.6,5.1,10.1,0.068
1.6,1.6,5.2,10.2,0.06
1.6,1.6,5.3,10.3,0.058
1.6,1.6,5.4,10.4,0.046
1.6,1.6,5.5,10.5,0.056
1.6,1.6,5.6,10.6,0.026
1.6,1.6,5.7,10.7,0.076
1.6,1.6,5.8,10.8,0.05
1.6,1.6,5.9,10.9,0.066
1.6,1.6,6.0,11.0,0.058
1.6,1.6,6.1,11.1,0.052
1.6,1.6,6.2,11.2,0.078
1.6,1.6,6.3,11.3,0.058
1.6,1.6,6.4,11.4,0.056
1.6,1.6,6.5,11.5,0.042
1.6,1.6,6.6,11.6,0.044
1.6,1.6,6.7,11.7,0.056
1.6,1.6,6.8,11.8,0.056
1.6,1.6,6.9,11.9,0.052
1.6,1.6,7.0,12.0,0.064
1.6,1.6,7.1,12.1,0.038
1.6,1.6,7.2,12.2,0.044
1.6,1.6,7.3,12.3,0.056
1.6,1.6,7.4,12.4,0.04
1.6,1.6,7.5,12.5,0.044
1.6,1.6,7.6,12.6,0.046
1.6,1.6,7.7,12.7,0.04
1.6,1.6,7.8,12.8,0.072
1.6,1.6,7.9,12.9,0.06
1.6,1.6,8.0,13.0,0.06
1.6,1.6,8.1,13.1,0.04
1.6,1.6,8.2,13.2,0.038
1.6,1.6,8.3,13.3,0.046
1.6,1.6,8.4,13.4,0.052
1.6,1.6,8.5,13.5,0.05
1.6,1.6,8.6,13.6,0.058
1.6,1.6,8.7,13.7,0.05
1.6,1.6,8.8,13.8,0.044
1.6,1.6,8.9,13.9,0.05
1.6,1.6,9.0,14.0,0.048
1.6,1.6,9.1,14.1,0.066
1.6,1.6,9.2,14.2,0.046
1.6,1.6,9.3,14.3,0.046
1.6,1.6,9.4,14.4,0.054
1.6,1.6,9.5,14.5,0.05
1.6,1.6,9.6,14.6,0.058
1.6,1.6,9.7,14.7,0.046
1.6,1.6,9.8,14.8,0.042
1.6,1.6,9.9,14.9,0.048
1.6,1.6,10.0,15.0,0.06
1.6,1.6,10.1,15.1,0.042
1.6,1.6,10.2,15.2,0.052
1.6,1.6,10.3,15.3,0.06
1.6,1.6,10.4,15.4,0.05
1.6,1.6,10.5,15.5,0.052
1.6,1.6,10.6,15.6,0.052
1.6,1.6,10.7,15.7,0.06
1.6,1.6,10.8,15.8,0.056
1.6,1.6,10.9,15.9,0.032
1.6,1.6,11.0,16.0,0.048
1.6,1.6,11.1,16.1,0.034
1.6,1.6,11.2,16.2,0.058
1.6,1.6,11.3,16.3,0.05
1.6,1.6,11.4,16.4,0.056
1.6,1.6,11.5,16.5,0.028
1.6,1.6,11.6,16.6,0.048
1.6,1.6,11.7,16.7,0.042
1.6,1.6,11.8,16.8,0.054
1.6,1.6,11.9,16.9,0.04
1.6,1.6,12.0,17.0,0.054
1.6,1.6,12.1,17.1,0.038
1.6,1.6,12.2,17.2,0.052
1.6,1.6,12.3,17.3,0.038
1.6,1.6,12.4,17.4,0.042
1.6,1.6,12.5,17.5,0.056
1.6,1.6,12.6,17.6,0.044
1.6,1.6,12.7,17.7,0.042
1.6,1.6,12.8,17.8,0.046
1.6,1.6,12.9,17.9,0.08
1.6,1.6,13.0,18.0,0.054
1.6,1.6,13.1,18.1,0.056
1.6,1.6,13.2,18.2,0.064
1.6,1.6,13.3,18.3,0.044
1.6,1.6,13.4,18.4,0.04
1.6,1.6,13.5,18.5,0.052
1.6,1.6,13.6,18.6,0.064
1.6,1.6,13.7,18.7,0.064
1.6,1.6,13.8,18.8,0.046
1.6,1.6,13.9,18.9,0.064
1.6,1.6,14.0,19.0,0.054
1.6,1.6,14.1,19.1,0.06
1.6,1.6,14.2,19.2,0.058
1.6,1.6,14.3,19.3,0.06
1.6,1.6,14.4,19.4,0.036
1.6,1.6,14.5,19.5,0.042
1.6,1.6,14.6,19.6,0.048
1.6,1.6,14.7,19.7,0.056
1.6,1.6,14.8,19.8,0.054
1.6,1.6,14.9,19.9,0.058
1.6,1.6,15.0,20.0,0.048
1.7,1.7,0.0,5.0,0.142
1.7,1.7,0.1,5.1,0.156
1.7,1.7,0.2,5.2,0.136
1.7,1.7,0.3,5.3,0.146
1.7,1.7,0.4,5.4,0.128
1.7,1.7,0.5,5.5,0.12
1.7,1.7,0.6,5.6,0.118
1.7,1.7,0.7,5.7,0.146
1.7,1.7,0.8,5.8,0.136
1.7,1.7,0.9,5.9,0.136
1.7,1.7,1.0,6.0,0.106
1.7,1.7,1.1,6.1,0.09
1.7,1.7,1.2,6.2,0.116
1.7,1.7,1.3,6.3,0.124
1.7,1.7,1.4,6.4,0.1
1.7,1.7,1.5,6.5,0.1
1.7,1.7,1.6,6.6,0.114
1.7,1.7,1.7,6.7,0.116
1.7,1.7,1.8,6.8,0.09
1.7,1.7,1.9,6.9,0.122
1.7,1.7,2.0,7.0,0.102
1.7,1.7,2.1,7.1,0.12
1.7,1.7,2.2,7.2,0.14
1.7,1.7,2.3,7.3,0.102
1.7,1.7,2.4,7.4,0.096
1.7,1.7,2.5,7.5,0.1
1.7,1.7,2.6,7.6,0.102
1.7,1.7,2.7,7.7,0.126
1.7,1.7,2.8,7.8,0.108
1.7,1.7,2.9,7.9,0.104
1.7,1.7,3.0,8.0,0.088
1.7,1.7,3.1,8.1,0.096
1.7,1.7,3.2,8.2,0.084
1.7,1.7,3.3,8.3,0.084
1.7,1.7,3.4,8.4,0.082
1.7,1.7,3.5,8.5,0.066
1.7,1.7,3.6,8.6,0.09
1.7,1.7,3.7,8.7,0.062
1.7,1.7,3.8,8.8,0.098
1.7,1.7,3.9,8.9,0.086
1.7,1.7,4.0,9.0,0.066
1.7,1.7,4.1,9.1,0.068
1.7,1.7,4.2,9.2,0.06
1.7,1.7,4.3,9.3,0.064
1.7,1.7,4.4,9.4,0.066
1.7,1.7,4.5,9.5,0.074
1.7,1.7,4.6,9.6,0.062
1.7,1.7,4.7,9.7,0.05
1.7,1.7,4.8,9.8,0.076
1.7,1.7,4.9,9.9,0.056
1.7,1.7,5.0,10.0,0.052
1.7,1.7,5.1,10.1,0.078
1.7,1.7,5.2,10.2,0.062
1.7,1.7,5.3,10.3,0.062
1.7,1.7,5.4,10.4,0.066
1.7,1.7,5.5,10.5,0.054
1.7,1.7,5.6,10.6,0.042
1.7,1.7,5.7,10.7,0.064
1.7,1.7,5.8,10.8,0.052
1.7,1.7,5.9,10.9,0.062
1.7,1.7,6.0,11.0,0.038
1.7,1.7,6.1,11.1,0.058
1.7,1.7,6.2,11.2,0.062
1.7,1.7,6.3,11.3,0.048
1.7,1.7,6.4,11.4,0.062
1.7,1.7,6.5,11.5,0.052
1.7,1.7,6.6,11.6,0.042
1.7,1.7,6.7,11.7,0.05
1.7,1.7,6.8,11.8,0.064
1.7,1.7,6.9,11.9,0.04
1.7,1.7,7.0,12.0,0.03
1.7,1.7,7.1,12.1,0.048
1.7,1.7,7.2,12.2,0.042
1.7,1.7,7.3,12.3,0.042
1.7,1.7,7.4,12.4,0.042
1.7,1.7,7.5,12.5,0.054
1.7,1.7,7.6,12.6,0.042
1.7,1.7,7.7,12.7,0.05
1.7,1.7,7.8,12.8,0.05
1.7,1.7,7.9,12.9,0.038
1.7,1.7,8.0,13.0,0.058
1.7,1.7,8.1,13.1,0.038
1.7,1.7,8.2,13.2,0.04
1.7,1.7,8.3,13.3,0.042
1.7,1.7,8.4,13.4,0.038
1.7,1.7,8.5,13.5,0.056
1.7,1.7,8.6,13.6,0.058
1.7,1.7,8.7,13.7,0.066
1.7,1.7,8.8,13.8,0.05
1.7,1.7,8.9,13.9,0.042
1.7,1.7,9.0,14.0,0.062
1.7,1.7,9.1,14.1,0.048
1.7,1.7,9.2,14.2,0.042
1.7,1.7,9.3,14.3,0.048
1.7,1.7,9.4,14.4,0.052
1.7,1.7,9.5,14.5,0.042
1.7,1.7,9.6,14.6,0.066
1.7,1.7,9.7,14.7,0.038
1.7,1.7,9.8,14.8,0.064
1.7,1.7,9.9,14.9,0.04
1.7,1.7,10.0,15.0,0.064
1.7,1.7,10.1,15.1,0.05
1.7,1.7,10.2,15.2,0.064
1.7,1.7,10.3,15.3,0.054
1.7,1.7,10.4,15.4,0.058
1.7,1.7,10.5,15.5,0.052
1.7,1.7,10.6,15.6,0.046
1.7,1.7,10.7,15.7,0.056
1.7,1.7,10.8,15.8,0.058
1.7,1.7,10.9,15.9,0.066
1.7,1.7,11.0,16.0,0.044
1.7,1.7,11.1,16.1,0.04
1.7,1.7,11.2,16.2,0.046
1.7,1.7,11.3,16.3,0.056
1.7,1.7,11.4,16.4,0.042
1.7,1.7,11.5,16.5,0.046
1.7,1.7,11.6,16.6,0.042
1.7,1.7,11.7,16.7,0.036
1.7,1.7,11.8,16.8,0.044
1.7,1.7,11.9,16.9,0.052
1.7,1.7,12.0,17.0,0.046
1.7,1.7,12.1,17.1,0.046
1.7,1.7,12.2,17.2,0.048
1.7,1.7,12.3,17.3,0.07
1.7,1.7,12.4,17.4,0.03
1.7,1.7,12.5,17.5,0.04
1.7,1.7,12.6,17.6,0.072
1.7,1.7,12.7,17.7,0.032
1.7,1.7,12.8,17.8,0.052
1.7,1.7,12.9,17.9,0.052
1.7,1.7,13.0,18.0,0.044
1.7,1.7,13.1,18.1,0.054
1.7,1.7,13.2,18.2,0.046
1.7,1.7,13.3,18.3,0.062
1.7,1.7,13.4,18.4,0.058
1.7,1.7,13.5,18.5,0.054
1.7,1.7,13.6,18.6,0.052
1.7,1.7,13.7,18.7,0.038
1.7,1.7,13.8,18.8,0.048
1.7,1.7,13.9,18.9,0.034
1.7,1.7,14.0,19.0,0.064
1.7,1.7,14.1,19.1,0.052
1.7,1.7,14.2,19.2,0.04
1.7,1.7,14.3,19.3,0.046
1.7,1.7,14.4,19.4,0.054
1.7,1.7,14.5,19.5,0.066
1.7,1.7,14.6,19.6,0.042
1.7,1.7,14.7,19.7,0.034
1.7,1.7,14.8,19.8,0.056
1.7,1.7,14.9,19.9,0.046
1.7,1.7,15.0,20.0,0.05
1.8,1.8,0.0,5.0,0.16
1.8,1.8,0.1,5.1,0.152
1.8,1.8,0.2,5.2,0.166
1.8,1.8,0.3,5.3,0.152
1.8,1.8,0.4,5.4,0.17
1.8,1.8,0.5,5.5,0.124
1.8,1.8,0.6,5.6,0.146
1.8,1.8,0.7,5.7,0.116
1.8,1.8,0.8,5.8,0.12
1.8,1.8,0.9,5.9,0.104
1.8,1.8,1.0,6.0,0.124
1.8,1.8,1.1,6.1,0.124
1.8,1.8,1.2,6.2,0.126
1.8,1.8,1.3,6.3,0.104
1.8,1.8,1.4,6.4,0.106
1.8,1.8,1.5,6.5,0.116
1.8,1.8,1.6,6.6,0.1
1.8,1.8,1.7,6.7,0.116
1.8,1.8,1.8,6.8,0.092
1.8,1.8,1.9,6.9,0.112
1.8,1.8,2.0,7.0,0.09
1.8,1.8,2.1,7.1,0.094
1.8,1.8,2.2,7.2,0.102
1.8,1.8,2.3,7.3,0.104
1.8,1.8,2.4,7.4,0.122
1.8,1.8,2.5,7.5,0.106
1.8,1.8,2.6,7.6,0.086
1.8,1.8,2.7,7.7,0.118
1.8,1.8,2.8,7.8,0.122
1.8,1.8,2.9,7.9,0.086
1.8,1.8,3.0,8.0,0.084
1.8,1.8,3.1,8.1,0.08
1.8,1.8,3.2,8.2,0.102
1.8,1.8,3.3,8.3,0.092
1.8,1.8,3.4,8.4,0.076
1.8,1.8,3.5,8.5,0.088
1.8,1.8,3.6,8.6,0.082
1.8,1.8,3.7,8.7,0.106
1.8,1.8,3.8,8.8,0.07
1.8,1.8,3.9,8.9,0.078
1.8,1.8,4.0,9.0,0.056
1.8,1.8,4.1,9.1,0.084
1.8,1.8,4.2,9.2,0.058
1.8,1.8,4.3,9.3,0.07
1.8,1.8,4.4,9.4,0.06
1.8,1.8,4.5,9.5,0.082
1.8,1.8,4.6,9.6,0.074
1.8,1.8,4.7,9.7,0.076
1.8,1.8,4.8,9.8,0.066
1.8,1.8,4.9,9.9,0.06
1.8,1.8,5.0,10.0,0.054
1.8,1.8,5.1,10.1,0.062
1.8,1.8,5.2,10.2,0.084
1.8,1.8,5.3,10.3,0.064
1.8,1.8,5.4,10.4,0.066
1.8,1.8,5.5,10.5,0.048
1.8,1.8,5.6,10.6,0.04
1.8,1.8,5.7,10.7,0.06
1.8,1.8,5.8,10.8,0.044
1.8,1.8,5.9,10.9,0.056
1.8,1.8,6.0,11.0,0.056
1.8,1.8,6.1,11.1,0.052
1.8,1.8,6.2,11.2,0.048
1.8,1.8,6.3,11.3,0.06
1.8,1.8,6.4,11.4,0.046
1.8,1.8,6.5,11.5,0.044
1.8,1.8,6.6,11.6,0.048
1.8,1.8,6.7,11.7,0.052
1.8,1.8,6.8,11.8,0.034
1.8,1.8,6.9,11.9,0.058
1.8,1.8,7.0,12.0,0.062
1.8,1.8,7.1,12.1,0.066
1.8,1.8,7.2,12.2,0.038
1.8,1.8,7.3,12.3,0.04
1.8,1.8,7.4,12.4,0.054
1.8,1.8,7.5,12.5,0.048
1.8,1.8,7.6,12.6,0.048
1.8,1.8,7.7,12.7,0.052
1.8,1.8,7.8,12.8,0.032
1.8,1.8,7.9,12.9,0.05
1.8,1.8,8.0,13.0,0.04
1.8,1.8,8.1,13.1,0.046
1.8,1.8,8.2,13.2,0.076
1.8,1.8,8.3,13.3,0.05
1.8,1.8,8.4,13.4,0.04
1.8,1.8,8.5,13.5,0.042
1.8,1.8,8.6,13.6,0.04
1.8,1.8,8.7,13.7,0.036
1.8,1.8,8.8,13.8,0.056
1.8,1.8,8.9,13.9,0.044
1.8,1.8,9.0,14.0,0.04
1.8,1.8,9.1,14.1,0.048
1.8,1.8,9.2,14.2,0.046
1.8,1.8,9.3,14.3,0.032
1.8,1.8,9.4,14.4,0.048
1.8,1.8,9.5,14.5,0.05
1.8,1.8,9.6,14.6,0.04
1.8,1.8,9.7,14.7,0.038
1.8,1.8,9.8,14.8,0.05
1.8,1.8,9.9,14.9,0.034
1.8,1.8,10.0,15.0,0.054
1.8,1.8,10.1,15.1,0.052
1.8,1.8,10.2,15.2,0.066
1.8,1.8,10.3,15.3,0.042
1.8,1.8,10.4,15.4,0.054
1.8,1.8,10.5,15.5,0.046
1.8,1.8,10.6,15.6,0.03
1.8,1.8,10.7,15.7,0.054
1.8,1.8,10.8,15.8,0.066
1.8,1.8,10.9,15.9,0.056
1.8,1.8,11.0,16.0,0.056
1.8,1.8,11.1,16.1,0.05
1.8,1.8,11.2,16.2,0.05
1.8,1.8,11.3,16.3,0.042
1.8,1.8,11.4,16.4,0.054
1.8,1.8,11.5,16.5,0.048
1.8,1.8,11.6,16.6,0.052
1.8,1.8,11.7,16.7,0.048
1.8,1.8,11.8,16.8,0.058
1.8,1.8,11.9,16.9,0.052
1.8,1.8,12.0,17.0,0.048
1.8,1.8,12.1,17.1,0.046
1.8,1.8,12.2,17.2,0.038
1.8,1.8,12.3,17.3,0.066
1.8,1.8,12.4,17.4,0.06
1.8,1.8,12.5,17.5,0.06
1.8,1.8,12.6,17.6,0.084
1.8,1.8,12.7,17.7,0.052
1.8,1.8,12.8,17.8,0.038
1.8,1.8,12.9,17.9,0.042
1.8,1.8,13.0,18.0,0.05
1.8,1.8,13.1,18.1,0.056
1.8,1.8,13.2,18.2,0.046
1.8,1.8,13.3,18.3,0.062
1.8,1.8,13.4,18.4,0.058
1.8,1.8,13.5,18.5,0.032
1.8,1.8,13.6,18.6,0.062
1.8,1.8,13.7,18.7,0.054
1.8,1.8,13.8,18.8,0.046
1.8,1.8,13.9,18.9,0.06
1.8,1.8,14.0,19.0,0.064
1.8,1.8,14.1,19.1,0.054
1.8,1.8,14.2,19.2,0.05
1.8,1.8,14.3,19.3,0.054
1.8,1.8,14.4,19.4,0.054
1.8,1.8,14.5,19.5,0.06
1.8,1.8,14.6,19.6,0.046
1.8,1.8,14.7,19.7,0.062
1.8,1.8,14.8,19.8,0.056
1.8,1.8,14.9,19.9,0.052
1.8,1.8,15.0,20.0,0.052
1.9,1.9,0.0,5.0,0.142
1.9,1.9,0.1,5.1,0.18
1.9,1.9,0.2,5.2,0.15
1.9,1.9,0.3,5.3,0.154
1.9,1.9,0.4,5.4,0.15
1.9,1.9,0.5,5.5,0.122
1.9,1.9,0.6,5.6,0.136
1.9,1.9,0.7,5.7,0.118
1.9,1.9,0.8,5.8,0.082
1.9,1.9,0.9,5.9,0.134
1.9,1.9,1.0,6.0,0.122
1.9,1.9,1.1,6.1,0.112
1.9,1.9,1.2,6.2,0.128
1.9,1.9,1.3,6.3,0.112
1.9,1.9,1.4,6.4,0.094
1.9,1.9,1.5,6.5,0.114
1.9,1.9,1.6,6.6,0.104
1.9,1.9,1.7,6.7,0.124
1.9,1.9,1.8,6.8,0.082
1.9,1.9,1.9,6.9,0.108
1.9,1.9,2.0,7.0,0.098
1.9,1.9,2.1,7.1,0.126
1.9,1.9,2.2,7.2,0.132
1.9,1.9,2.3,7.3,0.096
1.9,1.9,2.4,7.4,0.106
1.9,1.9,2.5,7.5,0.112
1.9,1.9,2.6,7.6,0.098
1.9,1.9,2.7,7.7,0.112
1.9,1.9,2.8,7.8,0.094
1.9,1.9,2.9,7.9,0.092
1.9,1.9,3.0,8.0,0.094
1.9,1.9,3.1,8.1,0.1
1.9,1.9,3.2,8.2,0.086
1.9,1.9,3.3,8.3,0.092
1.9,1.9,3.4,8.4,0.102
1.9,1.9,3.5,8.5,0.064
1.9,1.9,3.6,8.6,0.104
1.9,1.9,3.7,8.7,0.072
1.9,1.9,3.8,8.8,0.062
1.9,1.9,3.9,8.9,0.084
1.9,1.9,4.0,9.0,0.088
1.9,1.9,4.1,9.1,0.09
1.9,1.9,4.2,9.2,0.09
1.9,1.9,4.3,9.3,0.076
1.9,1.9,4.4,9.4,0.076
1.9,1.9,4.5,9.5,0.06
1.9,1.9,4.6,9.6,0.084
1.9,1.9,4.7,9.7,0.046
1.9,1.9,4.8,9.8,0.07
1.9,1.9,4.9,9.9,0.074
1.9,1.9,5.0,10.0,0.088
1.9,1.9,5.1,10.1,0.058
1.9,1.9,5.2,10.2,0.066
1.9,1.9,5.3,10.3,0.046
1.9,1.9,5.4,10.4,0.068
1.9,1.9,5.5,10.5,0.066
1.9,1.9,5.6,10.6,0.042
1.9,1.9,5.7,10.7,0.054
1.9,1.9,5.8,10.8,0.042
1.9,1.9,5.9,10.9,0.05
1.9,1.9,6.0,11.0,0.064
1.9,1.9,6.1,11.1,0.04
1.9,1.9,6.2,11.2,0.05
1.9,1.9,6.3,11.3,0.038
1.9,1.9,6.4,11.4,0.052
1.9,1.9,6.5,11.5,0.05
1.9,1.9,6.6,11.6,0.058
1.9,1.9,6.7,11.7,0.076
1.9,1.9,6.8,11.8,0.062
1.9,1.9,6.9,11.9,0.056
1.9,1.9,7.0,12.0,0.054
1.9,1.9,7.1,12.1,0.048
1.9,1.9,7.2,12.2,0.046
1.9,1.9,7.3,12.3,0.054
1.9,1.9,7.4,12.4,0.05
1.9,1.9,7.5,12.5,0.042
1.9,1.9,7.6,12.6,0.046
1.9,1.9,7.7,12.7,0.042
1.9,1.9,7.8,12.8,0.082
1.9,1.9,7.9,12.9,0.064
1.9,1.9,8.0,13.0,0.042
1.9,1.9,8.1,13.1,0.04
1.9,1.9,8.2,13.2,0.056
1.9,1.9,8.3,13.3,0.052
1.9,1.9,8.4,13.4,0.044
1.9,1.9,8.5,13.5,0.05
1.9,1.9,8.6,13.6,0.046
1.9,1.9,8.7,13.7,0.062
1.9,1.9,8.8,13.8,0.05
1.9,1.9,8.9,13.9,0.038
1.9,1.9,9.0,14.0,0.048
1.9,1.9,9.1,14.1,0.072
1.9,1.9,9.2,14.2,0.046
1.9,1.9,9.3,14.3,0.074
1.9,1.9,9.4,14.4,0.048
1.9,1.9,9.5,14.5,0.064
1.9,1.9,9.6,14.6,0.058
1.9,1.9,9.7,14.7,0.036
1.9,1.9,9.8,14.8,0.052
1.9,1.9,9.9,14.9,0.062
1.9,1.9,10.0,15.0,0.058
1.9,1.9,10.1,15.1,0.04
1.9,1.9,10.2,15.2,0.036
1.9,1.9,10.3,15.3,0.046
1.9,1.9,10.4,15.4,0.04
1.9,1.9,10.5,15.5,0.046
1.9,1.9,10.6,15.6,0.05
1.9,1.9,10.7,15.7,0.056
1.9,1.9,10.8,15.8,0.044
1.9,1.9,10.9,15.9,0.052
1.9,1.9,11.0,16.0,0.038
1.9,1.9,11.1,16.1,0.058
1.9,1.9,11.2,16.2,0.056
1.9,1.9,11.3,16.3,0.032
1.9,1.9,11.4,16.4,0.048
1.9,1.9,11.5,16.5,0.048
1.9,1.9,11.6,16.6,0.048
1.9,1.9,11.7,16.7,0.056
1.9,1.9,11.8,16.8,0.062
1.9,1.9,11.9,16.9,0.044
1.9,1.9,12.0,17.0,0.05
1.9,1.9,12.1,17.1,0.052
1.9,1.9,12.2,17.2,0.06
1.9,1.9,12.3,17.3,0.062
1.9,1.9,12.4,17.4,0.048
1.9,1.9,12.5,17.5,0.054
1.9,1.9,12.6,17.6,0.054
1.9,1.9,12.7,17.7,0.07
1.9,1.9,12.8,17.8,0.04
1.9,1.9,12.9,17.9,0.052
1.9,1.9,13.0,18.0,0.044
1.9,1.9,13.1,18.1,0.062
1.9,1.9,13.2,18.2,0.054
1.9,1.9,13.3,18.3,0.044
1.9,1.9,13.4,18.4,0.062
1.9,1.9,13.5,18.5,0.038
1.9,1.9,13.6,18.6,0.048
1.9,1.9,13.7,18.7,0.038
1.9,1.9,13.8,18.8,0.052
1.9,1.9,13.9,18.9,0.042
1.9,1.9,14.0,19.0,0.07
1.9,1.9,14.1,19.1,0.066
1.9,1.9,14.2,19.2,0.046
1.9,1.9,14.3,19.3,0.056
1.9,1.9,14.4,19.4,0.072
1.9,1.9,14.5,19.5,0.056
1.9,1.9,14.6,19.6,0.042
1.9,1.9,14.7,19.7,0.056
1.9,1.9,14.8,19.8,0.058
1.9,1.9,14.9,19.9,0.048
1.9,1.9,15.0,20.0,0.04
2.0,2.0,0.0,5.0,0.158
2.0,2.0,0.1,5.1,0.196
2.0,2.0,0.2,5.2,0.18
2.0,2.0,0.3,5.3,0.158
2.0,2.0,0.4,5.4,0.132
2.0,2.0,0.5,5.5,0.146
2.0,2.0,0.6,5.6,0.13
2.0,2.0,0.7,5.7,0.154
2.0,2.0,0.8,5.8,0.134
2.0,2.0,0.9,5.9,0.162
2.0,2.0,1.0,6.0,0.13
2.0,2.0,1.1,6.1,0.11
2.0,2.0,1.2,6.2,0.146
2.0,2.0,1.3,6.3,0.11
2.0,2.0,1.4,6.4,0.114
2.0,2.0,1.5,6.5,0.094
2.0,2.0,1.6,6.6,0.114
2.0,2.0,1.7,6.7,0.134
2.0,2.0,1.8,6.8,0.104
2.0,2.0,1.9,6.9,0.106
2.0,2.0,2.0,7.0,0.13
2.0,2.0,2.1,7.1,0.116
2.0,2.0,2.2,7.2,0.1
2.0,2.0,2.3,7.3,0.126
2.0,2.0,2.4,7.4,0.092
2.0,2.0,2.5,7.5,0.132
2.0,2.0,2.6,7.6,0.108
2.0,2.0,2.7,7.7,0.114
2.0,2.0,2.8,7.8,0.094
2.0,2.0,2.9,7.9,0.09
2.0,2.0,3.0,8.0,0.098
2.0,2.0,3.1,8.1,0.116
2.0,2.0,3.2,8.2,0.084
2.0,2.0,3.3,8.3,0.094
2.0,2.0,3.4,8.4,0.076
2.0,2.0,3.5,8.5,0.08
2.0,2.0,3.6,8.6,0.112
2.0,2.0,3.7,8.7,0.05
2.0,2.0,3.8,8.8,0.074
2.0,2.0,3.9,8.9,0.094
2.0,2.0,4.0,9.0,0.096
2.0,2.0,4.1,9.1,0.084
2.0,2.0,4.2,9.2,0.074
2.0,2.0,4.3,9.3,0.082
2.0,2.0,4.4,9.4,0.09
2.0,2.0,4.5,9.5,0.056
2.0,2.0,4.6,9.6,0.068
2.0,2.0,4.7,9.7,0.064
2.0,2.0,4.8,9.8,0.054
2.0,2.0,4.9,9.9,0.06
2.0,2.0,5.0,10.0,0.066
2.0,2.0,5.1,10.1,0.044
2.0,2.0,5.2,10.2,0.064
2.0,2.0,5.3,10.3,0.046
2.0,2.0,5.4,10.4,0.056
2.0,2.0,5.5,10.5,0.06
2.0,2.0,5.6,10.6,0.048
2.0,2.0,5.7,10.7,0.05
2.0,2.0,5.8,10.8,0.046
2.0,2.0,5.9,10.9,0.054
2.0,2.0,6.0,11.0,0.064
2.0,2.0,6.1,11.1,0.074
2.0,2.0,6.2,11.2,0.068
2.0,2.0,6.3,11.3,0.052
2.0,2.0,6.4,11.4,0.066
2.0,2.0,6.5,11.5,0.038
2.0,2.0,6.6,11.6,0.044
2.0,2.0,6.7,11.7,0.046
2.0,2.0,6.8,11.8,0.048
2.0,2.0,6.9,11.9,0.046
2.0,2.0,7.0,12.0,0.054
2.0,2.0,7.1,12.1,0.068
2.0,2.0,7.2,12.2,0.05
2.0,2.0,7.3,12.3,0.062
2.0,2.0,7.4,12.4,0.048
2.0,2.0,7.5,12.5,0.056
2.0,2.0,7.6,12.6,0.062
2.0,2.0,7.7,12.7,0.04
2.0,2.0,7.8,12.8,0.048
2.0,2.0,7.9,12.9,0.066
2.0,2.0,8.0,13.0,0.048
2.0,2.0,8.1,13.1,0.054
2.0,2.0,8.2,13.2,0.042
2.0,2.0,8.3,13.3,0.056
2.0,2.0,8.4,13.4,0.05
2.0,2.0,8.5,13.5,0.048
2.0,2.0,8.6,13.6,0.048
2.0,2.0,8.7,13.7,0.048
2.0,2.0,8.8,13.8,0.054
2.0,2.0,8.9,13.9,0.054
2.0,2.0,9.0,14.0,0.054
2.0,2.0,9.1,14.1,0.04
2.0,2.0,9.2,14.2,0.046
2.0,2.0,9.3,14.3,0.056
2.0,2.0,9.4,14.4,0.044
2.0,2.0,9.5,14.5,0.05
2.0,2.0,9.6,14.6,0.038
2.0,2.0,9.7,14.7,0.056
2.0,2.0,9.8,14.8,0.046
2.0,2.0,9.9,14.9,0.05
2.0,2.0,10.0,15.0,0.034
2.0,2.0,10.1,15.1,0.066
2.0,2.0,10.2,15.2,0.058
2.0,2.0,10.3,15.3,0.034
2.0,2.0,10.4,15.4,0.052
2.0,2.0,10.5,15.5,0.046
2.0,2.0,10.6,15.6,0.052
2.0,2.0,10.7,15.7,0.054
2.0,2.0,10.8,15.8,0.046
2.0,2.0,10.9,15.9,0.052
2.0,2.0,11.0,16.0,0.048
2.0,2.0,11.1,16.1,0.044
2.0,2.0,11.2,16.2,0.048
2.0,2.0,11.3,16.3,0.038
2.0,2.0,11.4,16.4,0.034
2.0,2.0,11.5,16.5,0.044
2.0,2.0,11.6,16.6,0.05
2.0,2.0,11.7,16.7,0.05
2.0,2.0,11.8,16.8,0.038
2.0,2.0,11.9,16.9,0.036
2.0,2.0,12.0,17.0,0.046
2.0,2.0,12.1,17.1,0.05
2.0,2.0,12.2,17.2,0.056
2.0,2.0,12.3,17.3,0.06
2.0,2.0,12.4,17.4,0.05
2.0,2.0,12.5,17.5,0.044
2.0,2.0,12.6,17.6,0.044
2.0,2.0,12.7,17.7,0.04
2.0,2.0,12.8,17.8,0.042
2.0,2.0,12.9,17.9,0.054
2.0,2.0,13.0,18.0,0.05
2.0,2.0,13.1,18.1,0.06
2.0,2.0,13.2,18.2,0.028
2.0,2.0,13.3,18.3,0.034
2.0,2.0,13.4,18.4,0.056
2.0,2.0,13.5,18.5,0.056
2.0,2.0,13.6,18.6,0.054
2.0,2.0,13.7,18.7,0.036
2.0,2.0,13.8,18.8,0.05
2.0,2.0,13.9,18.9,0.046
2.0,2.0,14.0,19.0,0.054
2.0,2.0,14.1,19.1,0.066
2.0,2.0,14.2,19.2,0.048
2.0,2.0,14.3,19.3,0.044
2.0,2.0,14.4,19.4,0.056
2.0,2.0,14.5,19.5,0.044
2.0,2.0,14.6,19.6,0.052
2.0,2.0,14.7,19.7,0.07
2.0,2.0,14.8,19.8,0.05
2.0,2.0,14.9,19.9,0.042
2.0,2.0,15.0,20.0,0.056
2.1,2.1,0.0,5.0,0.182
2.1,2.1,0.1,5.1,0.206
2.1,2.1,0.2,5.2,0.186
2.1,2.1,0.3,5.3,0.168
2.1,2.1,0.4,5.4,0.174
2.1,2.1,0.5,5.5,0.178
2.1,2.1,0.6,5.6,0.152
2.1,2.1,0.7,5.7,0.142
2.1,2.1,0.8,5.8,0.144
2.1,2.1,0.9,5.9,0.122
2.1,2.1,1.0,6.0,0.116
2.1,2.1,1.1,6.1,0.124
2.1,2.1,1.2,6.2,0.126
2.1,2.1,1.3,6.3,0.108
2.1,2.1,1.4,6.4,0.09
2.1,2.1,1.5,6.5,0.12
2.1,2.1,1.6,6.6,0.12
2.1,2.1,1.7,6.7,0.116
2.1,2.1,1.8,6.8,0.12
2.1,2.1,1.9,6.9,0.102
2.1,2.1,2.0,7.0,0.124
2.1,2.1,2.1,7.1,0.11
2.1,2.1,2.2,7.2,0.096
2.1,2.1,2.3,7.3,0.104
2.1,2.1,2.4,7.4,0.102
2.1,2.1,2.5,7.5,0.096
2.1,2.1,2.6,7.6,0.114
2.1,2.1,2.7,7.7,0.086
2.1,2.1,2.8,7.8,0.122
2.1,2.1,2.9,7.9,0.094
2.1,2.1,3.0,8.0,0.092
2.1,2.1,3.1,8.1,0.098
2.1,2.1,3.2,8.2,0.1
2.1,2.1,3.3,8.3,0.1
2.1,2.1,3.4,8.4,0.094
2.1,2.1,3.5,8.5,0.078
2.1,2.1,3.6,8.6,0.092
2.1,2.1,3.7,8.7,0.104
2.1,2.1,3.8,8.8,0.09
2.1,2.1,3.9,8.9,0.106
2.1,2.1,4.0,9.0,0.096
2.1,2.1,4.1,9.1,0.082
2.1,2.1,4.2,9.2,0.066
2.1,2.1,4.3,9.3,0.11
2.1,2.1,4.4,9.4,0.082
2.1,2.1,4.5,9.5,0.066
2.1,2.1,4.6,9.6,0.11
2.1,2.1,4.7,9.7,0.038
2.1,2.1,4.8,9.8,0.064
2.1,2.1,4.9,9.9,0.074
2.1,2.1,5.0,10.0,0.054
2.1,2.1,5.1,10.1,0.078
2.1,2.1,5.2,10.2,0.054
2.1,2.1,5.3,10.3,0.054
2.1,2.1,5.4,10.4,0.052
2.1,2.1,5.5,10.5,0.07
2.1,2.1,5.6,10.6,0.056
2.1,2.1,5.7,10.7,0.062
2.1,2.1,5.8,10.8,0.068
2.1,2.1,5.9,10.9,0.05
2.1,2.1,6.0,11.0,0.058
2.1,2.1,6.1,11.1,0.052
2.1,2.1,6.2,11.2,0.056
2.1,2.1,6.3,11.3,0.044
2.1,2.1,6.4,11.4,0.048
2.1,2.1,6.5,11.5,0.05
2.1,2.1,6.6,11.6,0.044
2.1,2.1,6.7,11.7,0.038
2.1,2.1,6.8,11.8,0.046
2.1,2.1,6.9,11.9,0.066
2.1,2.1,7.0,12.0,0.032
2.1,2.1,7.1,12.1,0.052
2.1,2.1,7.2,12.2,0.052
2.1,2.1,7.3,12.3,0.048
2.1,2.1,7.4,12.4,0.052
2.1,2.1,7.5,12.5,0.038
2.1,2.1,7.6,12.6,0.038
2.1,2.1,7.7,12.7,0.034
2.1,2.1,7.8,12.8,0.054
2.1,2.1,7.9,12.9,0.066
2.1,2.1,8.0,13.0,0.054
2.1,2.1,8.1,13.1,0.044
2.1,2.1,8.2,13.2,0.052
2.1,2.1,8.3,13.3,0.056
2.1,2.1,8.4,13.4,0.044
2.1,2.1,8.5,13.5,0.054
2.1,2.1,8.6,13.6,0.052
2.1,2.1,8.7,13.7,0.036
2.1,2.1,8.8,13.8,0.042
2.1,2.1,8.9,13.9,0.054
2.1,2.1,9.0,14.0,0.052
2.1,2.1,9.1,14.1,0.046
2.1,2.1,9.2,14.2,0.048
2.1,2.1,9.3,14.3,0.048
2.1,2.1,9.4,14.4,0.04
2.1,2.1,9.5,14.5,0.054
2.1,2.1,9.6,14.6,0.04
2.1,2.1,9.7,14.7,0.048
2.1,2.1,9.8,14.8,0.046
2.1,2.1,9.9,14.9,0.054
2.1,2.1,10.0,15.0,0.056
2.1,2.1,10.1,15.1,0.062
2.1,2.1,10.2,15.2,0.058
2.1,2.1,10.3,15.3,0.062
2.1,2.1,10.4,15.4,0.05
2.1,2.1,10.5,15.5,0.062
2.1,2.1,10.6,15.6,0.046
2.1,2.1,10.7,15.7,0.054
2.1,2.1,10.8,15.8,0.056
2.1,2.1,10.9,15.9,0.044
2.1,2.1,11.0,16.0,0.054
2.1,2.1,11.1,16.1,0.036
2.1,2.1,11.2,16.2,0.052
2.1,2.1,11.3,16.3,0.052
2.1,2.1,11.4,16.4,0.06
2.1,2.1,11.5,16.5,0.038
2.1,2.1,11.6,16.6,0.044
2.1,2.1,11.7,16.7,0.038
2.1,2.1,11.8,16.8,0.034
2.1,2.1,11.9,16.9,0.046
2.1,2.1,12.0,17.0,0.038
2.1,2.1,12.1,17.1,0.064
2.1,2.1,12.2,17.2,0.066
2.1,2.1,12.3,17.3,0.056
2.1,2.1,12.4,17.4,0.052
2.1,2.1,12.5,17.5,0.024
2.1,2.1,12.6,17.6,0.056
2.1,2.1,12.7,17.7,0.048
2.1,2.1,12.8,17.8,0.056
2.1,2.1,12.9,17.9,0.036
2.1,2.1,13.0,18.0,0.046
2.1,2.1,13.1,18.1,0.032
2.1,2.1,13.2,18.2,0.052
2.1,2.1,13.3,18.3,0.046
2.1,2.1,13.4,18.4,0.064
2.1,2.1,13.5,18.5,0.036
2.1,2.1,13.6,18.6,0.048
2.1,2.1,13.7,18.7,0.05
2.1,2.1,13.8,18.8,0.042
2.1,2.1,13.9,18.9,0.066
2.1,2.1,14.0,19.0,0.05
2.1,2.1,14.1,19.1,0.05
2.1,2.1,14.2,19.2,0.04
2.1,2.1,14.3,19.3,0.04
2.1,2.1,14.4,19.4,0.062
2.1,2.1,14.5,19.5,0.046
2.1,2.1,14.6,19.6,0.05
2.1,2.1,14.7,19.7,0.05
2.1,2.1,14.8,19.8,0.04
2.1,2.1,14.9,19.9,0.048
2.1,2.1,15.0,20.0,0.05
2.2,2.2,0.0,5.0,0.204
2.2,2.2,0.1,5.1,0.206
2.2,2.2,0.2,5.2,0.238
2.2,2.2,0.3,5.3,0.174
2.2,2.2,0.4,5.4,0.18
2.2,2.2,0.5,5.5,0.152
2.2,2.2,0.6,5.6,0.134
2.2,2.2,0.7,5.7,0.134
2.2,2.2,0.8,5.8,0.15
2.2,2.2,0.9,5.9,0.132
2.2,2.2,1.0,6.0,0.134
2.2,2.2,1.1,6.1,0.118
2.2,2.2,1.2,6.2,0.11
2.2,2.2,1.3,6.3,0.086
2.2,2.2,1.4,6.4,0.104
2.2,2.2,1.5,6.5,0.1
2.2,2.2,1.6,6.6,0.112
2.2,2.2,1.7,6.7,0.1
2.2,2.2,1.8,6.8,0.126
2.2,2.2,1.9,6.9,0.104
2.2,2.2,2.0,7.0,0.096
2.2,2.2,2.1,7.1,0.102
2.2,2.2,2.2,7.2,0.1
2.2,2.2,2.3,7.3,0.116
2.2,2.2,2.4,7.4,0.082
2.2,2.2,2.5,7.5,0.116
2.2,2.2,2.6,7.6,0.114
2.2,2.2,2.7,7.7,0.104
2.2,2.2,2.8,7.8,0.112
2.2,2.2,2.9,7.9,0.082
2.2,2.2,3.0,8.0,0.14
2.2,2.2,3.1,8.1,0.106
2.2,2.2,3.2,8.2,0.08
2.2,2.2,3.3,8.3,0.096
2.2,2.2,3.4,8.4,0.13
2.2,2.2,3.5,8.5,0.106
2.2,2.2,3.6,8.6,0.078
2.2,2.2,3.7,8.7,0.106
2.2,2.2,3.8,8.8,0.098
2.2,2.2,3.9,8.9,0.098
2.2,2.2,4.0,9.0,0.09
2.2,2.2,4.1,9.1,0.086
2.2,2.2,4.2,9.2,0.056
2.2,2.2,4.3,9.3,0.072
2.2,2.2,4.4,9.4,0.064
2.2,2.2,4.5,9.5,0.098
2.2,2.2,4.6,9.6,0.066
2.2,2.2,4.7,9.7,0.068
2.2,2.2,4.8,9.8,0.052
2.2,2.2,4.9,9.9,0.092
2.2,2.2,5.0,10.0,0.076
2.2,2.2,5.1,10.1,0.068
2.2,2.2,5.2,10.2,0.07
2.2,2.2,5.3,10.3,0.064
2.2,2.2,5.4,10.4,0.058
2.2,2.2,5.5,10.5,0.046
2.2,2.2,5.6,10.6,0.076
2.2,2.2,5.7,10.7,0.05
2.2,2.2,5.8,10.8,0.038
2.2,2.2,5.9,10.9,0.056
2.2,2.2,6.0,11.0,0.056
2.2,2.2,6.1,11.1,0.062
2.2,2.2,6.2,11.2,0.058
2.2,2.2,6.3,11.3,0.06
2.2,2.2,6.4,11.4,0.054
2.2,2.2,6.5,11.5,0.04
2.2,2.2,6.6,11.6,0.06
2.2,2.2,6.7,11.7,0.046
2.2,2.2,6.8,11.8,0.048
2.2,2.2,6.9,11.9,0.038
2.2,2.2,7.0,12.0,0.042
2.2,2.2,7.1,12.1,0.044
2.2,2.2,7.2,12.2,0.046
2.2,2.2,7.3,12.3,0.05
2.2,2.2,7.4,12.4,0.042
2.2,2.2,7.5,12.5,0.044
2.2,2.2,7.6,12.6,0.052
2.2,2.2,7.7,12.7,0.042
2.2,2.2,7.8,12.8,0.052
2.2,2.2,7.9,12.9,0.04
2.2,2.2,8.0,13.0,0.056
2.2,2.2,8.1,13.1,0.08
2.2,2.2,8.2,13.2,0.038
2.2,2.2,8.3,13.3,0.046
2.2,2.2,8.4,13.4,0.046
2.2,2.2,8.5,13.5,0.052
2.2,2.2,8.6,13.6,0.042
2.2,2.2,8.7,13.7,0.04
2.2,2.2,8.8,13.8,0.064
2.2,2.2,8.9,13.9,0.044
2.2,2.2,9.0,14.0,0.044
2.2,2.2,9.1,14.1,0.066
2.2,2.2,9.2,14.2,0.056
2.2,2.2,9.3,14.3,0.034
2.2,2.2,9.4,14.4,0.04
2.2,2.2,9.5,14.5,0.052
2.2,2.2,9.6,14.6,0.05
2.2,2.2,9.7,14.7,0.06
2.2,2.2,9.8,14.8,0.058
2.2,2.2,9.9,14.9,0.036
2.2,2.2,10.0,15.0,0.048
2.2,2.2,10.1,15.1,0.058
2.2,2.2,10.2,15.2,0.054
2.2,2.2,10.3,15.3,0.064
2.2,2.2,10.4,15.4,0.054
2.2,2.2,10.5,15.5,0.052
2.2,2.2,10.6,15.6,0.056
2.2,2.2,10.7,15.7,0.044
2.2,2.2,10.8,15.8,0.062
2.2,2.2,10.9,15.9,0.056
2.2,2.2,11.0,16.0,0.052
2.2,2.2,11.1,16.1,0.052
2.2,2.2,11.2,16.2,0.06
2.2,2.2,11.3,16.3,0.058
2.2,2.2,11.4,16.4,0.042
2.2,2.2,11.5,16.5,0.048
2.2,2.2,11.6,16.6,0.062
2.2,2.2,11.7,16.7,0.052
2.2,2.2,11.8,16.8,0.036
2.2,2.2,11.9,16.9,0.05
2.2,2.2,12.0,17.0,0.048
2.2,2.2,12.1,17.1,0.034
2.2,2.2,12.2,17.2,0.064
2.2,2.2,12.3,17.3,0.048
2.2,2.2,12.4,17.4,0.06
2.2,2.2,12.5,17.5,0.046
2.2,2.2,12.6,17.6,0.052
2.2,2.2,12.7,17.7,0.066
2.2,2.2,12.8,17.8,0.052
2.2,2.2,12.9,17.9,0.062
2.2,2.2,13.0,18.0,0.046
2.2,2.2,13.1,18.1,0.064
2.2,2.2,13.2,18.2,0.054
2.2,2.2,13.3,18.3,0.048
2.2,2.2,13.4,18.4,0.056
2.2,2.2,13.5,18.5,0.062
2.2,2.2,13.6,18.6,0.028
2.2,2.2,13.7,18.7,0.056
2.2,2.2,13.8,18.8,0.052
2.2,2.2,13.9,18.9,0.046
2.2,2.2,14.0,19.0,0.06
2.2,2.2,14.1,19.1,0.042
2.2,2.2,14.2,19.2,0.054
2.2,2.2,14.3,19.3,0.054
2.2,2.2,14.4,19.4,0.052
2.2,2.2,14.5,19.5,0.048
2.2,2.2,14.6,19.6,0.05
2.2,2.2,14.7,19.7,0.062
2.2,2.2,14.8,19.8,0.044
2.2,2.2,14.9,19.9,0.054
2.2,2.2,15.0,20.0,0.04
2.3,2.3,0.0,5.0,0.236
2.3,2.3,0.1,5.1,0.212
2.3,2.3,0.2,5.2,0.198
2.3,2.3,0.3,5.3,0.19
2.3,2.3,0.4,5.4,0.166
2.3,2.3,0.5,5.5,0.174
2.3,2.3,0.6,5.6,0.13
2.3,2.3,0.7,5.7,0.14
2.3,2.3,0.8,5.8,0.148
2.3,2.3,0.9,5.9,0.16
2.3,2.3,1.0,6.0,0.14
2.3,2.3,1.1,6.1,0.15
2.3,2.3,1.2,6.2,0.118
2.3,2.3,1.3,6.3,0.154
2.3,2.3,1.4,6.4,0.092
2.3,2.3,1.5,6.5,0.128
2.3,2.3,1.6,6.6,0.134
2.3,2.3,1.7,6.7,0.136
2.3,2.3,1.8,6.8,0.124
2.3,2.3,1.9,6.9,0.122
2.3,2.3,2.0,7.0,0.108
2.3,2.3,2.1,7.1,0.104
2.3,2.3,2.2,7.2,0.14
2.3,2.3,2.3,7.3,0.088
2.3,2.3,2.4,7.4,0.126
2.3,2.3,2.5,7.5,0.106
2.3,2.3,2.6,7.6,0.112
2.3,2.3,2.7,7.7,0.094
2.3,2.3,2.8,7.8,0.11
2.3,2.3,2.9,7.9,0.102
2.3,2.3,3.0,8.0,0.086
2.3,2.3,3.1,8.1,0.098
2.3,2.3,3.2,8.2,0.072
2.3,2.3,3.3,8.3,0.088
2.3,2.3,3.4,8.4,0.098
2.3,2.3,3.5,8.5,0.094
2.3,2.3,3.6,8.6,0.106
2.3,2.3,3.7,8.7,0.078
2.3,2.3,3.8,8.8,0.084
2.3,2.3,3.9,8.9,0.084
2.3,2.3,4.0,9.0,0.102
2.3,2.3,4.1,9.1,0.08
2.3,2.3,4.2,9.2,0.084
2.3,2.3,4.3,9.3,0.076
2.3,2.3,4.4,9.4,0.086
2.3,2.3,4.5,9.5,0.092
2.3,2.3,4.6,9.6,0.06
2.3,2.3,4.7,9.7,0.086
2.3,2.3,4.8,9.8,0.072
2.3,2.3,4.9,9.9,0.066
2.3,2.3,5.0,10.0,0.062
2.3,2.3,5.1,10.1,0.072
2.3,2.3,5.2,10.2,0.08
2.3,2.3,5.3,10.3,0.066
2.3,2.3,5.4,10.4,0.07
2.3,2.3,5.5,10.5,0.06
2.3,2.3,5.6,10.6,0.066
2.3,2.3,5.7,10.7,0.082
2.3,2.3,5.8,10.8,0.082
2.3,2.3,5.9,10.9,0.05
2.3,2.3,6.0,11.0,0.044
2.3,2.3,6.1,11.1,0.048
2.3,2.3,6.2,11.2,0.038
2.3,2.3,6.3,11.3,0.074
2.3,2.3,6.4,11.4,0.062
2.3,2.3,6.5,11.5,0.048
2.3,2.3,6.6,11.6,0.054
2.3,2.3,6.7,11.7,0.04
2.3,2.3,6.8,11.8,0.046
2.3,2.3,6.9,11.9,0.048
2.3,2.3,7.0,12.0,0.046
2.3,2.3,7.1,12.1,0.046
2.3,2.3,7.2,12.2,0.03
2.3,2.3,7.3,12.3,0.054
2.3,2.3,7.4,12.4,0.044
2.3,2.3,7.5,12.5,0.046
2.3,2.3,7.6,12.6,0.048
2.3,2.3,7.7,12.7,0.05
2.3,2.3,7.8,12.8,0.07
2.3,2.3,7.9,12.9,0.034
2.3,2.3,8.0,13.0,0.056
2.3,2.3,8.1,13.1,0.04
2.3,2.3,8.2,13.2,0.064
2.3,2.3,8.3,13.3,0.04
2.3,2.3,8.4,13.4,0.048
2.3,2.3,8.5,13.5,0.046
2.3,2.3,8.6,13.6,0.064
2.3,2.3,8.7,13.7,0.054
2.3,2.3,8.8,13.8,0.038
2.3,2.3,8.9,13.9,0.044
2.3,2.3,9.0,14.0,0.046
2.3,2.3,9.1,14.1,0.044
2.3,2.3,9.2,14.2,0.044
2.3,2.3,9.3,14.3,0.044
2.3,2.3,9.4,14.4,0.048
2.3,2.3,9.5,14.5,0.068
2.3,2.3,9.6,14.6,0.052
2.3,2.3,9.7,14.7,0.072
2.3,2.3,9.8,14.8,0.056
2.3,2.3,9.9,14.9,0.05
2.3,2.3,10.0,15.0,0.046
2.3,2.3,10.1,15.1,0.056
2.3,2.3,10.2,15.2,0.05
2.3,2.3,10.3,15.3,0.044
2.3,2.3,10.4,15.4,0.054
2.3,2.3,10.5,15.5,0.042
2.3,2.3,10.6,15.6,0.04
2.3,2.3,10.7,15.7,0.042
2.3,2.3,10.8,15.8,0.038
2.3,2.3,10.9,15.9,0.05
2.3,2.3,11.0,16.0,0.06
2.3,2.3,11.1,16.1,0.062
2.3,2.3,11.2,16.2,0.058
2.3,2.3,11.3,16.3,0.036
2.3,2.3,11.4,16.4,0.074
2.3,2.3,11.5,16.5,0.048
2.3,2.3,11.6,16.6,0.058
2.3,2.3,11.7,16.7,0.038
2.3,2.3,11.8,16.8,0.054
2.3,2.3,11.9,16.9,0.056
2.3,2.3,12.0,17.0,0.04
2.3,2.3,12.1,17.1,0.046
2.3,2.3,12.2,17.2,0.052
2.3,2.3,12.3,17.3,0.042
2.3,2.3,12.4,17.4,0.044
2.3,2.3,12.5,17.5,0.046
2.3,2.3,12.6,17.6,0.038
2.3,2.3,12.7,17.7,0.054
2.3,2.3,12.8,17.8,0.05
2.3,2.3,12.9,17.9,0.054
2.3,2.3,13.0,18.0,0.044
2.3,2.3,13.1,18.1,0.048
2.3,2.3,13.2,18.2,0.038
2.3,2.3,13.3,18.3,0.048
2.3,2.3,13.4,18.4,0.042
2.3,2.3,13.5,18.5,0.044
2.3,2.3,13.6,18.6,0.038
2.3,2.3,13.7,18.7,0.068
2.3,2.3,13.8,18.8,0.054
2.3,2.3,13.9,18.9,0.05
2.3,2.3,14.0,19.0,0.038
2.3,2.3,14.1,19.1,0.068
2.3,2.3,14.2,19.2,0.062
2.3,2.3,14.3,19.3,0.048
2.3,2.3,14.4,19.4,0.054
2.3,2.3,14.5,19.5,0.046
2.3,2.3,14.6,19.6,0.068
2.3,2.3,14.7,19.7,0.036
2.3,2.3,14.8,19.8,0.046
2.3,2.3,14.9,19.9,0.046
2.3,2.3,15.0,20.0,0.044
2.4,2.4,0.0,5.0,0.25
2.4,2.4,0.1,5.1,0.264
2.4,2.4,0.2,5.2,0.208
2.4,2.4,0.3,5.3,0.178
2.4,2.4,0.4,5.4,0.176
2.4,2.4,0.5,5.5,0.192
2.4,2.4,0.6,5.6,0.16
2.4,2.4,0.7,5.7,0.166
2.4,2.4,0.8,5.8,0.138
2.4,2.4,0.9,5.9,0.14
2.4,2.4,1.0,6.0,0.13
2.4,2.4,1.1,6.1,0.136
2.4,2.4,1.2,6.2,0.132
2.4,2.4,1.3,6.3,0.132
2.4,2.4,1.4,6.4,0.138
2.4,2.4,1.5,6.5,0.1
2.4,2.4,1.6,6.6,0.122
2.4,2.4,1.7,6.7,0.086
2.4,2.4,1.8,6.8,0.106
2.4,2.4,1.9,6.9,0.112
2.4,2.4,2.0,7.0,0.1
2.4,2.4,2.1,7.1,0.09
2.4,2.4,2.2,7.2,0.11
2.4,2.4,2.3,7.3,0.1
2.4,2.4,2.4,7.4,0.104
2.4,2.4,2.5,7.5,0.112
2.4,2.4,2.6,7.6,0.116
2.4,2.4,2.7,7.7,0.092
2.4,2.4,2.8,7.8,0.106
2.4,2.4,2.9,7.9,0.07
2.4,2.4,3.0,8.0,0.09
2.4,2.4,3.1,8.1,0.116
2.4,2.4,3.2,8.2,0.112
2.4,2.4,3.3,8.3,0.09
2.4,2.4,3.4,8.4,0.102
2.4,2.4,3.5,8.5,0.098
2.4,2.4,3.6,8.6,0.062
2.4,2.4,3.7,8.7,0.106
2.4,2.4,3.8,8.8,0.088
2.4,2.4,3.9,8.9,0.094
2.4,2.4,4.0,9.0,0.072
2.4,2.4,4.1,9.1,0.09
2.4,2.4,4.2,9.2,0.078
2.4,2.4,4.3,9.3,0.104
2.4,2.4,4.4,9.4,0.074
2.4,2.4,4.5,9.5,0.078
2.4,2.4,4.6,9.6,0.064
2.4,2.4,4.7,9.7,0.096
2.4,2.4,4.8,9.8,0.078
2.4,2.4,4.9,9.9,0.068
2.4,2.4,5.0,10.0,0.08
2.4,2.4,5.1,10.1,0.07
2.4,2.4,5.2,10.2,0.07
2.4,2.4,5.3,10.3,0.058
2.4,2.4,5.4,10.4,0.054
2.4,2.4,5.5,10.5,0.052
2.4,2.4,5.6,10.6,0.058
2.4,2.4,5.7,10.7,0.052
2.4,2.4,5.8,10.8,0.066
2.4,2.4,5.9,10.9,0.056
2.4,2.4,6.0,11.0,0.072
2.4,2.4,6.1,11.1,0.056
2.4,2.4,6.2,11.2,0.06
2.4,2.4,6.3,11.3,0.048
2.4,2.4,6.4,11.4,0.052
2.4,2.4,6.5,11.5,0.062
2.4,2.4,6.6,11.6,0.054
2.4,2.4,6.7,11.7,0.068
2.4,2.4,6.8,11.8,0.042
2.4,2.4,6.9,11.9,0.04
2.4,2.4,7.0,12.0,0.036
2.4,2.4,7.1,12.1,0.054
2.4,2.4,7.2,12.2,0.044
2.4,2.4,7.3,12.3,0.036
2.4,2.4,7.4,12.4,0.052
2.4,2.4,7.5,12.5,0.046
2.4,2.4,7.6,12.6,0.062
2.4,2.4,7.7,12.7,0.064
2.4,2.4,7.8,12.8,0.042
2.4,2.4,7.9,12.9,0.052
2.4,2.4,8.0,13.0,0.032
2.4,2.4,8.1,13.1,0.052
2.4,2.4,8.2,13.2,0.058
2.4,2.4,8.3,13.3,0.056
2.4,2.4,8.4,13.4,0.066
2.4,2.4,8.5,13.5,0.076
2.4,2.4,8.6,13.6,0.05
2.4,2.4,8.7,13.7,0.034
2.4,2.4,8.8,13.8,0.036
2.4,2.4,8.9,13.9,0.048
2.4,2.4,9.0,14.0,0.052
2.4,2.4,9.1,14.1,0.04
2.4,2.4,9.2,14.2,0.066
2.4,2.4,9.3,14.3,0.05
2.4,2.4,9.4,14.4,0.06
2.4,2.4,9.5,14.5,0.038
2.4,2.4,9.6,14.6,0.05
2.4,2.4,9.7,14.7,0.048
2.4,2.4,9.8,14.8,0.046
2.4,2.4,9.9,14.9,0.066
2.4,2.4,10.0,15.0,0.036
2.4,2.4,10.1,15.1,0.064
2.4,2.4,10.2,15.2,0.046
2.4,2.4,10.3,15.3,0.046
2.4,2.4,10.4,15.4,0.042
2.4,2.4,10.5,15.5,0.048
2.4,2.4,10.6,15.6,0.058
2.4,2.4,10.7,15.7,0.036
2.4,2.4,10.8,15.8,0.06
2.4,2.4,10.9,15.9,0.036
2.4,2.4,11.0,16.0,0.056
2.4,2.4,11.1,16.1,0.052
2.4,2.4,11.2,16.2,0.044
2.4,2.4,11.3,16.3,0.058
2.4,2.4,11.4,16.4,0.06
2.4,2.4,11.5,16.5,0.054
2.4,2.4,11.6,16.6,0.052
2.4,2.4,11.7,16.7,0.054
2.4,2.4,11.8,16.8,0.044
2.4,2.4,11.9,16.9,0.062
2.4,2.4,12.0,17.0,0.052
2.4,2.4,12.1,17.1,0.058
2.4,2.4,12.2,17.2,0.066
2.4,2.4,12.3,17.3,0.042
2.4,2.4,12.4,17.4,0.036
2.4,2.4,12.5,17.5,0.072
2.4,2.4,12.6,17.6,0.042
2.4,2.4,12.7,17.7,0.028
2.4,2.4,12.8,17.8,0.058
2.4,2.4,12.9,17.9,0.06
2.4,2.4,13.0,18.0,0.068
2.4,2.4,13.1,18.1,0.058
2.4,2.4,13.2,18.2,0.042
2.4,2.4,13.3,18.3,0.058
2.4,2.4,13.4,18.4,0.036
2.4,2.4,13.5,18.5,0.054
2.4,2.4,13.6,18.6,0.048
2.4,2.4,13.7,18.7,0.044
2.4,2.4,13.8,18.8,0.064
2.4,2.4,13.9,18.9,0.066
2.4,2.4,14.0,19.0,0.072
2.4,2.4,14.1,19.1,0.054
2.4,2.4,14.2,19.2,0.04
2.4,2.4,14.3,19.3,0.034
2.4,2.4,14.4,19.4,0.058
2.4,2.4,14.5,19.5,0.04
2.4,2.4,14.6,19.6,0.034
2.4,2.4,14.7,19.7,0.044
2.4,2.4,14.8,19.8,0.04
2.4,2.4,14.9,19.9,0.044
2.4,2.4,15.0,20.0,0.06
2.5,2.5,0.0,5.0,0.308
2.5,2.5,0.1,5.1,0.262
2.5,2.5,0.2,5.2,0.246
2.5,2.5,0.3,5.3,0.23
2.5,2.5,0.4,5.4,0.222
2.5,2.5,0.5,5.5,0.224
2.5,2.5,0.6,5.6,0.184
2.5,2.5,0.7,5.7,0.158
2.5,2.5,0.8,5.8,0.136
2.5,2.5,0.9,5.9,0.144
2.5,2.5,1.0,6.0,0.128
2.5,2.5,1.1,6.1,0.104
2.5,2.5,1.2,6.2,0.132
2.5,2.5,1.3,6.3,0.128
2.5,2.5,1.4,6.4,0.114
2.5,2.5,1.5,6.5,0.106
2.5,2.5,1.6,6.6,0.12
2.5,2.5,1.7,6.7,0.12
2.5,2.5,1.8,6.8,0.098
2.5,2.5,1.9,6.9,0.098
2.5,2.5,2.0,7.0,0.118
2.5,2.5,2.1,7.1,0.112
2.5,2.5,2.2,7.2,0.106
2.5,2.5,2.3,7.3,0.112
2.5,2.5,2.4,7.4,0.118
2.5,2.5,2.5,7.5,0.084
2.5,2.5,2.6,7.6,0.116
2.5,2.5,2.7,7.7,0.104
2.5,2.5,2.8,7.8,0.084
2.5,2.5,2.9,7.9,0.09
2.5,2.5,3.0,8.0,0.128
2.5,2.5,3.1,8.1,0.122
2.5,2.5,3.2,8.2,0.118
2.5,2.5,3.3,8.3,0.126
2.5,2.5,3.4,8.4,0.122
2.5,2.5,3.5,8.5,0.094
2.5,2.5,3.6,8.6,0.1
2.5,2.5,3.7,8.7,0.108
2.5,2.5,3.8,8.8,0.08
2.5,2.5,3.9,8.9,0.1
2.5,2.5,4.0,9.0,0.096
2.5,2.5,4.1,9.1,0.108
2.5,2.5,4.2,9.2,0.1
2.5,2.5,4.3,9.3,0.086
2.5,2.5,4.4,9.4,0.082
2.5,2.5,4.5,9.5,0.1
2.5,2.5,4.6,9.6,0.082
2.5,2.5,4.7,9.7,0.07
2.5,2.5,4.8,9.8,0.066
2.5,2.5,4.9,9.9,0.07
2.5,2.5,5.0,10.0,0.078
2.5,2.5,5.1,10.1,0.064
2.5,2.5,5.2,10.2,0.076
2.5,2.5,5.3,10.3,0.06
2.5,2.5,5.4,10.4,0.062
2.5,2.5,5.5,10.5,0.064
2.5,2.5,5.6,10.6,0.064
2.5,2.5,5.7,10.7,0.05
2.5,2.5,5.8,10.8,0.056
2.5,2.5,5.9,10.9,0.054
2.5,2.5,6.0,11.0,0.044
2.5,2.5,6.1,11.1,0.056
2.5,2.5,6.2,11.2,0.05
2.5,2.5,6.3,11.3,0.054
2.5,2.5,6.4,11.4,0.054
2.5,2.5,6.5,11.5,0.048
2.5,2.5,6.6,11.6,0.054
2.5,2.5,6.7,11.7,0.076
2.5,2.5,6.8,11.8,0.052
2.5,2.5,6.9,11.9,0.066
2.5,2.5,7.0,12.0,0.044
2.5,2.5,7.1,12.1,0.056
2.5,2.5,7.2,12.2,0.054
2.5,2.5,7.3,12.3,0.046
2.5,2.5,7.4,12.4,0.048
2.5,2.5,7.5,12.5,0.066
2.5,2.5,7.6,12.6,0.06
2.5,2.5,7.7,12.7,0.06
2.5,2.5,7.8,12.8,0.042
2.5,2.5,7.9,12.9,0.058
2.5,2.5,8.0,13.0,0.042
2.5,2.5,8.1,13.1,0.034
2.5,2.5,8.2,13.2,0.05
2.5,2.5,8.3,13.3,0.058
2.5,2.5,8.4,13.4,0.062
2.5,2.5,8.5,13.5,0.05
2.5,2.5,8.6,13.6,0.044
2.5,2.5,8.7,13.7,0.042
2.5,2.5,8.8,13.8,0.052
2.5,2.5,8.9,13.9,0.054
2.5,2.5,9.0,14.0,0.048
2.5,2.5,9.1,14.1,0.046
2.5,2.5,9.2,14.2,0.03
2.5,2.5,9.3,14.3,0.052
2.5,2.5,9.4,14.4,0.072
2.5,2.5,9.5,14.5,0.048
2.5,2.5,9.6,14.6,0.06
2.5,2.5,9.7,14.7,0.034
2.5,2.5,9.8,14.8,0.066
2.5,2.5,9.9,14.9,0.036
2.5,2.5,10.0,15.0,0.04
2.5,2.5,10.1,15.1,0.048
2.5,2.5,10.2,15.2,0.064
2.5,2.5,10.3,15.3,0.062
2.5,2.5,10.4,15.4,0.05
2.5,2.5,10.5,15.5,0.052
2.5,2.5,10.6,15.6,0.044
2.5,2.5,10.7,15.7,0.046
2.5,2.5,10.8,15.8,0.044
2.5,2.5,10.9,15.9,0.062
2.5,2.5,11.0,16.0,0.056
2.5,2.5,11.1,16.1,0.042
2.5,2.5,11.2,16.2,0.058
2.5,2.5,11.3,16.3,0.05
2.5,2.5,11.4,16.4,0.052
2.5,2.5,11.5,16.5,0.054
2.5,2.5,11.6,16.6,0.046
2.5,2.5,11.7,16.7,0.046
2.5,2.5,11.8,16.8,0.044
2.5,2.5,11.9,16.9,0.038
2.5,2.5,12.0,17.0,0.04
2.5,2.5,12.1,17.1,0.034
2.5,2.5,12.2,17.2,0.05
2.5,2.5,12.3,17.3,0.056
2.5,2.5,12.4,17.4,0.04
2.5,2.5,12.5,17.5,0.052
2.5,2.5,12.6,17.6,0.046
2.5,2.5,12.7,17.7,0.048
2.5,2.5,12.8,17.8,0.05
2.5,2.5,12.9,17.9,0.06
2.5,2.5,13.0,18.0,0.06
2.5,2.5,13.1,18.1,0.07
2.5,2.5,13.2,18.2,0.042
2.5,2.5,13.3,18.3,0.038
2.5,2.5,13.4,18.4,0.048
2.5,2.5,13.5,18.5,0.068
2.5,2.5,13.6,18.6,0.05
2.5,2.5,13.7,18.7,0.04
2.5,2.5,13.8,18.8,0.042
2.5,2.5,13.9,18.9,0.052
2.5,2.5,14.0,19.0,0.048
2.5,2.5,14.1,19.1,0.068
2.5,2.5,14.2,19.2,0.044
2.5,2.5,14.3,19.3,0.054
2.5,2.5,14.4,19.4,0.038
2.5,2.5,14.5,19.5,0.036
2.5,2.5,14.6,19.6,0.058
2.5,2.5,14.7,19.7,0.042
2.5,2.5,14.8,19.8,0.064
2.5,2.5,14.9,19.9,0.046
2.5,2.5,15.0,20.0,0.066
2.6,2.6,0.0,5.0,0.334
2.6,2.6,0.1,5.1,0.316
2.6,2.6,0.2,5.2,0.312
2.6,2.6,0.3,5.3,0.272
2.6,2.6,0.4,5.4,0.224
2.6,2.6,0.5,5.5,0.238
2.6,2.6,0.6,5.6,0.216
2.6,2.6,0.7,5.7,0.21
2.6,2.6,0.8,5.8,0.168
2.6,2.6,0.9,5.9,0.186
2.6,2.6,1.0,6.0,0.156
2.6,2.6,1.1,6.1,0.144
2.6,2.6,1.2,6.2,0.132
2.6,2.6,1.3,6.3,0.14
2.6,2.6,1.4,6.4,0.146
2.6,2.6,1.5,6.5,0.136
2.6,2.6,1.6,6.6,0.124
2.6,2.6,1.7,6.7,0.124
2.6,2.6,1.8,6.8,0.144
2.6,2.6,1.9,6.9,0.126
2.6,2.6,2.0,7.0,0.118
2.6,2.6,2.1,7.1,0.114
2.6,2.6,2.2,7.2,0.1
2.6,2.6,2.3,7.3,0.112
2.6,2.6,2.4,7.4,0.126
2.6,2.6,2.5,7.5,0.102
2.6,2.6,2.6,7.6,0.078
2.6,2.6,2.7,7.7,0.104
2.6,2.6,2.8,7.8,0.118
2.6,2.6,2.9,7.9,0.092
2.6,2.6,3.0,8.0,0.106
2.6,2.6,3.1,8.1,0.108
2.6,2.6,3.2,8.2,0.094
2.6,2.6,3.3,8.3,0.092
2.6,2.6,3.4,8.4,0.098
2.6,2.6,3.5,8.5,0.118
2.6,2.6,3.6,8.6,0.106
2.6,2.6,3.7,8.7,0.128
2.6,2.6,3.8,8.8,0.102
2.6,2.6,3.9,8.9,0.104
2.6,2.6,4.0,9.0,0.076
2.6,2.6,4.1,9.1,0.1
2.6,2.6,4.2,9.2,0.072
2.6,2.6,4.3,9.3,0.092
2.6,2.6,4.4,9.4,0.076
2.6,2.6,4.5,9.5,0.05
2.6,2.6,4.6,9.6,0.074
2.6,2.6,4.7,9.7,0.092
2.6,2.6,4.8,9.8,0.084
2.6,2.6,4.9,9.9,0.066
2.6,2.6,5.0,10.0,0.074
2.6,2.6,5.1,10.1,0.054
2.6,2.6,5.2,10.2,0.07
2.6,2.6,5.3,10.3,0.058
2.6,2.6,5.4,10.4,0.062
2.6,2.6,5.5,10.5,0.052
2.6,2.6,5.6,10.6,0.064
2.6,2.6,5.7,10.7,0.056
2.6,2.6,5.8,10.8,0.06
2.6,2.6,5.9,10.9,0.044
2.6,2.6,6.0,11.0,0.068
2.6,2.6,6.1,11.1,0.062
2.6,2.6,6.2,11.2,0.072
2.6,2.6,6.3,11.3,0.046
2.6,2.6,6.4,11.4,0.07
2.6,2.6,6.5,11.5,0.036
2.6,2.6,6.6,11.6,0.05
2.6,2.6,6.7,11.7,0.04
2.6,2.6,6.8,11.8,0.046
2.6,2.6,6.9,11.9,0.072
2.6,2.6,7.0,12.0,0.042
2.6,2.6,7.1,12.1,0.048
2.6,2.6,7.2,12.2,0.072
2.6,2.6,7.3,12.3,0.058
2.6,2.6,7.4,12.4,0.05
2.6,2.6,7.5,12.5,0.06
2.6,2.6,7.6,12.6,0.042
2.6,2.6,7.7,12.7,0.046
2.6,2.6,7.8,12.8,0.044
2.6,2.6,7.9,12.9,0.056
2.6,2.6,8.0,13.0,0.07
2.6,2.6,8.1,13.1,0.06
2.6,2.6,8.2,13.2,0.042
2.6,2.6,8.3,13.3,0.038
2.6,2.6,8.4,13.4,0.038
2.6,2.6,8.5,13.5,0.042
2.6,2.6,8.6,13.6,0.054
2.6,2.6,8.7,13.7,0.05
2.6,2.6,8.8,13.8,0.054
2.6,2.6,8.9,13.9,0.052
2.6,2.6,9.0,14.0,0.058
2.6,2.6,9.1,14.1,0.034
2.6,2.6,9.2,14.2,0.032
2.6,2.6,9.3,14.3,0.04
2.6,2.6,9.4,14.4,0.036
2.6,2.6,9.5,14.5,0.038
2.6,2.6,9.6,14.6,0.04
2.6,2.6,9.7,14.7,0.054
2.6,2.6,9.8,14.8,0.052
2.6,2.6,9.9,14.9,0.038
2.6,2.6,10.0,15.0,0.046
2.6,2.6,10.1,15.1,0.06
2.6,2.6,10.2,15.2,0.064
2.6,2.6,10.3,15.3,0.056
2.6,2.6,10.4,15.4,0.044
2.6,2.6,10.5,15.5,0.038
2.6,2.6,10.6,15.6,0.04
2.6,2.6,10.7,15.7,0.054
2.6,2.6,10.8,15.8,0.056
2.6,2.6,10.9,15.9,0.062
2.6,2.6,11.0,16.0,0.05
2.6,2.6,11.1,16.1,0.044
2.6,2.6,11.2,16.2,0.044
2.6,2.6,11.3,16.3,0.034
2.6,2.6,11.4,16.4,0.05
2.6,2.6,11.5,16.5,0.062
2.6,2.6,11.6,16.6,0.05
2.6,2.6,11.7,16.7,0.052
2.6,2.6,11.8,16.8,0.06
2.6,2.6,11.9,16.9,0.05
2.6,2.6,12.0,17.0,0.052
2.6,2.6,12.1,17.1,0.056
2.6,2.6,12.2,17.2,0.05
2.6,2.6,12.3,17.3,0.052
2.6,2.6,12.4,17.4,0.048
2.6,2.6,12.5,17.5,0.048
2.6,2.6,12.6,17.6,0.048
2.6,2.6,12.7,17.7,0.04
2.6,2.6,12.8,17.8,0.04
2.6,2.6,12.9,17.9,0.062
2.6,2.6,13.0,18.0,0.052
2.6,2.6,13.1,18.1,0.04
2.6,2.6,13.2,18.2,0.054
2.6,2.6,13.3,18.3,0.06
2.6,2.6,13.4,18.4,0.048
2.6,2.6,13.5,18.5,0.046
2.6,2.6,13.6,18.6,0.056
2.6,2.6,13.7,18.7,0.074
2.6,2.6,13.8,18.8,0.054
2.6,2.6,13.9,18.9,0.048
2.6,2.6,14.0,19.0,0.044
2.6,2.6,14.1,19.1,0.054
2.6,2.6,14.2,19.2,0.046
2.6,2.6,14.3,19.3,0.042
2.6,2.6,14.4,19.4,0.068
2.6,2.6,14.5,19.5,0.044
2.6,2.6,14.6,19.6,0.038
2.6,2.6,14.7,19.7,0.048
2.6,2.6,14.8,19.8,0.046
2.6,2.6,14.9,19.9,0.054
2.6,2.6,15.0,20.0,0.06
2.7,2.7,0.0,5.0,0.314
2.7,2.7,0.1,5.1,0.328
2.7,2.7,0.2,5.2,0.316
2.7,2.7,0.3,5.3,0.254
2.7,2.7,0.4,5.4,0.23
2.7,2.7,0.5,5.5,0.202
2.7,2.7,0.6,5.6,0.194
2.7,2.7,0.7,5.7,0.202
2.7,2.7,0.8,5.8,0.192
2.7,2.7,0.9,5.9,0.16
2.7,2.7,1.0,6.0,0.174
2.7,2.7,1.1,6.1,0.176
2.7,2.7,1.2,6.2,0.13
2.7,2.7,1.3,6.3,0.158
2.7,2.7,1.4,6.4,0.116
2.7,2.7,1.5,6.5,0.088
2.7,2.7,1.6,6.6,0.108
2.7,2.7,1.7,6.7,0.124
2.7,2.7,1.8,6.8,0.126
2.7,2.7,1.9,6.9,0.126
2.7,2.7,2.0,7.0,0.116
2.7,2.7,2.1,7.1,0.124
2.7,2.7,2.2,7.2,0.116
2.7,2.7,2.3,7.3,0.116
2.7,2.7,2.4,7.4,0.128
2.7,2.7,2.5,7.5,0.108
2.7,2.7,2.6,7.6,0.108
2.7,2.7,2.7,7.7,0.11
2.7,2.7,2.8,7.8,0.11
2.7,2.7,2.9,7.9,0.118
2.7,2.7,3.0,8.0,0.076
2.7,2.7,3.1,8.1,0.134
2.7,2.7,3.2,8.2,0.116
2.7,2.7,3.3,8.3,0.098
2.7,2.7,3.4,8.4,0.116
2.7,2.7,3.5,8.5,0.092
2.7,2.7,3.6,8.6,0.108
2.7,2.7,3.7,8.7,0.094
2.7,2.7,3.8,8.8,0.11
2.7,2.7,3.9,8.9,0.11
2.7,2.7,4.0,9.0,0.086
2.7,2.7,4.1,9.1,0.102
2.7,2.7,4.2,9.2,0.084
2.7,2.7,4.3,9.3,0.11
2.7,2.7,4.4,9.4,0.1
2.7,2.7,4.5,9.5,0.08
2.7,2.7,4.6,9.6,0.094
2.7,2.7,4.7,9.7,0.066
2.7,2.7,4.8,9.8,0.082
2.7,2.7,4.9,9.9,0.078
2.7,2.7,5.0,10.0,0.052
2.7,2.7,5.1,10.1,0.07
2.7,2.7,5.2,10.2,0.068
2.7,2.7,5.3,10.3,0.064
2.7,2.7,5.4,10.4,0.072
2.7,2.7,5.5,10.5,0.058
2.7,2.7,5.6,10.6,0.052
2.7,2.7,5.7,10.7,0.058
2.7,2.7,5.8,10.8,0.066
2.7,2.7,5.9,10.9,0.056
2.7,2.7,6.0,11.0,0.054
2.7,2.7,6.1,11.1,0.074
2.7,2.7,6.2,11.2,0.044
2.7,2.7,6.3,11.3,0.04
2.7,2.7,6.4,11.4,0.044
2.7,2.7,6.5,11.5,0.05
2.7,2.7,6.6,11.6,0.056
2.7,2.7,6.7,11.7,0.06
2.7,2.7,6.8,11.8,0.066
2.7,2.7,6.9,11.9,0.058
2.7,2.7,7.0,12.0,0.052
2.7,2.7,7.1,12.1,0.046
2.7,2.7,7.2,12.2,0.046
2.7,2.7,7.3,12.3,0.042
2.7,2.7,7.4,12.4,0.048
2.7,2.7,7.5,12.5,0.04
2.7,2.7,7.6,12.6,0.034
2.7,2.7,7.7,12.7,0.032
2.7,2.7,7.8,12.8,0.062
2.7,2.7,7.9,12.9,0.044
2.7,2.7,8.0,13.0,0.038
2.7,2.7,8.1,13.1,0.054
2.7,2.7,8.2,13.2,0.046
2.7,2.7,8.3,13.3,0.052
2.7,2.7,8.4,13.4,0.048
2.7,2.7,8.5,13.5,0.062
2.7,2.7,8.6,13.6,0.036
2.7,2.7,8.7,13.7,0.046
2.7,2.7,8.8,13.8,0.048
2.7,2.7,8.9,13.9,0.05
2.7,2.7,9.0,14.0,0.058
2.7,2.7,9.1,14.1,0.046
2.7,2.7,9.2,14.2,0.052
2.7,2.7,9.3,14.3,0.05
2.7,2.7,9.4,14.4,0.058
2.7,2.7,9.5,14.5,0.056
2.7,2.7,9.6,14.6,0.05
2.7,2.7,9.7,14.7,0.032
2.7,2.7,9.8,14.8,0.046
2.7,2.7,9.9,14.9,0.036
2.7,2.7,10.0,15.0,0.056
2.7,2.7,10.1,15.1,0.054
2.7,2.7,10.2,15.2,0.066
2.7,2.7,10.3,15.3,0.042
2.7,2.7,10.4,15.4,0.052
2.7,2.7,10.5,15.5,0.04
2.7,2.7,10.6,15.6,0.038
2.7,2.7,10.7,15.7,0.042
2.7,2.7,10.8,15.8,0.066
2.7,2.7,10.9,15.9,0.05
2.7,2.7,11.0,16.0,0.042
2.7,2.7,11.1,16.1,0.06
2.7,2.7,11.2,16.2,0.056
2.7,2.7,11.3,16.3,0.052
2.7,2.7,11.4,16.4,0.048
2.7,2.7,11.5,16.5,0.05
2.7,2.7,11.6,16.6,0.064
2.7,2.7,11.7,16.7,0.058
2.7,2.7,11.8,16.8,0.066
2.7,2.7,11.9,16.9,0.046
2.7,2.7,12.0,17.0,0.052
2.7,2.7,12.1,17.1,0.03
2.7,2.7,12.2,17.2,0.072
2.7,2.7,12.3,17.3,0.066
2.7,2.7,12.4,17.4,0.05
2.7,2.7,12.5,17.5,0.052
2.7,2.7,12.6,17.6,0.046
2.7,2.7,12.7,17.7,0.036
2.7,2.7,12.8,17.8,0.058
2.7,2.7,12.9,17.9,0.036
2.7,2.7,13.0,18.0,0.05
2.7,2.7,13.1,18.1,0.052
2.7,2.7,13.2,18.2,0.05
2.7,2.7,13.3,18.3,0.058
2.7,2.7,13.4,18.4,0.036
2.7,2.7,13.5,18.5,0.064
2.7,2.7,13.6,18.6,0.042
2.7,2.7,13.7,18.7,0.048
2.7,2.7,13.8,18.8,0.056
2.7,2.7,13.9,18.9,0.052
2.7,2.7,14.0,19.0,0.056
2.7,2.7,14.1,19.1,0.046
2.7,2.7,14.2,19.2,0.058
2.7,2.7,14.3,19.3,0.06
2.7,2.7,14.4,19.4,0.038
2.7,2.7,14.5,19.5,0.04
2.7,2.7,14.6,19.6,0.046
2.7,2.7,14.7,19.7,0.044
2.7,2.7,14.8,19.8,0.03
2.7,2.7,14.9,19.9,0.044
2.7,2.7,15.0,20.0,0.052
2.8,2.8,0.0,5.0,0.374
2.8,2.8,0.1,5.1,0.344
2.8,2.8,0.2,5.2,0.314
2.8,2.8,0.3,5.3,0.306
2.8,2.8,0.4,5.4,0.256
2.8,2.8,0.5,5.5,0.216
2.8,2.8,0.6,5.6,0.234
2.8,2.8,0.7,5.7,0.21
2.8,2.8,0.8,5.8,0.182
2.8,2.8,0.9,5.9,0.156
2.8,2.8,1.0,6.0,0.174
2.8,2.8,1.1,6.1,0.184
2.8,2.8,1.2,6.2,0.17
2.8,2.8,1.3,6.3,0.148
2.8,2.8,1.4,6.4,0.112
2.8,2.8,1.5,6.5,0.124
2.8,2.8,1.6,6.6,0.132
2.8,2.8,1.7,6.7,0.128
2.8,2.8,1.8,6.8,0.124
2.8,2.8,1.9,6.9,0.12
2.8,2.8,2.0,7.0,0.102
2.8,2.8,2.1,7.1,0.112
2.8,2.8,2.2,7.2,0.096
2.8,2.8,2.3,7.3,0.114
2.8,2.8,2.4,7.4,0.134
2.8,2.8,2.5,7.5,0.124
2.8,2.8,2.6,7.6,0.12
2.8,2.8,2.7,7.7,0.096
2.8,2.8,2.8,7.8,0.122
2.8,2.8,2.9,7.9,0.084
2.8,2.8,3.0,8.0,0.11
2.8,2.8,3.1,8.1,0.096
2.8,2.8,3.2,8.2,0.114
2.8,2.8,3.3,8.3,0.098
2.8,2.8,3.4,8.4,0.088
2.8,2.8,3.5,8.5,0.126
2.8,2.8,3.6,8.6,0.124
2.8,2.8,3.7,8.7,0.078
2.8,2.8,3.8,8.8,0.074
2.8,2.8,3.9,8.9,0.062
2.8,2.8,4.0,9.0,0.108
2.8,2.8,4.1,9.1,0.116
2.8,2.8,4.2,9.2,0.09
2.8,2.8,4.3,9.3,0.068
2.8,2.8,4.4,9.4,0.088
2.8,2.8,4.5,9.5,0.1
2.8,2.8,4.6,9.6,0.078
2.8,2.8,4.7,9.7,0.06
2.8,2.8,4.8,9.8,0.07
2.8,2.8,4.9,9.9,0.082
2.8,2.8,5.0,10.0,0.072
2.8,2.8,5.1,10.1,0.078
2.8,2.8,5.2,10.2,0.082
2.8,2.8,5.3,10.3,0.088
2.8,2.8,5.4,10.4,0.074
2.8,2.8,5.5,10.5,0.084
2.8,2.8,5.6,10.6,0.052
2.8,2.8,5.7,10.7,0.064
2.8,2.8,5.8,10.8,0.09
2.8,2.8,5.9,10.9,0.06
2.8,2.8,6.0,11.0,0.062
2.8,2.8,6.1,11.1,0.06
2.8,2.8,6.2,11.2,0.048
2.8,2.8,6.3,11.3,0.046
2.8,2.8,6.4,11.4,0.048
2.8,2.8,6.5,11.5,0.066
2.8,2.8,6.6,11.6,0.05
2.8,2.8,6.7,11.7,0.05
2.8,2.8,6.8,11.8,0.066
2.8,2.8,6.9,11.9,0.042
2.8,2.8,7.0,12.0,0.052
2.8,2.8,7.1,12.1,0.05
2.8,2.8,7.2,12.2,0.05
2.8,2.8,7.3,12.3,0.042
2.8,2.8,7.4,12.4,0.052
2.8,2.8,7.5,12.5,0.058
2.8,2.8,7.6,12.6,0.04
2.8,2.8,7.7,12.7,0.044
2.8,2.8,7.8,12.8,0.056
2.8,2.8,7.9,12.9,0.042
2.8,2.8,8.0,13.0,0.032
2.8,2.8,8.1,13.1,0.06
2.8,2.8,8.2,13.2,0.042
2.8,2.8,8.3,13.3,0.062
2.8,2.8,8.4,13.4,0.062
2.8,2.8,8.5,13.5,0.05
2.8,2.8,8.6,13.6,0.04
2.8,2.8,8.7,13.7,0.032
2.8,2.8,8.8,13.8,0.06
2.8,2.8,8.9,13.9,0.042
2.8,2.8,9.0,14.0,0.062
2.8,2.8,9.1,14.1,0.066
2.8,2.8,9.2,14.2,0.052
2.8,2.8,9.3,14.3,0.05
2.8,2.8,9.4,14.4,0.042
2.8,2.8,9.5,14.5,0.046
2.8,2.8,9.6,14.6,0.052
2.8,2.8,9.7,14.7,0.044
2.8,2.8,9.8,14.8,0.056
2.8,2.8,9.9,14.9,0.06
2.8,2.8,10.0,15.0,0.038
2.8,2.8,10.1,15.1,0.048
2.8,2.8,10.2,15.2,0.048
2.8,2.8,10.3,15.3,0.058
2.8,2.8,10.4,15.4,0.038
2.8,2.8,10.5,15.5,0.054
2.8,2.8,10.6,15.6,0.046
2.8,2.8,10.7,15.7,0.042
2.8,2.8,10.8,15.8,0.048
2.8,2.8,10.9,15.9,0.06
2.8,2.8,11.0,16.0,0.042
2.8,2.8,11.1,16.1,0.046
2.8,2.8,11.2,16.2,0.05
2.8,2.8,11.3,16.3,0.05
2.8,2.8,11.4,16.4,0.05
2.8,2.8,11.5,16.5,0.052
2.8,2.8,11.6,16.6,0.034
2.8,2.8,11.7,16.7,0.058
2.8,2.8,11.8,16.8,0.042
2.8,2.8,11.9,16.9,0.05
2.8,2.8,12.0,17.0,0.046
2.8,2.8,12.1,17.1,0.062
2.8,2.8,12.2,17.2,0.062
2.8,2.8,12.3,17.3,0.044
2.8,2.8,12.4,17.4,0.042
2.8,2.8,12.5,17.5,0.066
2.8,2.8,12.6,17.6,0.044
2.8,2.8,12.7,17.7,0.044
2.8,2.8,12.8,17.8,0.052
2.8,2.8,12.9,17.9,0.062
2.8,2.8,13.0,18.0,0.056
2.8,2.8,13.1,18.1,0.036
2.8,2.8,13.2,18.2,0.062
2.8,2.8,13.3,18.3,0.038
2.8,2.8,13.4,18.4,0.048
2.8,2.8,13.5,18.5,0.058
2.8,2.8,13.6,18.6,0.044
2.8,2.8,13.7,18.7,0.058
2.8,2.8,13.8,18.8,0.046
2.8,2.8,13.9,18.9,0.056
2.8,2.8,14.0,19.0,0.058
2.8,2.8,14.1,19.1,0.06
2.8,2.8,14.2,19.2,0.05
2.8,2.8,14.3,19.3,0.044
2.8,2.8,14.4,19.4,0.048
2.8,2.8,14.5,19.5,0.046
2.8,2.8,14.6,19.6,0.056
2.8,2.8,14.7,19.7,0.038
2.8,2.8,14.8,19.8,0.044
2.8,2.8,14.9,19.9,0.046
2.8,2.8,15.0,20.0,0.048
2.9,2.9,0.0,5.0,0.462
2.9,2.9,0.1,5.1,0.402
2.9,2.9,0.2,5.2,0.364
2.9,2.9,0.3,5.3,0.316
2.9,2.9,0.4,5.4,0.298
2.9,2.9,0.5,5.5,0.244
2.9,2.9,0.6,5.6,0.248
2.9,2.9,0.7,5.7,0.228
2.9,2.9,0.8,5.8,0.216
2.9,2.9,0.9,5.9,0.186
2.9,2.9,1.0,6.0,0.184
2.9,2.9,1.1,6.1,0.174
2.9,2.9,1.2,6.2,0.132
2.9,2.9,1.3,6.3,0.144
2.9,2.9,1.4,6.4,0.184
2.9,2.9,1.5,6.5,0.144
2.9,2.9,1.6,6.6,0.118
2.9,2.9,1.7,6.7,0.132
2.9,2.9,1.8,6.8,0.12
2.9,2.9,1.9,6.9,0.114
2.9,2.9,2.0,7.0,0.126
2.9,2.9,2.1,7.1,0.088
2.9,2.9,2.2,7.2,0.116
2.9,2.9,2.3,7.3,0.116
2.9,2.9,2.4,7.4,0.11
2.9,2.9,2.5,7.5,0.104
2.9,2.9,2.6,7.6,0.114
2.9,2.9,2.7,7.7,0.116
2.9,2.9,2.8,7.8,0.13
2.9,2.9,2.9,7.9,0.13
2.9,2.9,3.0,8.0,0.108
2.9,2.9,3.1,8.1,0.088
2.9,2.9,3.2,8.2,0.086
2.9,2.9,3.3,8.3,0.09
2.9,2.9,3.4,8.4,0.108
2.9,2.9,3.5,8.5,0.1
2.9,2.9,3.6,8.6,0.092
2.9,2.9,3.7,8.7,0.094
2.9,2.9,3.8,8.8,0.116
2.9,2.9,3.9,8.9,0.092
2.9,2.9,4.0,9.0,0.106
2.9,2.9,4.1,9.1,0.112
2.9,2.9,4.2,9.2,0.088
2.9,2.9,4.3,9.3,0.106
2.9,2.9,4.4,9.4,0.076
2.9,2.9,4.5,9.5,0.098
2.9,2.9,4.6,9.6,0.1
2.9,2.9,4.7,9.7,0.09
2.9,2.9,4.8,9.8,0.098
2.9,2.9,4.9,9.9,0.102
2.9,2.9,5.0,10.0,0.058
2.9,2.9,5.1,10.1,0.08
2.9,2.9,5.2,10.2,0.072
2.9,2.9,5.3,10.3,0.054
2.9,2.9,5.4,10.4,0.078
2.9,2.9,5.5,10.5,0.062
2.9,2.9,5.6,10.6,0.06
2.9,2.9,5.7,10.7,0.056
2.9,2.9,5.8,10.8,0.062
2.9,2.9,5.9,10.9,0.086
2.9,2.9,6.0,11.0,0.064
2.9,2.9,6.1,11.1,0.064
2.9,2.9,6.2,11.2,0.064
2.9,2.9,6.3,11.3,0.066
2.9,2.9,6.4,11.4,0.066
2.9,2.9,6.5,11.5,0.054
2.9,2.9,6.6,11.6,0.07
2.9,2.9,6.7,11.7,0.046
2.9,2.9,6.8,11.8,0.042
2.9,2.9,6.9,11.9,0.05
2.9,2.9,7.0,12.0,0.046
2.9,2.9,7.1,12.1,0.056
2.9,2.9,7.2,12.2,0.068
2.9,2.9,7.3,12.3,0.048
2.9,2.9,7.4,12.4,0.076
2.9,2.9,7.5,12.5,0.052
2.9,2.9,7.6,12.6,0.068
2.9,2.9,7.7,12.7,0.046
2.9,2.9,7.8,12.8,0.056
2.9,2.9,7.9,12.9,0.056
2.9,2.9,8.0,13.0,0.064
2.9,2.9,8.1,13.1,0.04
2.9,2.9,8.2,13.2,0.05
2.9,2.9,8.3,13.3,0.038
2.9,2.9,8.4,13.4,0.056
2.9,2.9,8.5,13.5,0.056
2.9,2.9,8.6,13.6,0.056
2.9,2.9,8.7,13.7,0.042
2.9,2.9,8.8,13.8,0.056
2.9,2.9,8.9,13.9,0.05
2.9,2.9,9.0,14.0,0.072
2.9,2.9,9.1,14.1,0.052
2.9,2.9,9.2,14.2,0.06
2.9,2.9,9.3,14.3,0.054
2.9,2.9,9.4,14.4,0.034
2.9,2.9,9.5,14.5,0.064
2.9,2.9,9.6,14.6,0.04
2.9,2.9,9.7,14.7,0.06
2.9,2.9,9.8,14.8,0.03
2.9,2.9,9.9,14.9,0.058
2.9,2.9,10.0,15.0,0.058
2.9,2.9,10.1,15.1,0.058
2.9,2.9,10.2,15.2,0.046
2.9,2.9,10.3,15.3,0.058
2.9,2.9,10.4,15.4,0.05
2.9,2.9,10.5,15.5,0.056
2.9,2.9,10.6,15.6,0.046
2.9,2.9,10.7,15.7,0.042
2.9,2.9,10.8,15.8,0.044
2.9,2.9,10.9,15.9,0.038
2.9,2.9,11.0,16.0,0.062
2.9,2.9,11.1,16.1,0.048
2.9,2.9,11.2,16.2,0.044
2.9,2.9,11.3,16.3,0.046
2.9,2.9,11.4,16.4,0.052
2.9,2.9,11.5,16.5,0.056
2.9,2.9,11.6,16.6,0.058
2.9,2.9,11.7,16.7,0.044
2.9,2.9,11.8,16.8,0.038
2.9,2.9,11.9,16.9,0.06
2.9,2.9,12.0,17.0,0.038
2.9,2.9,12.1,17.1,0.058
2.9,2.9,12.2,17.2,0.06
2.9,2.9,12.3,17.3,0.05
2.9,2.9,12.4,17.4,0.058
2.9,2.9,12.5,17.5,0.05
2.9,2.9,12.6,17.6,0.04
2.9,2.9,12.7,17.7,0.054
2.9,2.9,12.8,17.8,0.052
2.9,2.9,12.9,17.9,0.044
2.9,2.9,13.0,18.0,0.05
2.9,2.9,13.1,18.1,0.056
2.9,2.9,13.2,18.2,0.06
2.9,2.9,13.3,18.3,0.05
2.9,2.9,13.4,18.4,0.034
2.9,2.9,13.5,18.5,0.034
2.9,2.9,13.6,18.6,0.066
2.9,2.9,13.7,18.7,0.048
2.9,2.9,13.8,18.8,0.046
2.9,2.9,13.9,18.9,0.038
2.9,2.9,14.0,19.0,0.056
2.9,2.9,14.1,19.1,0.03
2.9,2.9,14.2,19.2,0.05
2.9,2.9,14.3,19.3,0.052
2.9,2.9,14.4,19.4,0.052
2.9,2.9,14.5,19.5,0.058
2.9,2.9,14.6,19.6,0.058
2.9,2.9,14.7,19.7,0.052
2.9,2.9,14.8,19.8,0.048
2.9,2.9,14.9,19.9,0.044
2.9,2.9,15.0,20.0,0.058
3.0,3.0,0.0,5.0,0.448
3.0,3.0,0.1,5.1,0.442
3.0,3.0,0.2,5.2,0.384
3.0,3.0,0.3,5.3,0.356
3.0,3.0,0.4,5.4,0.32
3.0,3.0,0.5,5.5,0.3
3.0,3.0,0.6,5.6,0.26
3.0,3.0,0.7,5.7,0.258
3.0,3.0,0.8,5.8,0.174
3.0,3.0,0.9,5.9,0.228
3.0,3.0,1.0,6.0,0.176
3.0,3.0,1.1,6.1,0.164
3.0,3.0,1.2,6.2,0.138
3.0,3.0,1.3,6.3,0.162
3.0,3.0,1.4,6.4,0.148
3.0,3.0,1.5,6.5,0.154
3.0,3.0,1.6,6.6,0.132
3.0,3.0,1.7,6.7,0.118
3.0,3.0,1.8,6.8,0.128
3.0,3.0,1.9,6.9,0.11
3.0,3.0,2.0,7.0,0.128
3.0,3.0,2.1,7.1,0.116
3.0,3.0,2.2,7.2,0.126
3.0,3.0,2.3,7.3,0.13
3.0,3.0,2.4,7.4,0.136
3.0,3.0,2.5,7.5,0.086
3.0,3.0,2.6,7.6,0.126
3.0,3.0,2.7,7.7,0.132
3.0,3.0,2.8,7.8,0.104
3.0,3.0,2.9,7.9,0.1
3.0,3.0,3.0,8.0,0.104
3.0,3.0,3.1,8.1,0.096
3.0,3.0,3.2,8.2,0.092
3.0,3.0,3.3,8.3,0.128
3.0,3.0,3.4,8.4,0.106
3.0,3.0,3.5,8.5,0.094
3.0,3.0,3.6,8.6,0.092
3.0,3.0,3.7,8.7,0.102
3.0,3.0,3.8,8.8,0.096
3.0,3.0,3.9,8.9,0.08
3.0,3.0,4.0,9.0,0.098
3.0,3.0,4.1,9.1,0.102
3.0,3.0,4.2,9.2,0.098
3.0,3.0,4.3,9.3,0.094
3.0,3.0,4.4,9.4,0.096
3.0,3.0,4.5,9.5,0.116
3.0,3.0,4.6,9.6,0.1
3.0,3.0,4.7,9.7,0.098
3.0,3.0,4.8,9.8,0.08
3.0,3.0,4.9,9.9,0.124
3.0,3.0,5.0,10.0,0.076
3.0,3.0,5.1,10.1,0.1
3.0,3.0,5.2,10.2,0.078
3.0,3.0,5.3,10.3,0.09
3.0,3.0,5.4,10.4,0.062
3.0,3.0,5.5,10.5,0.078
3.0,3.0,5.6,10.6,0.086
3.0,3.0,5.7,10.7,0.066
3.0,3.0,5.8,10.8,0.072
3.0,3.0,5.9,10.9,0.052
3.0,3.0,6.0,11.0,0.066
3.0,3.0,6.1,11.1,0.06
3.0,3.0,6.2,11.2,0.052
3.0,3.0,6.3,11.3,0.07
3.0,3.0,6.4,11.4,0.076
3.0,3.0,6.5,11.5,0.056
3.0,3.0,6.6,11.6,0.048
3.0,3.0,6.7,11.7,0.056
3.0,3.0,6.8,11.8,0.05
3.0,3.0,6.9,11.9,0.052
3.0,3.0,7.0,12.0,0.036
3.0,3.0,7.1,12.1,0.058
3.0,3.0,7.2,12.2,0.052
3.0,3.0,7.3,12.3,0.056
3.0,3.0,7.4,12.4,0.056
3.0,3.0,7.5,12.5,0.052
3.0,3.0,7.6,12.6,0.04
3.0,3.0,7.7,12.7,0.058
3.0,3.0,7.8,12.8,0.048
3.0,3.0,7.9,12.9,0.036
3.0,3.0,8.0,13.0,0.048
3.0,3.0,8.1,13.1,0.034
3.0,3.0,8.2,13.2,0.044
3.0,3.0,8.3,13.3,0.048
3.0,3.0,8.4,13.4,0.048
3.0,3.0,8.5,13.5,0.052
3.0,3.0,8.6,13.6,0.04
3.0,3.0,8.7,13.7,0.07
3.0,3.0,8.8,13.8,0.044
3.0,3.0,8.9,13.9,0.052
3.0,3.0,9.0,14.0,0.052
3.0,3.0,9.1,14.1,0.054
3.0,3.0,9.2,14.2,0.052
3.0,3.0,9.3,14.3,0.044
3.0,3.0,9.4,14.4,0.054
3.0,3.0,9.5,14.5,0.04
3.0,3.0,9.6,14.6,0.042
3.0,3.0,9.7,14.7,0.064
3.0,3.0,9.8,14.8,0.044
3.0,3.0,9.9,14.9,0.05
3.0,3.0,10.0,15.0,0.028
3.0,3.0,10.1,15.1,0.056
3.0,3.0,10.2,15.2,0.054
3.0,3.0,10.3,15.3,0.064
3.0,3.0,10.4,15.4,0.06
3.0,3.0,10.5,15.5,0.06
3.0,3.0,10.6,15.6,0.05
3.0,3.0,10.7,15.7,0.044
3.0,3.0,10.8,15.8,0.06
3.0,3.0,10.9,15.9,0.04
3.0,3.0,11.0,16.0,0.042
3.0,3.0,11.1,16.1,0.05
3.0,3.0,11.2,16.2,0.042
3.0,3.0,11.3,16.3,0.056
3.0,3.0,11.4,16.4,0.04
3.0,3.0,11.5,16.5,0.05
3.0,3.0,11.6,16.6,0.05
3.0,3.0,11.7,16.7,0.046
3.0,3.0,11.8,16.8,0.052
3.0,3.0,11.9,16.9,0.058
3.0,3.0,12.0,17.0,0.048
3.0,3.0,12.1,17.1,0.042
3.0,3.0,12.2,17.2,0.062
3.0,3.0,12.3,17.3,0.056
3.0,3.0,12.4,17.4,0.044
3.0,3.0,12.5,17.5,0.062
3.0,3.0,12.6,17.6,0.042
3.0,3.0,12.7,17.7,0.048
3.0,3.0,12.8,17.8,0.05
3.0,3.0,12.9,17.9,0.046
3.0,3.0,13.0,18.0,0.062
3.0,3.0,13.1,18.1,0.054
3.0,3.0,13.2,18.2,0.054
3.0,3.0,13.3,18.3,0.064
3.0,3.0,13.4,18.4,0.064
3.0,3.0,13.5,18.5,0.064
3.0,3.0,13.6,18.6,0.048
3.0,3.0,13.7,18.7,0.044
3.0,3.0,13.8,18.8,0.066
3.0,3.0,13.9,18.9,0.052
3.0,3.0,14.0,19.0,0.054
3.0,3.0,14.1,19.1,0.058
3.0,3.0,14.2,19.2,0.07
3.0,3.0,14.3,19.3,0.052
3.0,3.0,14.4,19.4,0.05
3.0,3.0,14.5,19.5,0.04
3.0,3.0,14.6,19.6,0.052
3.0,3.0,14.7,19.7,0.044
3.0,3.0,14.8,19.8,0.05
3.0,3.0,14.9,19.9,0.04
3.0,3.0,15.0,20.0,0.054
3.1,3.1,0.0,5.0,0.484
3.1,3.1,0.1,5.1,0.484
3.1,3.1,0.2,5.2,0.434
3.1,3.1,0.3,5.3,0.42
3.1,3.1,0.4,5.4,0.386
3.1,3.1,0.5,5.5,0.312
3.1,3.1,0.6,5.6,0.294
3.1,3.1,0.7,5.7,0.312
3.1,3.1,0.8,5.8,0.25
3.1,3.1,0.9,5.9,0.23
3.1,3.1,1.0,6.0,0.204
3.1,3.1,1.1,6.1,0.204
3.1,3.1,1.2,6.2,0.208
3.1,3.1,1.3,6.3,0.184
3.1,3.1,1.4,6.4,0.162
3.1,3.1,1.5,6.5,0.154
3.1,3.1,1.6,6.6,0.124
3.1,3.1,1.7,6.7,0.176
3.1,3.1,1.8,6.8,0.148
3.1,3.1,1.9,6.9,0.14
3.1,3.1,2.0,7.0,0.122
3.1,3.1,2.1,7.1,0.148
3.1,3.1,2.2,7.2,0.11
3.1,3.1,2.3,7.3,0.118
3.1,3.1,2.4,7.4,0.128
3.1,3.1,2.5,7.5,0.102
3.1,3.1,2.6,7.6,0.122
3.1,3.1,2.7,7.7,0.094
3.1,3.1,2.8,7.8,0.124
3.1,3.1,2.9,7.9,0.106
3.1,3.1,3.0,8.0,0.11
3.1,3.1,3.1,8.1,0.136
3.1,3.1,3.2,8.2,0.104
3.1,3.1,3.3,8.3,0.094
3.1,3.1,3.4,8.4,0.106
3.1,3.1,3.5,8.5,0.094
3.1,3.1,3.6,8.6,0.116
3.1,3.1,3.7,8.7,0.116
3.1,3.1,3.8,8.8,0.114
3.1,3.1,3.9,8.9,0.094
3.1,3.1,4.0,9.0,0.096
3.1,3.1,4.1,9.1,0.098
3.1,3.1,4.2,9.2,0.116
3.1,3.1,4.3,9.3,0.074
3.1,3.1,4.4,9.4,0.108
3.1,3.1,4.5,9.5,0.094
3.1,3.1,4.6,9.6,0.1
3.1,3.1,4.7,9.7,0.082
3.1,3.1,4.8,9.8,0.094
3.1,3.1,4.9,9.9,0.108
3.1,3.1,5.0,10.0,0.098
3.1,3.1,5.1,10.1,0.088
3.1,3.1,5.2,10.2,0.064
3.1,3.1,5.3,10.3,0.09
3.1,3.1,5.4,10.4,0.082
3.1,3.1,5.5,10.5,0.064
3.1,3.1,5.6,10.6,0.076
3.1,3.1,5.7,10.7,0.06
3.1,3.1,5.8,10.8,0.084
3.1,3.1,5.9,10.9,0.08
3.1,3.1,6.0,11.0,0.052
3.1,3.1,6.1,11.1,0.06
3.1,3.1,6.2,11.2,0.066
3.1,3.1,6.3,11.3,0.058
3.1,3.1,6.4,11.4,0.056
3.1,3.1,6.5,11.5,0.048
3.1,3.1,6.6,11.6,0.068
3.1,3.1,6.7,11.7,0.036
3.1,3.1,6.8,11.8,0.068
3.1,3.1,6.9,11.9,0.058
3.1,3.1,7.0,12.0,0.056
3.1,3.1,7.1,12.1,0.052
3.1,3.1,7.2,12.2,0.058
3.1,3.1,7.3,12.3,0.05
3.1,3.1,7.4,12.4,0.046
3.1,3.1,7.5,12.5,0.042
3.1,3.1,7.6,12.6,0.052
3.1,3.1,7.7,12.7,0.036
3.1,3.1,7.8,12.8,0.056
3.1,3.1,7.9,12.9,0.054
3.1,3.1,8.0,13.0,0.046
3.1,3.1,8.1,13.1,0.052
3.1,3.1,8.2,13.2,0.048
3.1,3.1,8.3,13.3,0.064
3.1,3.1,8.4,13.4,0.054
3.1,3.1,8.5,13.5,0.038
3.1,3.1,8.6,13.6,0.056
3.1,3.1,8.7,13.7,0.044
3.1,3.1,8.8,13.8,0.042
3.1,3.1,8.9,13.9,0.072
3.1,3.1,9.0,14.0,0.056
3.1,3.1,9.1,14.1,0.05
3.1,3.1,9.2,14.2,0.052
3.1,3.1,9.3,14.3,0.042
3.1,3.1,9.4,14.4,0.062
3.1,3.1,9.5,14.5,0.038
3.1,3.1,9.6,14.6,0.058
3.1,3.1,9.7,14.7,0.058
3.1,3.1,9.8,14.8,0.05
3.1,3.1,9.9,14.9,0.042
3.1,3.1,10.0,15.0,0.042
3.1,3.1,10.1,15.1,0.05
3.1,3.1,10.2,15.2,0.034
3.1,3.1,10.3,15.3,0.046
3.1,3.1,10.4,15.4,0.062
3.1,3.1,10.5,15.5,0.06
3.1,3.1,10.6,15.6,0.032
3.1,3.1,10.7,15.7,0.052
3.1,3.1,10.8,15.8,0.048
3.1,3.1,10.9,15.9,0.05
3.1,3.1,11.0,16.0,0.056
3.1,3.1,11.1,16.1,0.06
3.1,3.1,11.2,16.2,0.054
3.1,3.1,11.3,16.3,0.03
3.1,3.1,11.4,16.4,0.03
3.1,3.1,11.5,16.5,0.038
3.1,3.1,11.6,16.6,0.038
3.1,3.1,11.7,16.7,0.06
3.1,3.1,11.8,16.8,0.044
3.1,3.1,11.9,16.9,0.04
3.1,3.1,12.0,17.0,0.044
3.1,3.1,12.1,17.1,0.052
3.1,3.1,12.2,17.2,0.062
3.1,3.1,12.3,17.3,0.056
3.1,3.1,12.4,17.4,0.052
3.1,3.1,12.5,17.5,0.034
3.1,3.1,12.6,17.6,0.05
3.1,3.1,12.7,17.7,0.058
3.1,3.1,12.8,17.8,0.06
3.1,3.1,12.9,17.9,0.05
3.1,3.1,13.0,18.0,0.05
3.1,3.1,13.1,18.1,0.05
3.1,3.1,13.2,18.2,0.056
3.1,3.1,13.3,18.3,0.056
3.1,3.1,13.4,18.4,0.052
3.1,3.1,13.5,18.5,0.034
3.1,3.1,13.6,18.6,0.054
3.1,3.1,13.7,18.7,0.062
3.1,3.1,13.8,18.8,0.058
3.1,3.1,13.9,18.9,0.04
3.1,3.1,14.0,19.0,0.048
3.1,3.1,14.1,19.1,0.056
3.1,3.1,14.2,19.2,0.058
3.1,3.1,14.3,19.3,0.062
3.1,3.1,14.4,19.4,0.072
3.1,3.1,14.5,19.5,0.056
3.1,3.1,14.6,19.6,0.04
3.1,3.1,14.7,19.7,0.04
3.1,3.1,14.8,19.8,0.044
3.1,3.1,14.9,19.9,0.056
3.1,3.1,15.0,20.0,0.05
3.2,3.2,0.0,5.0,0.57
3.2,3.2,0.1,5.1,0.504
3.2,3.2,0.2,5.2,0.432
3.2,3.2,0.3,5.3,0.372
3.2,3.2,0.4,5.4,0.362
3.2,3.2,0.5,5.5,0.336
3.2,3.2,0.6,5.6,0.312
3.2,3.2,0.7,5.7,0.288
3.2,3.2,0.8,5.8,0.28
3.2,3.2,0.9,5.9,0.272
3.2,3.2,1.0,6.0,0.214
3.2,3.2,1.1,6.1,0.22
3.2,3.2,1.2,6.2,0.204
3.2,3.2,1.3,6.3,0.178
3.2,3.2,1.4,6.4,0.202
3.2,3.2,1.5,6.5,0.158
3.2,3.2,1.6,6.6,0.16
3.2,3.2,1.7,6.7,0.11
3.2,3.2,1.8,6.8,0.142
3.2,3.2,1.9,6.9,0.146
3.2,3.2,2.0,7.0,0.114
3.2,3.2,2.1,7.1,0.13
3.2,3.2,2.2,7.2,0.122
3.2,3.2,2.3,7.3,0.114
3.2,3.2,2.4,7.4,0.112
3.2,3.2,2.5,7.5,0.13
3.2,3.2,2.6,7.6,0.088
3.2,3.2,2.7,7.7,0.102
3.2,3.2,2.8,7.8,0.12
3.2,3.2,2.9,7.9,0.106
3.2,3.2,3.0,8.0,0.12
3.2,3.2,3.1,8.1,0.11
3.2,3.2,3.2,8.2,0.08
3.2,3.2,3.3,8.3,0.114
3.2,3.2,3.4,8.4,0.108
3.2,3.2,3.5,8.5,0.148
3.2,3.2,3.6,8.6,0.116
3.2,3.2,3.7,8.7,0.136
3.2,3.2,3.8,8.8,0.1
3.2,3.2,3.9,8.9,0.104
3.2,3.2,4.0,9.0,0.086
3.2,3.2,4.1,9.1,0.126
3.2,3.2,4.2,9.2,0.1
3.2,3.2,4.3,9.3,0.104
3.2,3.2,4.4,9.4,0.1
3.2,3.2,4.5,9.5,0.116
3.2,3.2,4.6,9.6,0.078
3.2,3.2,4.7,9.7,0.074
3.2,3.2,4.8,9.8,0.086
3.2,3.2,4.9,9.9,0.094
3.2,3.2,5.0,10.0,0.06
3.2,3.2,5.1,10.1,0.09
3.2,3.2,5.2,10.2,0.074
3.2,3.2,5.3,10.3,0.068
3.2,3.2,5.4,10.4,0.082
3.2,3.2,5.5,10.5,0.068
3.2,3.2,5.6,10.6,0.07
3.2,3.2,5.7,10.7,0.064
3.2,3.2,5.8,10.8,0.082
3.2,3.2,5.9,10.9,0.052
3.2,3.2,6.0,11.0,0.066
3.2,3.2,6.1,11.1,0.058
3.2,3.2,6.2,11.2,0.072
3.2,3.2,6.3,11.3,0.048
3.2,3.2,6.4,11.4,0.06
3.2,3.2,6.5,11.5,0.06
3.2,3.2,6.6,11.6,0.056
3.2,3.2,6.7,11.7,0.058
3.2,3.2,6.8,11.8,0.06
3.2,3.2,6.9,11.9,0.052
3.2,3.2,7.0,12.0,0.056
3.2,3.2,7.1,12.1,0.048
3.2,3.2,7.2,12.2,0.07
3.2,3.2,7.3,12.3,0.058
3.2,3.2,7.4,12.4,0.072
3.2,3.2,7.5,12.5,0.06
3.2,3.2,7.6,12.6,0.04
3.2,3.2,7.7,12.7,0.05
3.2,3.2,7.8,12.8,0.058
3.2,3.2,7.9,12.9,0.056
3.2,3.2,8.0,13.0,0.044
3.2,3.2,8.1,13.1,0.048
3.2,3.2,8.2,13.2,0.042
3.2,3.2,8.3,13.3,0.052
3.2,3.2,8.4,13.4,0.05
3.2,3.2,8.5,13.5,0.044
3.2,3.2,8.6,13.6,0.046
3.2,3.2,8.7,13.7,0.062
3.2,3.2,8.8,13.8,0.044
3.2,3.2,8.9,13.9,0.048
3.2,3.2,9.0,14.0,0.066
3.2,3.2,9.1,14.1,0.036
3.2,3.2,9.2,14.2,0.062
3.2,3.2,9.3,14.3,0.054
3.2,3.2,9.4,14.4,0.036
3.2,3.2,9.5,14.5,0.046
3.2,3.2,9.6,14.6,0.05
3.2,3.2,9.7,14.7,0.06
3.2,3.2,9.8,14.8,0.042
3.2,3.2,9.9,14.9,0.036
3.2,3.2,10.0,15.0,0.028
3.2,3.2,10.1,15.1,0.06
3.2,3.2,10.2,15.2,0.036
3.2,3.2,10.3,15.3,0.068
3.2,3.2,10.4,15.4,0.044
3.2,3.2,10.5,15.5,0.046
3.2,3.2,10.6,15.6,0.048
3.2,3.2,10.7,15.7,0.052
3.2,3.2,10.8,15.8,0.054
3.2,3.2,10.9,15.9,0.038
3.2,3.2,11.0,16.0,0.042
3.2,3.2,11.1,16.1,0.03
3.2,3.2,11.2,16.2,0.046
3.2,3.2,11.3,16.3,0.05
3.2,3.2,11.4,16.4,0.056
3.2,3.2,11.5,16.5,0.066
3.2,3.2,11.6,16.6,0.052
3.2,3.2,11.7,16.7,0.06
3.2,3.2,11.8,16.8,0.048
3.2,3.2,11.9,16.9,0.042
3.2,3.2,12.0,17.0,0.056
3.2,3.2,12.1,17.1,0.042
3.2,3.2,12.2,17.2,0.05
3.2,3.2,12.3,17.3,0.052
3.2,3.2,12.4,17.4,0.04
3.2,3.2,12.5,17.5,0.048
3.2,3.2,12.6,17.6,0.052
3.2,3.2,12.7,17.7,0.048
3.2,3.2,12.8,17.8,0.044
3.2,3.2,12.9,17.9,0.046
3.2,3.2,13.0,18.0,0.046
3.2,3.2,13.1,18.1,0.07
3.2,3.2,13.2,18.2,0.044
3.2,3.2,13.3,18.3,0.038
3.2,3.2,13.4,18.4,0.054
3.2,3.2,13.5,18.5,0.04
3.2,3.2,13.6,18.6,0.044
3.2,3.2,13.7,18.7,0.052
3.2,3.2,13.8,18.8,0.066
3.2,3.2,13.9,18.9,0.054
3.2,3.2,14.0,19.0,0.064
3.2,3.2,14.1,19.1,0.052
3.2,3.2,14.2,19.2,0.044
3.2,3.2,14.3,19.3,0.052
3.2,3.2,14.4,19.4,0.052
3.2,3.2,14.5,19.5,0.066
3.2,3.2,14.6,19.6,0.042
3.2,3.2,14.7,19.7,0.048
3.2,3.2,14.8,19.8,0.06
3.2,3.2,14.9,19.9,0.044
3.2,3.2,15.0,20.0,0.046
3.3,3.3,0.0,5.0,0.598
3.3,3.3,0.1,5.1,0.51
3.3,3.3,0.2,5.2,0.496
3.3,3.3,0.3,5.3,0.464
3.3,3.3,0.4,5.4,0.414
3.3,3.3,0.5,5.5,0.372
3.3,3.3,0.6,5.6,0.35
3.3,3.3,0.7,5.7,0.272
3.3,3.3,0.8,5.8,0.312
3.3,3.3,0.9,5.9,0.274
3.3,3.3,1.0,6.0,0.232
3.3,3.3,1.1,6.1,0.238
3.3,3.3,1.2,6.2,0.22
3.3,3.3,1.3,6.3,0.178
3.3,3.3,1.4,6.4,0.212
3.3,3.3,1.5,6.5,0.162
3.3,3.3,1.6,6.6,0.15
3.3,3.3,1.7,6.7,0.166
3.3,3.3,1.8,6.8,0.18
3.3,3.3,1.9,6.9,0.136
3.3,3.3,2.0,7.0,0.152
3.3,3.3,2.1,7.1,0.108
3.3,3.3,2.2,7.2,0.14
3.3,3.3,2.3,7.3,0.1
3.3,3.3,2.4,7.4,0.116
3.3,3.3,2.5,7.5,0.148
3.3,3.3,2.6,7.6,0.118
3.3,3.3,2.7,7.7,0.134
3.3,3.3,2.8,7.8,0.108
3.3,3.3,2.9,7.9,0.116
3.3,3.3,3.0,8.0,0.108
3.3,3.3,3.1,8.1,0.104
3.3,3.3,3.2,8.2,0.126
3.3,3.3,3.3,8.3,0.102
3.3,3.3,3.4,8.4,0.068
3.3,3.3,3.5,8.5,0.078
3.3,3.3,3.6,8.6,0.114
3.3,3.3,3.7,8.7,0.086
3.3,3.3,3.8,8.8,0.102
3.3,3.3,3.9,8.9,0.112
3.3,3.3,4.0,9.0,0.112
3.3,3.3,4.1,9.1,0.096
3.3,3.3,4.2,9.2,0.088
3.3,3.3,4.3,9.3,0.088
3.3,3.3,4.4,9.4,0.084
3.3,3.3,4.5,9.5,0.094
3.3,3.3,4.6,9.6,0.088
3.3,3.3,4.7,9.7,0.104
3.3,3.3,4.8,9.8,0.078
3.3,3.3,4.9,9.9,0.106
3.3,3.3,5.0,10.0,0.084
3.3,3.3,5.1,10.1,0.094
3.3,3.3,5.2,10.2,0.084
3.3,3.3,5.3,10.3,0.076
3.3,3.3,5.4,10.4,0.098
3.3,3.3,5.5,10.5,0.082
3.3,3.3,5.6,10.6,0.084
3.3,3.3,5.7,10.7,0.08
3.3,3.3,5.8,10.8,0.074
3.3,3.3,5.9,10.9,0.074
3.3,3.3,6.0,11.0,0.048
3.3,3.3,6.1,11.1,0.08
3.3,3.3,6.2,11.2,0.07
3.3,3.3,6.3,11.3,0.062
3.3,3.3,6.4,11.4,0.056
3.3,3.3,6.5,11.5,0.048
3.3,3.3,6.6,11.6,0.048
3.3,3.3,6.7,11.7,0.052
3.3,3.3,6.8,11.8,0.058
3.3,3.3,6.9,11.9,0.044
3.3,3.3,7.0,12.0,0.058
3.3,3.3,7.1,12.1,0.056
3.3,3.3,7.2,12.2,0.04
3.3,3.3,7.3,12.3,0.048
3.3,3.3,7.4,12.4,0.062
3.3,3.3,7.5,12.5,0.064
3.3,3.3,7.6,12.6,0.054
3.3,3.3,7.7,12.7,0.06
3.3,3.3,7.8,12.8,0.058
3.3,3.3,7.9,12.9,0.058
3.3,3.3,8.0,13.0,0.026
3.3,3.3,8.1,13.1,0.026
3.3,3.3,8.2,13.2,0.064
3.3,3.3,8.3,13.3,0.054
3.3,3.3,8.4,13.4,0.072
3.3,3.3,8.5,13.5,0.044
3.3,3.3,8.6,13.6,0.05
3.3,3.3,8.7,13.7,0.042
3.3,3.3,8.8,13.8,0.08
3.3,3.3,8.9,13.9,0.06
3.3,3.3,9.0,14.0,0.058
3.3,3.3,9.1,14.1,0.054
3.3,3.3,9.2,14.2,0.038
3.3,3.3,9.3,14.3,0.04
3.3,3.3,9.4,14.4,0.04
3.3,3.3,9.5,14.5,0.052
3.3,3.3,9.6,14.6,0.046
3.3,3.3,9.7,14.7,0.052
3.3,3.3,9.8,14.8,0.052
3.3,3.3,9.9,14.9,0.048
3.3,3.3,10.0,15.0,0.036
3.3,3.3,10.1,15.1,0.05
3.3,3.3,10.2,15.2,0.042
3.3,3.3,10.3,15.3,0.054
3.3,3.3,10.4,15.4,0.058
3.3,3.3,10.5,15.5,0.05
3.3,3.3,10.6,15.6,0.054
3.3,3.3,10.7,15.7,0.036
3.3,3.3,10.8,15.8,0.05
3.3,3.3,10.9,15.9,0.05
3.3,3.3,11.0,16.0,0.034
3.3,3.3,11.1,16.1,0.044
3.3,3.3,11.2,16.2,0.05
3.3,3.3,11.3,16.3,0.038
3.3,3.3,11.4,16.4,0.072
3.3,3.3,11.5,16.5,0.062
3.3,3.3,11.6,16.6,0.046
3.3,3.3,11.7,16.7,0.048
3.3,3.3,11.8,16.8,0.042
3.3,3.3,11.9,16.9,0.048
3.3,3.3,12.0,17.0,0.04
3.3,3.3,12.1,17.1,0.042
3.3,3.3,12.2,17.2,0.04
3.3,3.3,12.3,17.3,0.044
3.3,3.3,12.4,17.4,0.078
3.3,3.3,12.5,17.5,0.032
3.3,3.3,12.6,17.6,0.048
3.3,3.3,12.7,17.7,0.042
3.3,3.3,12.8,17.8,0.046
3.3,3.3,12.9,17.9,0.056
3.3,3.3,13.0,18.0,0.044
3.3,3.3,13.1,18.1,0.064
3.3,3.3,13.2,18.2,0.028
3.3,3.3,13.3,18.3,0.056
3.3,3.3,13.4,18.4,0.056
3.3,3.3,13.5,18.5,0.038
3.3,3.3,13.6,18.6,0.054
3.3,3.3,13.7,18.7,0.058
3.3,3.3,13.8,18.8,0.046
3.3,3.3,13.9,18.9,0.04
3.3,3.3,14.0,19.0,0.046
3.3,3.3,14.1,19.1,0.066
3.3,3.3,14.2,19.2,0.04
3.3,3.3,14.3,19.3,0.042
3.3,3.3,14.4,19.4,0.042
3.3,3.3,14.5,19.5,0.054
3.3,3.3,14.6,19.6,0.042
3.3,3.3,14.7,19.7,0.042
3.3,3.3,14.8,19.8,0.026
3.3,3.3,14.9,19.9,0.044
3.3,3.3,15.0,20.0,0.042
3.4,3.4,0.0,5.0,0.604
3.4,3.4,0.1,5.1,0.612
3.4,3.4,0.2,5.2,0.55
3.4,3.4,0.3,5.3,0.482
3.4,3.4,0.4,5.4,0.478
3.4,3.4,0.5,5.5,0.4
3.4,3.4,0.6,5.6,0.37
3.4,3.4,0.7,5.7,0.356
3.4,3.4,0.8,5.8,0.332
3.4,3.4,0.9,5.9,0.284
3.4,3.4,1.0,6.0,0.262
3.4,3.4,1.1,6.1,0.244
3.4,3.4,1.2,6.2,0.204
3.4,3.4,1.3,6.3,0.18
3.4,3.4,1.4,6.4,0.15
3.4,3.4,1.5,6.5,0.176
3.4,3.4,1.6,6.6,0.19
3.4,3.4,1.7,6.7,0.148
3.4,3.4,1.8,6.8,0.15
3.4,3.4,1.9,6.9,0.158
3.4,3.4,2.0,7.0,0.164
3.4,3.4,2.1,7.1,0.116
3.4,3.4,2.2,7.2,0.114
3.4,3.4,2.3,7.3,0.112
3.4,3.4,2.4,7.4,0.146
3.4,3.4,2.5,7.5,0.092
3.4,3.4,2.6,7.6,0.122
3.4,3.4,2.7,7.7,0.118
3.4,3.4,2.8,7.8,0.098
3.4,3.4,2.9,7.9,0.088
3.4,3.4,3.0,8.0,0.104
3.4,3.4,3.1,8.1,0.082
3.4,3.4,3.2,8.2,0.114
3.4,3.4,3.3,8.3,0.138
3.4,3.4,3.4,8.4,0.102
3.4,3.4,3.5,8.5,0.106
3.4,3.4,3.6,8.6,0.098
3.4,3.4,3.7,8.7,0.092
3.4,3.4,3.8,8.8,0.094
3.4,3.4,3.9,8.9,0.092
3.4,3.4,4.0,9.0,0.108
3.4,3.4,4.1,9.1,0.108
3.4,3.4,4.2,9.2,0.076
3.4,3.4,4.3,9.3,0.096
3.4,3.4,4.4,9.4,0.074
3.4,3.4,4.5,9.5,0.09
3.4,3.4,4.6,9.6,0.09
3.4,3.4,4.7,9.7,0.084
3.4,3.4,4.8,9.8,0.106
3.4,3.4,4.9,9.9,0.094
3.4,3.4,5.0,10.0,0.086
3.4,3.4,5.1,10.1,0.098
3.4,3.4,5.2,10.2,0.082
3.4,3.4,5.3,10.3,0.098
3.4,3.4,5.4,10.4,0.074
3.4,3.4,5.5,10.5,0.076
3.4,3.4,5.6,10.6,0.07
3.4,3.4,5.7,10.7,0.082
3.4,3.4,5.8,10.8,0.078
3.4,3.4,5.9,10.9,0.066
3.4,3.4,6.0,11.0,0.084
3.4,3.4,6.1,11.1,0.066
3.4,3.4,6.2,11.2,0.072
3.4,3.4,6.3,11.3,0.068
3.4,3.4,6.4,11.4,0.062
3.4,3.4,6.5,11.5,0.048
3.4,3.4,6.6,11.6,0.046
3.4,3.4,6.7,11.7,0.054
3.4,3.4,6.8,11.8,0.054
3.4,3.4,6.9,11.9,0.06
3.4,3.4,7.0,12.0,0.054
3.4,3.4,7.1,12.1,0.052
3.4,3.4,7.2,12.2,0.06
3.4,3.4,7.3,12.3,0.06
3.4,3.4,7.4,12.4,0.062
3.4,3.4,7.5,12.5,0.066
3.4,3.4,7.6,12.6,0.058
3.4,3.4,7.7,12.7,0.062
3.4,3.4,7.8,12.8,0.05
3.4,3.4,7.9,12.9,0.044
3.4,3.4,8.0,13.0,0.054
3.4,3.4,8.1,13.1,0.046
3.4,3.4,8.2,13.2,0.056
3.4,3.4,8.3,13.3,0.038
3.4,3.4,8.4,13.4,0.048
3.4,3.4,8.5,13.5,0.042
3.4,3.4,8.6,13.6,0.058
3.4,3.4,8.7,13.7,0.052
3.4,3.4,8.8,13.8,0.046
3.4,3.4,8.9,13.9,0.05
3.4,3.4,9.0,14.0,0.058
3.4,3.4,9.1,14.1,0.056
3.4,3.4,9.2,14.2,0.066
3.4,3.4,9.3,14.3,0.042
3.4,3.4,9.4,14.4,0.048
3.4,3.4,9.5,14.5,0.054
3.4,3.4,9.6,14.6,0.054
3.4,3.4,9.7,14.7,0.04
3.4,3.4,9.8,14.8,0.044
3.4,3.4,9.9,14.9,0.032
3.4,3.4,10.0,15.0,0.05
3.4,3.4,10.1,15.1,0.034
3.4,3.4,10.2,15.2,0.062
3.4,3.4,10.3,15.3,0.054
3.4,3.4,10.4,15.4,0.046
3.4,3.4,10.5,15.5,0.034
3.4,3.4,10.6,15.6,0.052
3.4,3.4,10.7,15.7,0.05
3.4,3.4,10.8,15.8,0.038
3.4,3.4,10.9,15.9,0.06
3.4,3.4,11.0,16.0,0.056
3.4,3.4,11.1,16.1,0.062
3.4,3.4,11.2,16.2,0.044
3.4,3.4,11.3,16.3,0.06
3.4,3.4,11.4,16.4,0.058
3.4,3.4,11.5,16.5,0.07
3.4,3.4,11.6,16.6,0.068
3.4,3.4,11.7,16.7,0.044
3.4,3.4,11.8,16.8,0.052
3.4,3.4,11.9,16.9,0.062
3.4,3.4,12.0,17.0,0.044
3.4,3.4,12.1,17.1,0.042
3.4,3.4,12.2,17.2,0.066
3.4,3.4,12.3,17.3,0.052
3.4,3.4,12.4,17.4,0.04
3.4,3.4,12.5,17.5,0.058
3.4,3.4,12.6,17.6,0.054
3.4,3.4,12.7,17.7,0.072
3.4,3.4,12.8,17.8,0.054
3.4,3.4,12.9,17.9,0.056
3.4,3.4,13.0,18.0,0.052
3.4,3.4,13.1,18.1,0.054
3.4,3.4,13.2,18.2,0.04
3.4,3.4,13.3,18.3,0.05
3.4,3.4,13.4,18.4,0.05
3.4,3.4,13.5,18.5,0.06
3.4,3.4,13.6,18.6,0.066
3.4,3.4,13.7,18.7,0.058
3.4,3.4,13.8,18.8,0.058
3.4,3.4,13.9,18.9,0.038
3.4,3.4,14.0,19.0,0.038
3.4,3.4,14.1,19.1,0.036
3.4,3.4,14.2,19.2,0.04
3.4,3.4,14.3,19.3,0.036
3.4,3.4,14.4,19.4,0.034
3.4,3.4,14.5,19.5,0.046
3.4,3.4,14.6,19.6,0.072
3.4,3.4,14.7,19.7,0.062
3.4,3.4,14.8,19.8,0.038
3.4,3.4,14.9,19.9,0.042
3.4,3.4,15.0,20.0,0.038
3.5,3.5,0.0,5.0,0.678
3.5,3.5,0.1,5.1,0.648
3.5,3.5,0.2,5.2,0.566
3.5,3.5,0.3,5.3,0.478
3.5,3.5,0.4,5.4,0.506
3.5,3.5,0.5,5.5,0.412
3.5,3.5,0.6,5.6,0.464
3.5,3.5,0.7,5.7,0.408
3.5,3.5,0.8,5.8,0.362
3.5,3.5,0.9,5.9,0.314
3.5,3.5,1.0,6.0,0.3
3.5,3.5,1.1,6.1,0.256
3.5,3.5,1.2,6.2,0.224
3.5,3.5,1.3,6.3,0.224
3.5,3.5,1.4,6.4,0.22
3.5,3.5,1.5,6.5,0.226
3.5,3.5,1.6,6.6,0.184
3.5,3.5,1.7,6.7,0.186
3.5,3.5,1.8,6.8,0.154
3.5,3.5,1.9,6.9,0.166
3.5,3.5,2.0,7.0,0.128
3.5,3.5,2.1,7.1,0.136
3.5,3.5,2.2,7.2,0.122
3.5,3.5,2.3,7.3,0.134
3.5,3.5,2.4,7.4,0.128
3.5,3.5,2.5,7.5,0.104
3.5,3.5,2.6,7.6,0.136
3.5,3.5,2.7,7.7,0.092
3.5,3.5,2.8,7.8,0.094
3.5,3.5,2.9,7.9,0.124
3.5,3.5,3.0,8.0,0.104
3.5,3.5,3.1,8.1,0.106
3.5,3.5,3.2,8.2,0.112
3.5,3.5,3.3,8.3,0.116
3.5,3.5,3.4,8.4,0.13
3.5,3.5,3.5,8.5,0.1
3.5,3.5,3.6,8.6,0.096
3.5,3.5,3.7,8.7,0.116
3.5,3.5,3.8,8.8,0.112
3.5,3.5,3.9,8.9,0.126
3.5,3.5,4.0,9.0,0.098
3.5,3.5,4.1,9.1,0.104
3.5,3.5,4.2,9.2,0.104
3.5,3.5,4.3,9.3,0.092
3.5,3.5,4.4,9.4,0.08
3.5,3.5,4.5,9.5,0.114
3.5,3.5,4.6,9.6,0.098
3.5,3.5,4.7,9.7,0.09
3.5,3.5,4.8,9.8,0.094
3.5,3.5,4.9,9.9,0.086
3.5,3.5,5.0,10.0,0.11
3.5,3.5,5.1,10.1,0.098
3.5,3.5,5.2,10.2,0.082
3.5,3.5,5.3,10.3,0.106
3.5,3.5,5.4,10.4,0.07
3.5,3.5,5.5,10.5,0.09
3.5,3.5,5.6,10.6,0.07
3.5,3.5,5.7,10.7,0.068
3.5,3.5,5.8,10.8,0.08
3.5,3.5,5.9,10.9,0.076
3.5,3.5,6.0,11.0,0.086
3.5,3.5,6.1,11.1,0.068
3.5,3.5,6.2,11.2,0.078
3.5,3.5,6.3,11.3,0.05
3.5,3.5,6.4,11.4,0.086
3.5,3.5,6.5,11.5,0.052
3.5,3.5,6.6,11.6,0.064
3.5,3.5,6.7,11.7,0.062
3.5,3.5,6.8,11.8,0.056
3.5,3.5,6.9,11.9,0.044
3.5,3.5,7.0,12.0,0.07
3.5,3.5,7.1,12.1,0.068
3.5,3.5,7.2,12.2,0.06
3.5,3.5,7.3,12.3,0.072
3.5,3.5,7.4,12.4,0.06
3.5,3.5,7.5,12.5,0.056
3.5,3.5,7.6,12.6,0.068
3.5,3.5,7.7,12.7,0.064
3.5,3.5,7.8,12.8,0.052
3.5,3.5,7.9,12.9,0.068
3.5,3.5,8.0,13.0,0.04
3.5,3.5,8.1,13.1,0.054
3.5,3.5,8.2,13.2,0.046
3.5,3.5,8.3,13.3,0.046
3.5,3.5,8.4,13.4,0.04
3.5,3.5,8.5,13.5,0.036
3.5,3.5,8.6,13.6,0.044
3.5,3.5,8.7,13.7,0.05
3.5,3.5,8.8,13.8,0.046
3.5,3.5,8.9,13.9,0.056
3.5,3.5,9.0,14.0,0.042
3.5,3.5,9.1,14.1,0.052
3.5,3.5,9.2,14.2,0.056
3.5,3.5,9.3,14.3,0.05
3.5,3.5,9.4,14.4,0.06
3.5,3.5,9.5,14.5,0.054
3.5,3.5,9.6,14.6,0.06
3.5,3.5,9.7,14.7,0.046
3.5,3.5,9.8,14.8,0.04
3.5,3.5,9.9,14.9,0.042
3.5,3.5,10.0,15.0,0.05
3.5,3.5,10.1,15.1,0.038
3.5,3.5,10.2,15.2,0.048
3.5,3.5,10.3,15.3,0.044
3.5,3.5,10.4,15.4,0.048
3.5,3.5,10.5,15.5,0.05
3.5,3.5,10.6,15.6,0.038
3.5,3.5,10.7,15.7,0.036
3.5,3.5,10.8,15.8,0.046
3.5,3.5,10.9,15.9,0.04
3.5,3.5,11.0,16.0,0.046
3.5,3.5,11.1,16.1,0.042
3.5,3.5,11.2,16.2,0.038
3.5,3.5,11.3,16.3,0.074
3.5,3.5,11.4,16.4,0.042
3.5,3.5,11.5,16.5,0.034
3.5,3.5,11.6,16.6,0.054
3.5,3.5,11.7,16.7,0.056
3.5,3.5,11.8,16.8,0.048
3.5,3.5,11.9,16.9,0.036
3.5,3.5,12.0,17.0,0.066
3.5,3.5,12.1,17.1,0.042
3.5,3.5,12.2,17.2,0.04
3.5,3.5,12.3,17.3,0.056
3.5,3.5,12.4,17.4,0.052
3.5,3.5,12.5,17.5,0.034
3.5,3.5,12.6,17.6,0.04
3.5,3.5,12.7,17.7,0.05
3.5,3.5,12.8,17.8,0.032
3.5,3.5,12.9,17.9,0.05
3.5,3.5,13.0,18.0,0.062
3.5,3.5,13.1,18.1,0.042
3.5,3.5,13.2,18.2,0.052
3.5,3.5,13.3,18.3,0.046
3.5,3.5,13.4,18.4,0.042
3.5,3.5,13.5,18.5,0.056
3.5,3.5,13.6,18.6,0.042
3.5,3.5,13.7,18.7,0.06
3.5,3.5,13.8,18.8,0.03
3.5,3.5,13.9,18.9,0.056
3.5,3.5,14.0,19.0,0.056
3.5,3.5,14.1,19.1,0.048
3.5,3.5,14.2,19.2,0.058
3.5,3.5,14.3,19.3,0.038
3.5,3.5,14.4,19.4,0.068
3.5,3.5,14.5,19.5,0.052
3.5,3.5,14.6,19.6,0.046
3.5,3.5,14.7,19.7,0.054
3.5,3.5,14.8,19.8,0.05
3.5,3.5,14.9,19.9,0.032
3.5,3.5,15.0,20.0,0.046
3.6,3.6,0.0,5.0,0.69
3.6,3.6,0.1,5.1,0.682
3.6,3.6,0.2,5.2,0.622
3.6,3.6,0.3,5.3,0.578
3.6,3.6,0.4,5.4,0.528
3.6,3.6,0.5,5.5,0.51
3.6,3.6,0.6,5.6,0.44
3.6,3.6,0.7,5.7,0.456
3.6,3.6,0.8,5.8,0.402
3.6,3.6,0.9,5.9,0.334
3.6,3.6,1.0,6.0,0.346
3.6,3.6,1.1,6.1,0.292
3.6,3.6,1.2,6.2,0.258
3.6,3.6,1.3,6.3,0.234
3.6,3.6,1.4,6.4,0.23
3.6,3.6,1.5,6.5,0.23
3.6,3.6,1.6,6.6,0.176
3.6,3.6,1.7,6.7,0.196
3.6,3.6,1.8,6.8,0.164
3.6,3.6,1.9,6.9,0.162
3.6,3.6,2.0,7.0,0.16
3.6,3.6,2.1,7.1,0.14
3.6,3.6,2.2,7.2,0.154
3.6,3.6,2.3,7.3,0.148
3.6,3.6,2.4,7.4,0.134
3.6,3.6,2.5,7.5,0.104
3.6,3.6,2.6,7.6,0.156
3.6,3.6,2.7,7.7,0.108
3.6,3.6,2.8,7.8,0.132
3.6,3.6,2.9,7.9,0.1
3.6,3.6,3.0,8.0,0.106
3.6,3.6,3.1,8.1,0.108
3.6,3.6,3.2,8.2,0.12
3.6,3.6,3.3,8.3,0.096
3.6,3.6,3.4,8.4,0.126
3.6,3.6,3.5,8.5,0.088
3.6,3.6,3.6,8.6,0.108
3.6,3.6,3.7,8.7,0.112
3.6,3.6,3.8,8.8,0.084
3.6,3.6,3.9,8.9,0.094
3.6,3.6,4.0,9.0,0.102
3.6,3.6,4.1,9.1,0.1
3.6,3.6,4.2,9.2,0.116
3.6,3.6,4.3,9.3,0.092
3.6,3.6,4.4,9.4,0.102
3.6,3.6,4.5,9.5,0.102
3.6,3.6,4.6,9.6,0.094
3.6,3.6,4.7,9.7,0.094
3.6,3.6,4.8,9.8,0.108
3.6,3.6,4.9,9.9,0.102
3.6,3.6,5.0,10.0,0.084
3.6,3.6,5.1,10.1,0.078
3.6,3.6,5.2,10.2,0.076
3.6,3.6,5.3,10.3,0.092
3.6,3.6,5.4,10.4,0.086
3.6,3.6,5.5,10.5,0.088
3.6,3.6,5.6,10.6,0.068
3.6,3.6,5.7,10.7,0.082
3.6,3.6,5.8,10.8,0.068
3.6,3.6,5.9,10.9,0.064
3.6,3.6,6.0,11.0,0.086
3.6,3.6,6.1,11.1,0.072
3.6,3.6,6.2,11.2,0.094
3.6,3.6,6.3,11.3,0.08
3.6,3.6,6.4,11.4,0.078
3.6,3.6,6.5,11.5,0.068
3.6,3.6,6.6,11.6,0.058
3.6,3.6,6.7,11.7,0.086
3.6,3.6,6.8,11.8,0.066
3.6,3.6,6.9,11.9,0.06
3.6,3.6,7.0,12.0,0.046
3.6,3.6,7.1,12.1,0.054
3.6,3.6,7.2,12.2,0.048
3.6,3.6,7.3,12.3,0.054
3.6,3.6,7.4,12.4,0.034
3.6,3.6,7.5,12.5,0.074
3.6,3.6,7.6,12.6,0.066
3.6,3.6,7.7,12.7,0.074
3.6,3.6,7.8,12.8,0.054
3.6,3.6,7.9,12.9,0.034
3.6,3.6,8.0,13.0,0.062
3.6,3.6,8.1,13.1,0.052
3.6,3.6,8.2,13.2,0.066
3.6,3.6,8.3,13.3,0.058
3.6,3.6,8.4,13.4,0.048
3.6,3.6,8.5,13.5,0.05
3.6,3.6,8.6,13.6,0.046
3.6,3.6,8.7,13.7,0.034
3.6,3.6,8.8,13.8,0.054
3.6,3.6,8.9,13.9,0.04
3.6,3.6,9.0,14.0,0.06
3.6,3.6,9.1,14.1,0.064
3.6,3.6,9.2,14.2,0.05
3.6,3.6,9.3,14.3,0.058
3.6,3.6,9.4,14.4,0.054
3.6,3.6,9.5,14.5,0.044
3.6,3.6,9.6,14.6,0.054
3.6,3.6,9.7,14.7,0.06
3.6,3.6,9.8,14.8,0.06
3.6,3.6,9.9,14.9,0.04
3.6,3.6,10.0,15.0,0.048
3.6,3.6,10.1,15.1,0.042
3.6,3.6,10.2,15.2,0.048
3.6,3.6,10.3,15.3,0.058
3.6,3.6,10.4,15.4,0.064
3.6,3.6,10.5,15.5,0.056
3.6,3.6,10.6,15.6,0.022
3.6,3.6,10.7,15.7,0.036
3.6,3.6,10.8,15.8,0.044
3.6,3.6,10.9,15.9,0.056
3.6,3.6,11.0,16.0,0.064
3.6,3.6,11.1,16.1,0.046
3.6,3.6,11.2,16.2,0.058
3.6,3.6,11.3,16.3,0.066
3.6,3.6,11.4,16.4,0.056
3.6,3.6,11.5,16.5,0.032
3.6,3.6,11.6,16.6,0.052
3.6,3.6,11.7,16.7,0.062
3.6,3.6,11.8,16.8,0.048
3.6,3.6,11.9,16.9,0.058
3.6,3.6,12.0,17.0,0.05
3.6,3.6,12.1,17.1,0.052
3.6,3.6,12.2,17.2,0.042
3.6,3.6,12.3,17.3,0.042
3.6,3.6,12.4,17.4,0.064
3.6,3.6,12.5,17.5,0.046
3.6,3.6,12.6,17.6,0.044
3.6,3.6,12.7,17.7,0.044
3.6,3.6,12.8,17.8,0.05
3.6,3.6,12.9,17.9,0.04
3.6,3.6,13.0,18.0,0.06
3.6,3.6,13.1,18.1,0.062
3.6,3.6,13.2,18.2,0.056
3.6,3.6,13.3,18.3,0.062
3.6,3.6,13.4,18.4,0.072
3.6,3.6,13.5,18.5,0.06
3.6,3.6,13.6,18.6,0.052
3.6,3.6,13.7,18.7,0.054
3.6,3.6,13.8,18.8,0.052
3.6,3.6,13.9,18.9,0.046
3.6,3.6,14.0,19.0,0.044
3.6,3.6,14.1,19.1,0.038
3.6,3.6,14.2,19.2,0.058
3.6,3.6,14.3,19.3,0.042
3.6,3.6,14.4,19.4,0.06
3.6,3.6,14.5,19.5,0.046
3.6,3.6,14.6,19.6,0.05
3.6,3.6,14.7,19.7,0.04
3.6,3.6,14.8,19.8,0.042
3.6,3.6,14.9,19.9,0.034
3.6,3.6,15.0,20.0,0.056
3.7,3.7,0.0,5.0,0.712
3.7,3.7,0.1,5.1,0.688
3.7,3.7,0.2,5.2,0.642
3.7,3.7,0.3,5.3,0.62
3.7,3.7,0.4,5.4,0.552
3.7,3.7,0.5,5.5,0.546
3.7,3.7,0.6,5.6,0.512
3.7,3.7,0.7,5.7,0.454
3.7,3.7,0.8,5.8,0.45
3.7,3.7,0.9,5.9,0.38
3.7,3.7,1.0,6.0,0.348
3.7,3.7,1.1,6.1,0.312
3.7,3.7,1.2,6.2,0.33
3.7,3.7,1.3,6.3,0.262
3.7,3.7,1.4,6.4,0.234
3.7,3.7,1.5,6.5,0.224
3.7,3.7,1.6,6.6,0.176
3.7,3.7,1.7,6.7,0.198
3.7,3.7,1.8,6.8,0.208
3.7,3.7,1.9,6.9,0.178
3.7,3.7,2.0,7.0,0.156
3.7,3.7,2.1,7.1,0.166
3.7,3.7,2.2,7.2,0.134
3.7,3.7,2.3,7.3,0.11
3.7,3.7,2.4,7.4,0.14
3.7,3.7,2.5,7.5,0.158
3.7,3.7,2.6,7.6,0.118
3.7,3.7,2.7,7.7,0.126
3.7,3.7,2.8,7.8,0.122
3.7,3.7,2.9,7.9,0.092
3.7,3.7,3.0,8.0,0.102
3.7,3.7,3.1,8.1,0.118
3.7,3.7,3.2,8.2,0.12
3.7,3.7,3.3,8.3,0.114
3.7,3.7,3.4,8.4,0.12
3.7,3.7,3.5,8.5,0.116
3.7,3.7,3.6,8.6,0.122
3.7,3.7,3.7,8.7,0.094
3.7,3.7,3.8,8.8,0.104
3.7,3.7,3.9,8.9,0.108
3.7,3.7,4.0,9.0,0.082
3.7,3.7,4.1,9.1,0.092
3.7,3.7,4.2,9.2,0.096
3.7,3.7,4.3,9.3,0.082
3.7,3.7,4.4,9.4,0.128
3.7,3.7,4.5,9.5,0.114
3.7,3.7,4.6,9.6,0.092
3.7,3.7,4.7,9.7,0.09
3.7,3.7,4.8,9.8,0.11
3.7,3.7,4.9,9.9,0.108
3.7,3.7,5.0,10.0,0.1
3.7,3.7,5.1,10.1,0.082
3.7,3.7,5.2,10.2,0.104
3.7,3.7,5.3,10.3,0.098
3.7,3.7,5.4,10.4,0.08
3.7,3.7,5.5,10.5,0.096
3.7,3.7,5.6,10.6,0.104
3.7,3.7,5.7,10.7,0.088
3.7,3.7,5.8,10.8,0.064
3.7,3.7,5.9,10.9,0.096
3.7,3.7,6.0,11.0,0.1
3.7,3.7,6.1,11.1,0.074
3.7,3.7,6.2,11.2,0.076
3.7,3.7,6.3,11.3,0.072
3.7,3.7,6.4,11.4,0.08
3.7,3.7,6.5,11.5,0.072
3.7,3.7,6.6,11.6,0.072
3.7,3.7,6.7,11.7,0.068
3.7,3.7,6.8,11.8,0.072
3.7,3.7,6.9,11.9,0.058
3.7,3.7,7.0,12.0,0.062
3.7,3.7,7.1,12.1,0.068
3.7,3.7,7.2,12.2,0.058
3.7,3.7,7.3,12.3,0.052
3.7,3.7,7.4,12.4,0.046
3.7,3.7,7.5,12.5,0.052
3.7,3.7,7.6,12.6,0.076
3.7,3.7,7.7,12.7,0.056
3.7,3.7,7.8,12.8,0.056
3.7,3.7,7.9,12.9,0.054
3.7,3.7,8.0,13.0,0.06
3.7,3.7,8.1,13.1,0.064
3.7,3.7,8.2,13.2,0.048
3.7,3.7,8.3,13.3,0.046
3.7,3.7,8.4,13.4,0.054
3.7,3.7,8.5,13.5,0.042
3.7,3.7,8.6,13.6,0.05
3.7,3.7,8.7,13.7,0.05
3.7,3.7,8.8,13.8,0.058
3.7,3.7,8.9,13.9,0.048
3.7,3.7,9.0,14.0,0.04
3.7,3.7,9.1,14.1,0.064
3.7,3.7,9.2,14.2,0.044
3.7,3.7,9.3,14.3,0.03
3.7,3.7,9.4,14.4,0.038
3.7,3.7,9.5,14.5,0.044
3.7,3.7,9.6,14.6,0.052
3.7,3.7,9.7,14.7,0.042
3.7,3.7,9.8,14.8,0.068
3.7,3.7,9.9,14.9,0.054
3.7,3.7,10.0,15.0,0.06
3.7,3.7,10.1,15.1,0.038
3.7,3.7,10.2,15.2,0.04
3.7,3.7,10.3,15.3,0.06
3.7,3.7,10.4,15.4,0.064
3.7,3.7,10.5,15.5,0.052
3.7,3.7,10.6,15.6,0.04
3.7,3.7,10.7,15.7,0.064
3.7,3.7,10.8,15.8,0.052
3.7,3.7,10.9,15.9,0.05
3.7,3.7,11.0,16.0,0.064
3.7,3.7,11.1,16.1,0.066
3.7,3.7,11.2,16.2,0.046
3.7,3.7,11.3,16.3,0.052
3.7,3.7,11.4,16.4,0.064
3.7,3.7,11.5,16.5,0.052
3.7,3.7,11.6,16.6,0.04
3.7,3.7,11.7,16.7,0.058
3.7,3.7,11.8,16.8,0.05
3.7,3.7,11.9,16.9,0.05
3.7,3.7,12.0,17.0,0.056
3.7,3.7,12.1,17.1,0.042
3.7,3.7,12.2,17.2,0.052
3.7,3.7,12.3,17.3,0.028
3.7,3.7,12.4,17.4,0.046
3.7,3.7,12.5,17.5,0.048
3.7,3.7,12.6,17.6,0.052
3.7,3.7,12.7,17.7,0.036
3.7,3.7,12.8,17.8,0.04
3.7,3.7,12.9,17.9,0.054
3.7,3.7,13.0,18.0,0.03
3.7,3.7,13.1,18.1,0.038
3.7,3.7,13.2,18.2,0.04
3.7,3.7,13.3,18.3,0.06
3.7,3.7,13.4,18.4,0.044
3.7,3.7,13.5,18.5,0.048
3.7,3.7,13.6,18.6,0.04
3.7,3.7,13.7,18.7,0.046
3.7,3.7,13.8,18.8,0.058
3.7,3.7,13.9,18.9,0.038
3.7,3.7,14.0,19.0,0.044
3.7,3.7,14.1,19.1,0.046
3.7,3.7,14.2,19.2,0.06
3.7,3.7,14.3,19.3,0.032
3.7,3.7,14.4,19.4,0.05
3.7,3.7,14.5,19.5,0.048
3.7,3.7,14.6,19.6,0.078
3.7,3.7,14.7,19.7,0.03
3.7,3.7,14.8,19.8,0.04
3.7,3.7,14.9,19.9,0.056
3.7,3.7,15.0,20.0,0.058
3.8,3.8,0.0,5.0,0.77
3.8,3.8,0.1,5.1,0.708
3.8,3.8,0.2,5.2,0.684
3.8,3.8,0.3,5.3,0.664
3.8,3.8,0.4,5.4,0.604
3.8,3.8,0.5,5.5,0.61
3.8,3.8,0.6,5.6,0.526
3.8,3.8,0.7,5.7,0.524
3.8,3.8,0.8,5.8,0.404
3.8,3.8,0.9,5.9,0.432
3.8,3.8,1.0,6.0,0.404
3.8,3.8,1.1,6.1,0.332
3.8,3.8,1.2,6.2,0.28
3.8,3.8,1.3,6.3,0.316
3.8,3.8,1.4,6.4,0.282
3.8,3.8,1.5,6.5,0.254
3.8,3.8,1.6,6.6,0.226
3.8,3.8,1.7,6.7,0.214
3.8,3.8,1.8,6.8,0.188
3.8,3.8,1.9,6.9,0.158
3.8,3.8,2.0,7.0,0.156
3.8,3.8,2.1,7.1,0.152
3.8,3.8,2.2,7.2,0.144
3.8,3.8,2.3,7.3,0.126
3.8,3.8,2.4,7.4,0.12
3.8,3.8,2.5,7.5,0.144
3.8,3.8,2.6,7.6,0.134
3.8,3.8,2.7,7.7,0.148
3.8,3.8,2.8,7.8,0.15
3.8,3.8,2.9,7.9,0.118
3.8,3.8,3.0,8.0,0.102
3.8,3.8,3.1,8.1,0.142
3.8,3.8,3.2,8.2,0.112
3.8,3.8,3.3,8.3,0.096
3.8,3.8,3.4,8.4,0.134
3.8,3.8,3.5,8.5,0.13
3.8,3.8,3.6,8.6,0.078
3.8,3.8,3.7,8.7,0.11
3.8,3.8,3.8,8.8,0.132
3.8,3.8,3.9,8.9,0.086
3.8,3.8,4.0,9.0,0.136
3.8,3.8,4.1,9.1,0.09
3.8,3.8,4.2,9.2,0.076
3.8,3.8,4.3,9.3,0.116
3.8,3.8,4.4,9.4,0.108
3.8,3.8,4.5,9.5,0.11
3.8,3.8,4.6,9.6,0.112
3.8,3.8,4.7,9.7,0.102
3.8,3.8,4.8,9.8,0.092
3.8,3.8,4.9,9.9,0.134
3.8,3.8,5.0,10.0,0.098
3.8,3.8,5.1,10.1,0.096
3.8,3.8,5.2,10.2,0.074
3.8,3.8,5.3,10.3,0.114
3.8,3.8,5.4,10.4,0.086
3.8,3.8,5.5,10.5,0.078
3.8,3.8,5.6,10.6,0.076
3.8,3.8,5.7,10.7,0.1
3.8,3.8,5.8,10.8,0.074
3.8,3.8,5.9,10.9,0.06
3.8,3.8,6.0,11.0,0.074
3.8,3.8,6.1,11.1,0.07
3.8,3.8,6.2,11.2,0.064
3.8,3.8,6.3,11.3,0.084
3.8,3.8,6.4,11.4,0.058
3.8,3.8,6.5,11.5,0.07
3.8,3.8,6.6,11.6,0.08
3.8,3.8,6.7,11.7,0.07
3.8,3.8,6.8,11.8,0.052
3.8,3.8,6.9,11.9,0.052
3.8,3.8,7.0,12.0,0.048
3.8,3.8,7.1,12.1,0.058
3.8,3.8,7.2,12.2,0.048
3.8,3.8,7.3,12.3,0.05
3.8,3.8,7.4,12.4,0.07
3.8,3.8,7.5,12.5,0.058
3.8,3.8,7.6,12.6,0.058
3.8,3.8,7.7,12.7,0.056
3.8,3.8,7.8,12.8,0.05
3.8,3.8,7.9,12.9,0.052
3.8,3.8,8.0,13.0,0.056
3.8,3.8,8.1,13.1,0.066
3.8,3.8,8.2,13.2,0.062
3.8,3.8,8.3,13.3,0.042
3.8,3.8,8.4,13.4,0.078
3.8,3.8,8.5,13.5,0.052
3.8,3.8,8.6,13.6,0.04
3.8,3.8,8.7,13.7,0.042
3.8,3.8,8.8,13.8,0.046
3.8,3.8,8.9,13.9,0.066
3.8,3.8,9.0,14.0,0.044
3.8,3.8,9.1,14.1,0.062
3.8,3.8,9.2,14.2,0.054
3.8,3.8,9.3,14.3,0.058
3.8,3.8,9.4,14.4,0.046
3.8,3.8,9.5,14.5,0.054
3.8,3.8,9.6,14.6,0.062
3.8,3.8,9.7,14.7,0.03
3.8,3.8,9.8,14.8,0.052
3.8,3.8,9.9,14.9,0.044
3.8,3.8,10.0,15.0,0.052
3.8,3.8,10.1,15.1,0.032
3.8,3.8,10.2,15.2,0.054
3.8,3.8,10.3,15.3,0.044
3.8,3.8,10.4,15.4,0.062
3.8,3.8,10.5,15.5,0.042
3.8,3.8,10.6,15.6,0.066
3.8,3.8,10.7,15.7,0.062
3.8,3.8,10.8,15.8,0.036
3.8,3.8,10.9,15.9,0.044
3.8,3.8,11.0,16.0,0.048
3.8,3.8,11.1,16.1,0.05
3.8,3.8,11.2,16.2,0.03
3.8,3.8,11.3,16.3,0.054
3.8,3.8,11.4,16.4,0.032
3.8,3.8,11.5,16.5,0.07
3.8,3.8,11.6,16.6,0.05
3.8,3.8,11.7,16.7,0.054
3.8,3.8,11.8,16.8,0.074
3.8,3.8,11.9,16.9,0.048
3.8,3.8,12.0,17.0,0.036
3.8,3.8,12.1,17.1,0.046
3.8,3.8,12.2,17.2,0.052
3.8,3.8,12.3,17.3,0.054
3.8,3.8,12.4,17.4,0.038
3.8,3.8,12.5,17.5,0.078
3.8,3.8,12.6,17.6,0.044
3.8,3.8,12.7,17.7,0.058
3.8,3.8,12.8,17.8,0.058
3.8,3.8,12.9,17.9,0.05
3.8,3.8,13.0,18.0,0.056
3.8,3.8,13.1,18.1,0.054
3.8,3.8,13.2,18.2,0.048
3.8,3.8,13.3,18.3,0.054
3.8,3.8,13.4,18.4,0.04
3.8,3.8,13.5,18.5,0.058
3.8,3.8,13.6,18.6,0.044
3.8,3.8,13.7,18.7,0.05
3.8,3.8,13.8,18.8,0.072
3.8,3.8,13.9,18.9,0.042
3.8,3.8,14.0,19.0,0.044
3.8,3.8,14.1,19.1,0.06
3.8,3.8,14.2,19.2,0.042
3.8,3.8,14.3,19.3,0.066
3.8,3.8,14.4,19.4,0.048
3.8,3.8,14.5,19.5,0.06
3.8,3.8,14.6,19.6,0.036
3.8,3.8,14.7,19.7,0.05
3.8,3.8,14.8,19.8,0.058
3.8,3.8,14.9,19.9,0.044
3.8,3.8,15.0,20.0,0.052
3.9,3.9,0.0,5.0,0.752
3.9,3.9,0.1,5.1,0.748
3.9,3.9,0.2,5.2,0.706
3.9,3.9,0.3,5.3,0.698
3.9,3.9,0.4,5.4,0.668
3.9,3.9,0.5,5.5,0.622
3.9,3.9,0.6,5.6,0.554
3.9,3.9,0.7,5.7,0.528
3.9,3.9,0.8,5.8,0.516
3.9,3.9,0.9,5.9,0.44
3.9,3.9,1.0,6.0,0.418
3.9,3.9,1.1,6.1,0.38
3.9,3.9,1.2,6.2,0.382
3.9,3.9,1.3,6.3,0.318
3.9,3.9,1.4,6.4,0.24
3.9,3.9,1.5,6.5,0.266
3.9,3.9,1.6,6.6,0.234
3.9,3.9,1.7,6.7,0.216
3.9,3.9,1.8,6.8,0.22
3.9,3.9,1.9,6.9,0.202
3.9,3.9,2.0,7.0,0.148
3.9,3.9,2.1,7.1,0.174
3.9,3.9,2.2,7.2,0.168
3.9,3.9,2.3,7.3,0.148
3.9,3.9,2.4,7.4,0.17
3.9,3.9,2.5,7.5,0.12
3.9,3.9,2.6,7.6,0.13
3.9,3.9,2.7,7.7,0.146
3.9,3.9,2.8,7.8,0.106
3.9,3.9,2.9,7.9,0.096
3.9,3.9,3.0,8.0,0.122
3.9,3.9,3.1,8.1,0.126
3.9,3.9,3.2,8.2,0.118
3.9,3.9,3.3,8.3,0.14
3.9,3.9,3.4,8.4,0.128
3.9,3.9,3.5,8.5,0.122
3.9,3.9,3.6,8.6,0.108
3.9,3.9,3.7,8.7,0.12
3.9,3.9,3.8,8.8,0.118
3.9,3.9,3.9,8.9,0.098
3.9,3.9,4.0,9.0,0.112
3.9,3.9,4.1,9.1,0.088
3.9,3.9,4.2,9.2,0.09
3.9,3.9,4.3,9.3,0.078
3.9,3.9,4.4,9.4,0.116
3.9,3.9,4.5,9.5,0.106
3.9,3.9,4.6,9.6,0.1
3.9,3.9,4.7,9.7,0.102
3.9,3.9,4.8,9.8,0.104
3.9,3.9,4.9,9.9,0.118
3.9,3.9,5.0,10.0,0.12
3.9,3.9,5.1,10.1,0.11
3.9,3.9,5.2,10.2,0.124
3.9,3.9,5.3,10.3,0.106
3.9,3.9,5.4,10.4,0.086
3.9,3.9,5.5,10.5,0.076
3.9,3.9,5.6,10.6,0.094
3.9,3.9,5.7,10.7,0.086
3.9,3.9,5.8,10.8,0.082
3.9,3.9,5.9,10.9,0.092
3.9,3.9,6.0,11.0,0.078
3.9,3.9,6.1,11.1,0.076
3.9,3.9,6.2,11.2,0.07
3.9,3.9,6.3,11.3,0.076
3.9,3.9,6.4,11.4,0.062
3.9,3.9,6.5,11.5,0.086
3.9,3.9,6.6,11.6,0.076
3.9,3.9,6.7,11.7,0.064
3.9,3.9,6.8,11.8,0.064
3.9,3.9,6.9,11.9,0.078
3.9,3.9,7.0,12.0,0.06
3.9,3.9,7.1,12.1,0.07
3.9,3.9,7.2,12.2,0.076
3.9,3.9,7.3,12.3,0.072
3.9,3.9,7.4,12.4,0.062
3.9,3.9,7.5,12.5,0.036
3.9,3.9,7.6,12.6,0.042
3.9,3.9,7.7,12.7,0.056
3.9,3.9,7.8,12.8,0.038
3.9,3.9,7.9,12.9,0.052
3.9,3.9,8.0,13.0,0.064
3.9,3.9,8.1,13.1,0.06
3.9,3.9,8.2,13.2,0.052
3.9,3.9,8.3,13.3,0.046
3.9,3.9,8.4,13.4,0.072
3.9,3.9,8.5,13.5,0.048
3.9,3.9,8.6,13.6,0.046
3.9,3.9,8.7,13.7,0.036
3.9,3.9,8.8,13.8,0.046
3.9,3.9,8.9,13.9,0.054
3.9,3.9,9.0,14.0,0.052
3.9,3.9,9.1,14.1,0.06
3.9,3.9,9.2,14.2,0.044
3.9,3.9,9.3,14.3,0.058
3.9,3.9,9.4,14.4,0.056
3.9,3.9,9.5,14.5,0.032
3.9,3.9,9.6,14.6,0.046
3.9,3.9,9.7,14.7,0.06
3.9,3.9,9.8,14.8,0.072
3.9,3.9,9.9,14.9,0.058
3.9,3.9,10.0,15.0,0.028
3.9,3.9,10.1,15.1,0.032
3.9,3.9,10.2,15.2,0.042
3.9,3.9,10.3,15.3,0.052
3.9,3.9,10.4,15.4,0.052
3.9,3.9,10.5,15.5,0.044
3.9,3.9,10.6,15.6,0.026
3.9,3.9,10.7,15.7,0.044
3.9,3.9,10.8,15.8,0.048
3.9,3.9,10.9,15.9,0.036
3.9,3.9,11.0,16.0,0.04
3.9,3.9,11.1,16.1,0.052
3.9,3.9,11.2,16.2,0.052
3.9,3.9,11.3,16.3,0.04
3.9,3.9,11.4,16.4,0.068
3.9,3.9,11.5,16.5,0.056
3.9,3.9,11.6,16.6,0.05
3.9,3.9,11.7,16.7,0.07
3.9,3.9,11.8,16.8,0.064
3.9,3.9,11.9,16.9,0.048
3.9,3.9,12.0,17.0,0.072
3.9,3.9,12.1,17.1,0.038
3.9,3.9,12.2,17.2,0.052
3.9,3.9,12.3,17.3,0.044
3.9,3.9,12.4,17.4,0.05
3.9,3.9,12.5,17.5,0.038
3.9,3.9,12.6,17.6,0.052
3.9,3.9,12.7,17.7,0.052
3.9,3.9,12.8,17.8,0.052
3.9,3.9,12.9,17.9,0.04
3.9,3.9,13.0,18.0,0.06
3.9,3.9,13.1,18.1,0.038
3.9,3.9,13.2,18.2,0.052
3.9,3.9,13.3,18.3,0.052
3.9,3.9,13.4,18.4,0.062
3.9,3.9,13.5,18.5,0.06
3.9,3.9,13.6,18.6,0.04
3.9,3.9,13.7,18.7,0.054
3.9,3.9,13.8,18.8,0.05
3.9,3.9,13.9,18.9,0.058
3.9,3.9,14.0,19.0,0.034
3.9,3.9,14.1,19.1,0.05
3.9,3.9,14.2,19.2,0.052
3.9,3.9,14.3,19.3,0.056
3.9,3.9,14.4,19.4,0.052
3.9,3.9,14.5,19.5,0.024
3.9,3.9,14.6,19.6,0.046
3.9,3.9,14.7,19.7,0.06
3.9,3.9,14.8,19.8,0.042
3.9,3.9,14.9,19.9,0.068
3.9,3.9,15.0,20.0,0.036
4.0,4.0,0.0,5.0,0.78
4.0,4.0,0.1,5.1,0.742
4.0,4.0,0.2,5.2,0.76
4.0,4.0,0.3,5.3,0.704
4.0,4.0,0.4,5.4,0.676
4.0,4.0,0.5,5.5,0.648
4.0,4.0,0.6,5.6,0.582
4.0,4.0,0.7,5.7,0.592
4.0,4.0,0.8,5.8,0.518
4.0,4.0,0.9,5.9,0.512
4.0,4.0,1.0,6.0,0.432
4.0,4.0,1.1,6.1,0.35
4.0,4.0,1.2,6.2,0.4
4.0,4.0,1.3,6.3,0.36
4.0,4.0,1.4,6.4,0.322
4.0,4.0,1.5,6.5,0.322
4.0,4.0,1.6,6.6,0.25
4.0,4.0,1.7,6.7,0.226
4.0,4.0,1.8,6.8,0.24
4.0,4.0,1.9,6.9,0.204
4.0,4.0,2.0,7.0,0.208
4.0,4.0,2.1,7.1,0.188
4.0,4.0,2.2,7.2,0.162
4.0,4.0,2.3,7.3,0.14
4.0,4.0,2.4,7.4,0.14
4.0,4.0,2.5,7.5,0.14
4.0,4.0,2.6,7.6,0.162
4.0,4.0,2.7,7.7,0.112
4.0,4.0,2.8,7.8,0.14
4.0,4.0,2.9,7.9,0.104
4.0,4.0,3.0,8.0,0.124
4.0,4.0,3.1,8.1,0.148
4.0,4.0,3.2,8.2,0.126
4.0,4.0,3.3,8.3,0.134
4.0,4.0,3.4,8.4,0.108
4.0,4.0,3.5,8.5,0.09
4.0,4.0,3.6,8.6,0.102
4.0,4.0,3.7,8.7,0.11
4.0,4.0,3.8,8.8,0.1
4.0,4.0,3.9,8.9,0.11
4.0,4.0,4.0,9.0,0.126
4.0,4.0,4.1,9.1,0.104
4.0,4.0,4.2,9.2,0.096
4.0,4.0,4.3,9.3,0.128
4.0,4.0,4.4,9.4,0.1
4.0,4.0,4.5,9.5,0.138
4.0,4.0,4.6,9.6,0.1
4.0,4.0,4.7,9.7,0.1
4.0,4.0,4.8,9.8,0.116
4.0,4.0,4.9,9.9,0.086
4.0,4.0,5.0,10.0,0.106
4.0,4.0,5.1,10.1,0.098
4.0,4.0,5.2,10.2,0.118
4.0,4.0,5.3,10.3,0.118
4.0,4.0,5.4,10.4,0.094
4.0,4.0,5.5,10.5,0.096
4.0,4.0,5.6,10.6,0.082
4.0,4.0,5.7,10.7,0.088
4.0,4.0,5.8,10.8,0.066
4.0,4.0,5.9,10.9,0.076
4.0,4.0,6.0,11.0,0.086
4.0,4.0,6.1,11.1,0.076
4.0,4.0,6.2,11.2,0.06
4.0,4.0,6.3,11.3,0.068
4.0,4.0,6.4,11.4,0.094
4.0,4.0,6.5,11.5,0.074
4.0,4.0,6.6,11.6,0.074
4.0,4.0,6.7,11.7,0.078
4.0,4.0,6.8,11.8,0.084
4.0,4.0,6.9,11.9,0.078
4.0,4.0,7.0,12.0,0.054
4.0,4.0,7.1,12.1,0.054
4.0,4.0,7.2,12.2,0.064
4.0,4.0,7.3,12.3,0.058
4.0,4.0,7.4,12.4,0.066
4.0,4.0,7.5,12.5,0.038
4.0,4.0,7.6,12.6,0.05
4.0,4.0,7.7,12.7,0.08
4.0,4.0,7.8,12.8,0.048
4.0,4.0,7.9,12.9,0.058
4.0,4.0,8.0,13.0,0.068
4.0,4.0,8.1,13.1,0.036
4.0,4.0,8.2,13.2,0.058
4.0,4.0,8.3,13.3,0.06
4.0,4.0,8.4,13.4,0.046
4.0,4.0,8.5,13.5,0.072
4.0,4.0,8.6,13.6,0.054
4.0,4.0,8.7,13.7,0.05
4.0,4.0,8.8,13.8,0.052
4.0,4.0,8.9,13.9,0.07
4.0,4.0,9.0,14.0,0.05
4.0,4.0,9.1,14.1,0.062
4.0,4.0,9.2,14.2,0.06
4.0,4.0,9.3,14.3,0.044
4.0,4.0,9.4,14.4,0.064
4.0,4.0,9.5,14.5,0.05
4.0,4.0,9.6,14.6,0.052
4.0,4.0,9.7,14.7,0.042
4.0,4.0,9.8,14.8,0.058
4.0,4.0,9.9,14.9,0.04
4.0,4.0,10.0,15.0,0.048
4.0,4.0,10.1,15.1,0.064
4.0,4.0,10.2,15.2,0.034
4.0,4.0,10.3,15.3,0.06
4.0,4.0,10.4,15.4,0.066
4.0,4.0,10.5,15.5,0.058
4.0,4.0,10.6,15.6,0.062
4.0,4.0,10.7,15.7,0.054
4.0,4.0,10.8,15.8,0.05
4.0,4.0,10.9,15.9,0.04
4.0,4.0,11.0,16.0,0.044
4.0,4.0,11.1,16.1,0.034
4.0,4.0,11.2,16.2,0.058
4.0,4.0,11.3,16.3,0.062
4.0,4.0,11.4,16.4,0.056
4.0,4.0,11.5,16.5,0.068
4.0,4.0,11.6,16.6,0.048
4.0,4.0,11.7,16.7,0.06
4.0,4.0,11.8,16.8,0.044
4.0,4.0,11.9,16.9,0.054
4.0,4.0,12.0,17.0,0.054
4.0,4.0,12.1,17.1,0.05
4.0,4.0,12.2,17.2,0.052
4.0,4.0,12.3,17.3,0.038
4.0,4.0,12.4,17.4,0.034
4.0,4.0,12.5,17.5,0.066
4.0,4.0,12.6,17.6,0.052
4.0,4.0,12.7,17.7,0.068
4.0,4.0,12.8,17.8,0.038
4.0,4.0,12.9,17.9,0.056
4.0,4.0,13.0,18.0,0.042
4.0,4.0,13.1,18.1,0.052
4.0,4.0,13.2,18.2,0.044
4.0,4.0,13.3,18.3,0.07
4.0,4.0,13.4,18.4,0.06
4.0,4.0,13.5,18.5,0.044
4.0,4.0,13.6,18.6,0.054
4.0,4.0,13.7,18.7,0.06
4.0,4.0,13.8,18.8,0.044
4.0,4.0,13.9,18.9,0.038
4.0,4.0,14.0,19.0,0.038
4.0,4.0,14.1,19.1,0.044
4.0,4.0,14.2,19.2,0.048
4.0,4.0,14.3,19.3,0.034
4.0,4.0,14.4,19.4,0.058
4.0,4.0,14.5,19.5,0.036
4.0,4.0,14.6,19.6,0.046
4.0,4.0,14.7,19.7,0.046
4.0,4.0,14.8,19.8,0.054
4.0,4.0,14.9,19.9,0.044
4.0,4.0,15.0,20.0,0.052
4.1,4.1,0.0,5.0,0.81
4.1,4.1,0.1,5.1,0.802
4.1,4.1,0.2,5.2,0.764
4.1,4.1,0.3,5.3,0.75
4.1,4.1,0.4,5.4,0.744
4.1,4.1,0.5,5.5,0.676
4.1,4.1,0.6,5.6,0.642
4.1,4.1,0.7,5.7,0.622
4.1,4.1,0.8,5.8,0.596
4.1,4.1,0.9,5.9,0.504
4.1,4.1,1.0,6.0,0.534
4.1,4.1,1.1,6.1,0.458
4.1,4.1,1.2,6.2,0.414
4.1,4.1,1.3,6.3,0.382
4.1,4.1,1.4,6.4,0.35
4.1,4.1,1.5,6.5,0.292
4.1,4.1,1.6,6.6,0.318
4.1,4.1,1.7,6.7,0.258
4.1,4.1,1.8,6.8,0.228
4.1,4.1,1.9,6.9,0.226
4.1,4.1,2.0,7.0,0.194
4.1,4.1,2.1,7.1,0.164
4.1,4.1,2.2,7.2,0.166
4.1,4.1,2.3,7.3,0.202
4.1,4.1,2.4,7.4,0.158
4.1,4.1,2.5,7.5,0.162
4.1,4.1,2.6,7.6,0.154
4.1,4.1,2.7,7.7,0.16
4.1,4.1,2.8,7.8,0.148
4.1,4.1,2.9,7.9,0.108
4.1,4.1,3.0,8.0,0.108
4.1,4.1,3.1,8.1,0.122
4.1,4.1,3.2,8.2,0.098
4.1,4.1,3.3,8.3,0.13
4.1,4.1,3.4,8.4,0.088
4.1,4.1,3.5,8.5,0.128
4.1,4.1,3.6,8.6,0.118
4.1,4.1,3.7,8.7,0.108
4.1,4.1,3.8,8.8,0.122
4.1,4.1,3.9,8.9,0.114
4.1,4.1,4.0,9.0,0.104
4.1,4.1,4.1,9.1,0.1
4.1,4.1,4.2,9.2,0.122
4.1,4.1,4.3,9.3,0.104
4.1,4.1,4.4,9.4,0.104
4.1,4.1,4.5,9.5,0.12
4.1,4.1,4.6,9.6,0.094
4.1,4.1,4.7,9.7,0.118
4.1,4.1,4.8,9.8,0.116
4.1,4.1,4.9,9.9,0.084
4.1,4.1,5.0,10.0,0.11
4.1,4.1,5.1,10.1,0.082
4.1,4.1,5.2,10.2,0.082
4.1,4.1,5.3,10.3,0.078
4.1,4.1,5.4,10.4,0.084
4.1,4.1,5.5,10.5,0.094
4.1,4.1,5.6,10.6,0.072
4.1,4.1,5.7,10.7,0.108
4.1,4.1,5.8,10.8,0.09
4.1,4.1,5.9,10.9,0.086
4.1,4.1,6.0,11.0,0.09
4.1,4.1,6.1,11.1,0.098
4.1,4.1,6.2,11.2,0.074
4.1,4.1,6.3,11.3,0.09
4.1,4.1,6.4,11.4,0.092
4.1,4.1,6.5,11.5,0.086
4.1,4.1,6.6,11.6,0.08
4.1,4.1,6.7,11.7,0.074
4.1,4.1,6.8,11.8,0.066
4.1,4.1,6.9,11.9,0.074
4.1,4.1,7.0,12.0,0.05
4.1,4.1,7.1,12.1,0.074
4.1,4.1,7.2,12.2,0.074
4.1,4.1,7.3,12.3,0.068
4.1,4.1,7.4,12.4,0.04
4.1,4.1,7.5,12.5,0.048
4.1,4.1,7.6,12.6,0.04
4.1,4.1,7.7,12.7,0.05
4.1,4.1,7.8,12.8,0.06
4.1,4.1,7.9,12.9,0.072
4.1,4.1,8.0,13.0,0.058
4.1,4.1,8.1,13.1,0.052
4.1,4.1,8.2,13.2,0.05
4.1,4.1,8.3,13.3,0.054
4.1,4.1,8.4,13.4,0.044
4.1,4.1,8.5,13.5,0.046
4.1,4.1,8.6,13.6,0.062
4.1,4.1,8.7,13.7,0.044
4.1,4.1,8.8,13.8,0.034
4.1,4.1,8.9,13.9,0.048
4.1,4.1,9.0,14.0,0.046
4.1,4.1,9.1,14.1,0.042
4.1,4.1,9.2,14.2,0.038
4.1,4.1,9.3,14.3,0.032
4.1,4.1,9.4,14.4,0.052
4.1,4.1,9.5,14.5,0.038
4.1,4.1,9.6,14.6,0.048
4.1,4.1,9.7,14.7,0.044
4.1,4.1,9.8,14.8,0.052
4.1,4.1,9.9,14.9,0.062
4.1,4.1,10.0,15.0,0.05
4.1,4.1,10.1,15.1,0.058
4.1,4.1,10.2,15.2,0.044
4.1,4.1,10.3,15.3,0.054
4.1,4.1,10.4,15.4,0.074
4.1,4.1,10.5,15.5,0.038
4.1,4.1,10.6,15.6,0.044
4.1,4.1,10.7,15.7,0.056
4.1,4.1,10.8,15.8,0.052
4.1,4.1,10.9,15.9,0.064
4.1,4.1,11.0,16.0,0.06
4.1,4.1,11.1,16.1,0.056
4.1,4.1,11.2,16.2,0.058
4.1,4.1,11.3,16.3,0.07
4.1,4.1,11.4,16.4,0.038
4.1,4.1,11.5,16.5,0.038
4.1,4.1,11.6,16.6,0.056
4.1,4.1,11.7,16.7,0.024
4.1,4.1,11.8,16.8,0.05
4.1,4.1,11.9,16.9,0.034
4.1,4.1,12.0,17.0,0.066
4.1,4.1,12.1,17.1,0.06
4.1,4.1,12.2,17.2,0.04
4.1,4.1,12.3,17.3,0.048
4.1,4.1,12.4,17.4,0.052
4.1,4.1,12.5,17.5,0.044
4.1,4.1,12.6,17.6,0.044
4.1,4.1,12.7,17.7,0.054
4.1,4.1,12.8,17.8,0.054
4.1,4.1,12.9,17.9,0.052
4.1,4.1,13.0,18.0,0.04
4.1,4.1,13.1,18.1,0.03
4.1,4.1,13.2,18.2,0.056
4.1,4.1,13.3,18.3,0.08
4.1,4.1,13.4,18.4,0.074
4.1,4.1,13.5,18.5,0.03
4.1,4.1,13.6,18.6,0.044
4.1,4.1,13.7,18.7,0.046
4.1,4.1,13.8,18.8,0.044
4.1,4.1,13.9,18.9,0.046
4.1,4.1,14.0,19.0,0.046
4.1,4.1,14.1,19.1,0.048
4.1,4.1,14.2,19.2,0.056
4.1,4.1,14.3,19.3,0.048
4.1,4.1,14.4,19.4,0.052
4.1,4.1,14.5,19.5,0.03
4.1,4.1,14.6,19.6,0.058
4.1,4.1,14.7,19.7,0.058
4.1,4.1,14.8,19.8,0.07
4.1,4.1,14.9,19.9,0.056
4.1,4.1,15.0,20.0,0.04
4.2,4.2,0.0,5.0,0.874
4.2,4.2,0.1,5.1,0.822
4.2,4.2,0.2,5.2,0.796
4.2,4.2,0.3,5.3,0.754
4.2,4.2,0.4,5.4,0.736
4.2,4.2,0.5,5.5,0.712
4.2,4.2,0.6,5.6,0.672
4.2,4.2,0.7,5.7,0.628
4.2,4.2,0.8,5.8,0.632
4.2,4.2,0.9,5.9,0.572
4.2,4.2,1.0,6.0,0.524
4.2,4.2,1.1,6.1,0.488
4.2,4.2,1.2,6.2,0.506
4.2,4.2,1.3,6.3,0.44
4.2,4.2,1.4,6.4,0.374
4.2,4.2,1.5,6.5,0.352
4.2,4.2,1.6,6.6,0.328
4.2,4.2,1.7,6.7,0.292
4.2,4.2,1.8,6.8,0.266
4.2,4.2,1.9,6.9,0.266
4.2,4.2,2.0,7.0,0.246
4.2,4.2,2.1,7.1,0.226
4.2,4.2,2.2,7.2,0.224
4.2,4.2,2.3,7.3,0.172
4.2,4.2,2.4,7.4,0.176
4.2,4.2,2.5,7.5,0.152
4.2,4.2,2.6,7.6,0.134
4.2,4.2,2.7,7.7,0.15
4.2,4.2,2.8,7.8,0.154
4.2,4.2,2.9,7.9,0.146
4.2,4.2,3.0,8.0,0.128
4.2,4.2,3.1,8.1,0.13
4.2,4.2,3.2,8.2,0.108
4.2,4.2,3.3,8.3,0.138
4.2,4.2,3.4,8.4,0.126
4.2,4.2,3.5,8.5,0.102
4.2,4.2,3.6,8.6,0.144
4.2,4.2,3.7,8.7,0.12
4.2,4.2,3.8,8.8,0.078
4.2,4.2,3.9,8.9,0.102
4.2,4.2,4.0,9.0,0.12
4.2,4.2,4.1,9.1,0.102
4.2,4.2,4.2,9.2,0.112
4.2,4.2,4.3,9.3,0.076
4.2,4.2,4.4,9.4,0.128
4.2,4.2,4.5,9.5,0.132
4.2,4.2,4.6,9.6,0.122
4.2,4.2,4.7,9.7,0.116
4.2,4.2,4.8,9.8,0.108
4.2,4.2,4.9,9.9,0.1
4.2,4.2,5.0,10.0,0.084
4.2,4.2,5.1,10.1,0.098
4.2,4.2,5.2,10.2,0.096
4.2,4.2,5.3,10.3,0.09
4.2,4.2,5.4,10.4,0.084
4.2,4.2,5.5,10.5,0.072
4.2,4.2,5.6,10.6,0.08
4.2,4.2,5.7,10.7,0.106
4.2,4.2,5.8,10.8,0.08
4.2,4.2,5.9,10.9,0.072
4.2,4.2,6.0,11.0,0.072
4.2,4.2,6.1,11.1,0.08
4.2,4.2,6.2,11.2,0.078
4.2,4.2,6.3,11.3,0.08
4.2,4.2,6.4,11.4,0.096
4.2,4.2,6.5,11.5,0.084
4.2,4.2,6.6,11.6,0.07
4.2,4.2,6.7,11.7,0.074
4.2,4.2,6.8,11.8,0.064
4.2,4.2,6.9,11.9,0.074
4.2,4.2,7.0,12.0,0.058
4.2,4.2,7.1,12.1,0.07
4.2,4.2,7.2,12.2,0.06
4.2,4.2,7.3,12.3,0.06
4.2,4.2,7.4,12.4,0.058
4.2,4.2,7.5,12.5,0.058
4.2,4.2,7.6,12.6,0.062
4.2,4.2,7.7,12.7,0.064
4.2,4.2,7.8,12.8,0.058
4.2,4.2,7.9,12.9,0.05
4.2,4.2,8.0,13.0,0.044
4.2,4.2,8.1,13.1,0.04
4.2,4.2,8.2,13.2,0.052
4.2,4.2,8.3,13.3,0.042
4.2,4.2,8.4,13.4,0.044
4.2,4.2,8.5,13.5,0.046
4.2,4.2,8.6,13.6,0.06
4.2,4.2,8.7,13.7,0.052
4.2,4.2,8.8,13.8,0.046
4.2,4.2,8.9,13.9,0.056
4.2,4.2,9.0,14.0,0.044
4.2,4.2,9.1,14.1,0.044
4.2,4.2,9.2,14.2,0.066
4.2,4.2,9.3,14.3,0.052
4.2,4.2,9.4,14.4,0.056
4.2,4.2,9.5,14.5,0.054
4.2,4.2,9.6,14.6,0.048
4.2,4.2,9.7,14.7,0.038
4.2,4.2,9.8,14.8,0.048
4.2,4.2,9.9,14.9,0.06
4.2,4.2,10.0,15.0,0.038
4.2,4.2,10.1,15.1,0.052
4.2,4.2,10.2,15.2,0.056
4.2,4.2,10.3,15.3,0.052
4.2,4.2,10.4,15.4,0.034
4.2,4.2,10.5,15.5,0.056
4.2,4.2,10.6,15.6,0.054
4.2,4.2,10.7,15.7,0.07
4.2,4.2,10.8,15.8,0.076
4.2,4.2,10.9,15.9,0.054
4.2,4.2,11.0,16.0,0.042
4.2,4.2,11.1,16.1,0.048
4.2,4.2,11.2,16.2,0.056
4.2,4.2,11.3,16.3,0.06
4.2,4.2,11.4,16.4,0.052
4.2,4.2,11.5,16.5,0.036
4.2,4.2,11.6,16.6,0.028
4.2,4.2,11.7,16.7,0.046
4.2,4.2,11.8,16.8,0.054
4.2,4.2,11.9,16.9,0.052
4.2,4.2,12.0,17.0,0.052
4.2,4.2,12.1,17.1,0.046
4.2,4.2,12.2,17.2,0.042
4.2,4.2,12.3,17.3,0.054
4.2,4.2,12.4,17.4,0.066
4.2,4.2,12.5,17.5,0.054
4.2,4.2,12.6,17.6,0.058
4.2,4.2,12.7,17.7,0.052
4.2,4.2,12.8,17.8,0.04
4.2,4.2,12.9,17.9,0.048
4.2,4.2,13.0,18.0,0.072
4.2,4.2,13.1,18.1,0.044
4.2,4.2,13.2,18.2,0.048
4.2,4.2,13.3,18.3,0.052
4.2,4.2,13.4,18.4,0.06
4.2,4.2,13.5,18.5,0.064
4.2,4.2,13.6,18.6,0.036
4.2,4.2,13.7,18.7,0.046
4.2,4.2,13.8,18.8,0.048
4.2,4.2,13.9,18.9,0.05
4.2,4.2,14.0,19.0,0.054
4.2,4.2,14.1,19.1,0.05
4.2,4.2,14.2,19.2,0.026
4.2,4.2,14.3,19.3,0.04
4.2,4.2,14.4,19.4,0.062
4.2,4.2,14.5,19.5,0.04
4.2,4.2,14.6,19.6,0.06
4.2,4.2,14.7,19.7,0.062
4.2,4.2,14.8,19.8,0.046
4.2,4.2,14.9,19.9,0.034
4.2,4.2,15.0,20.0,0.064
4.3,4.3,0.0,5.0,0.84
4.3,4.3,0.1,5.1,0.816
4.3,4.3,0.2,5.2,0.802
4.3,4.3,0.3,5.3,0.802
4.3,4.3,0.4,5.4,0.764
4.3,4.3,0.5,5.5,0.748
4.3,4.3,0.6,5.6,0.722
4.3,4.3,0.7,5.7,0.684
4.3,4.3,0.8,5.8,0.672
4.3,4.3,0.9,5.9,0.61
4.3,4.3,1.0,6.0,0.59
4.3,4.3,1.1,6.1,0.504
4.3,4.3,1.2,6.2,0.526
4.3,4.3,1.3,6.3,0.458
4.3,4.3,1.4,6.4,0.436
4.3,4.3,1.5,6.5,0.404
4.3,4.3,1.6,6.6,0.28
4.3,4.3,1.7,6.7,0.298
4.3,4.3,1.8,6.8,0.282
4.3,4.3,1.9,6.9,0.282
4.3,4.3,2.0,7.0,0.234
4.3,4.3,2.1,7.1,0.246
4.3,4.3,2.2,7.2,0.246
4.3,4.3,2.3,7.3,0.19
4.3,4.3,2.4,7.4,0.18
4.3,4.3,2.5,7.5,0.172
4.3,4.3,2.6,7.6,0.178
4.3,4.3,2.7,7.7,0.152
4.3,4.3,2.8,7.8,0.158
4.3,4.3,2.9,7.9,0.128
4.3,4.3,3.0,8.0,0.144
4.3,4.3,3.1,8.1,0.144
4.3,4.3,3.2,8.2,0.142
4.3,4.3,3.3,8.3,0.136
4.3,4.3,3.4,8.4,0.1
4.3,4.3,3.5,8.5,0.126
4.3,4.3,3.6,8.6,0.094
4.3,4.3,3.7,8.7,0.104
4.3,4.3,3.8,8.8,0.108
4.3,4.3,3.9,8.9,0.096
4.3,4.3,4.0,9.0,0.11
4.3,4.3,4.1,9.1,0.118
4.3,4.3,4.2,9.2,0.11
4.3,4.3,4.3,9.3,0.126
4.3,4.3,4.4,9.4,0.118
4.3,4.3,4.5,9.5,0.11
4.3,4.3,4.6,9.6,0.096
4.3,4.3,4.7,9.7,0.108
4.3,4.3,4.8,9.8,0.118
4.3,4.3,4.9,9.9,0.112
4.3,4.3,5.0,10.0,0.108
4.3,4.3,5.1,10.1,0.1
4.3,4.3,5.2,10.2,0.102
4.3,4.3,5.3,10.3,0.1
4.3,4.3,5.4,10.4,0.09
4.3,4.3,5.5,10.5,0.11
4.3,4.3,5.6,10.6,0.086
4.3,4.3,5.7,10.7,0.06
4.3,4.3,5.8,10.8,0.082
4.3,4.3,5.9,10.9,0.074
4.3,4.3,6.0,11.0,0.098
4.3,4.3,6.1,11.1,0.104
4.3,4.3,6.2,11.2,0.088
4.3,4.3,6.3,11.3,0.092
4.3,4.3,6.4,11.4,0.096
4.3,4.3,6.5,11.5,0.076
4.3,4.3,6.6,11.6,0.088
4.3,4.3,6.7,11.7,0.092
4.3,4.3,6.8,11.8,0.092
4.3,4.3,6.9,11.9,0.072
4.3,4.3,7.0,12.0,0.068
4.3,4.3,7.1,12.1,0.08
4.3,4.3,7.2,12.2,0.074
4.3,4.3,7.3,12.3,0.054
4.3,4.3,7.4,12.4,0.084
4.3,4.3,7.5,12.5,0.068
4.3,4.3,7.6,12.6,0.032
4.3,4.3,7.7,12.7,0.052
4.3,4.3,7.8,12.8,0.068
4.3,4.3,7.9,12.9,0.054
4.3,4.3,8.0,13.0,0.058
4.3,4.3,8.1,13.1,0.072
4.3,4.3,8.2,13.2,0.052
4.3,4.3,8.3,13.3,0.042
4.3,4.3,8.4,13.4,0.044
4.3,4.3,8.5,13.5,0.05
4.3,4.3,8.6,13.6,0.052
4.3,4.3,8.7,13.7,0.056
4.3,4.3,8.8,13.8,0.062
4.3,4.3,8.9,13.9,0.052
4.3,4.3,9.0,14.0,0.07
4.3,4.3,9.1,14.1,0.058
4.3,4.3,9.2,14.2,0.052
4.3,4.3,9.3,14.3,0.056
4.3,4.3,9.4,14.4,0.062
4.3,4.3,9.5,14.5,0.054
4.3,4.3,9.6,14.6,0.042
4.3,4.3,9.7,14.7,0.044
4.3,4.3,9.8,14.8,0.046
4.3,4.3,9.9,14.9,0.044
4.3,4.3,10.0,15.0,0.038
4.3,4.3,10.1,15.1,0.038
4.3,4.3,10.2,15.2,0.046
4.3,4.3,10.3,15.3,0.048
4.3,4.3,10.4,15.4,0.054
4.3,4.3,10.5,15.5,0.062
4.3,4.3,10.6,15.6,0.056
4.3,4.3,10.7,15.7,0.066
4.3,4.3,10.8,15.8,0.038
4.3,4.3,10.9,15.9,0.046
4.3,4.3,11.0,16.0,0.05
4.3,4.3,11.1,16.1,0.052
4.3,4.3,11.2,16.2,0.058
4.3,4.3,11.3,16.3,0.044
4.3,4.3,11.4,16.4,0.042
4.3,4.3,11.5,16.5,0.04
4.3,4.3,11.6,16.6,0.038
4.3,4.3,11.7,16.7,0.038
4.3,4.3,11.8,16.8,0.052
4.3,4.3,11.9,16.9,0.052
4.3,4.3,12.0,17.0,0.072
4.3,4.3,12.1,17.1,0.06
4.3,4.3,12.2,17.2,0.074
4.3,4.3,12.3,17.3,0.038
4.3,4.3,12.4,17.4,0.056
4.3,4.3,12.5,17.5,0.054
4.3,4.3,12.6,17.6,0.05
4.3,4.3,12.7,17.7,0.064
4.3,4.3,12.8,17.8,0.042
4.3,4.3,12.9,17.9,0.044
4.3,4.3,13.0,18.0,0.04
4.3,4.3,13.1,18.1,0.044
4.3,4.3,13.2,18.2,0.034
4.3,4.3,13.3,18.3,0.036
4.3,4.3,13.4,18.4,0.056
4.3,4.3,13.5,18.5,0.03
4.3,4.3,13.6,18.6,0.05
4.3,4.3,13.7,18.7,0.05
4.3,4.3,13.8,18.8,0.052
4.3,4.3,13.9,18.9,0.04
4.3,4.3,14.0,19.0,0.066
4.3,4.3,14.1,19.1,0.062
4.3,4.3,14.2,19.2,0.058
4.3,4.3,14.3,19.3,0.068
4.3,4.3,14.4,19.4,0.042
4.3,4.3,14.5,19.5,0.034
4.3,4.3,14.6,19.6,0.056
4.3,4.3,14.7,19.7,0.06
4.3,4.3,14.8,19.8,0.042
4.3,4.3,14.9,19.9,0.05
4.3,4.3,15.0,20.0,0.062
4.4,4.4,0.0,5.0,0.836
4.4,4.4,0.1,5.1,0.842
4.4,4.4,0.2,5.2,0.8
4.4,4.4,0.3,5.3,0.798
4.4,4.4,0.4,5.4,0.782
4.4,4.4,0.5,5.5,0.768
4.4,4.4,0.6,5.6,0.73
4.4,4.4,0.7,5.7,0.706
4.4,4.4,0.8,5.8,0.678
4.4,4.4,0.9,5.9,0.642
4.4,4.4,1.0,6.0,0.626
4.4,4.4,1.1,6.1,0.58
4.4,4.4,1.2,6.2,0.554
4.4,4.4,1.3,6.3,0.488
4.4,4.4,1.4,6.4,0.494
4.4,4.4,1.5,6.5,0.458
4.4,4.4,1.6,6.6,0.388
4.4,4.4,1.7,6.7,0.348
4.4,4.4,1.8,6.8,0.324
4.4,4.4,1.9,6.9,0.274
4.4,4.4,2.0,7.0,0.28
4.4,4.4,2.1,7.1,0.246
4.4,4.4,2.2,7.2,0.224
4.4,4.4,2.3,7.3,0.196
4.4,4.4,2.4,7.4,0.198
4.4,4.4,2.5,7.5,0.16
4.4,4.4,2.6,7.6,0.132
4.4,4.4,2.7,7.7,0.158
4.4,4.4,2.8,7.8,0.15
4.4,4.4,2.9,7.9,0.142
4.4,4.4,3.0,8.0,0.128
4.4,4.4,3.1,8.1,0.128
4.4,4.4,3.2,8.2,0.112
4.4,4.4,3.3,8.3,0.118
4.4,4.4,3.4,8.4,0.132
4.4,4.4,3.5,8.5,0.142
4.4,4.4,3.6,8.6,0.13
4.4,4.4,3.7,8.7,0.116
4.4,4.4,3.8,8.8,0.118
4.4,4.4,3.9,8.9,0.134
4.4,4.4,4.0,9.0,0.098
4.4,4.4,4.1,9.1,0.122
4.4,4.4,4.2,9.2,0.096
4.4,4.4,4.3,9.3,0.126
4.4,4.4,4.4,9.4,0.096
4.4,4.4,4.5,9.5,0.112
4.4,4.4,4.6,9.6,0.086
4.4,4.4,4.7,9.7,0.094
4.4,4.4,4.8,9.8,0.106
4.4,4.4,4.9,9.9,0.094
4.4,4.4,5.0,10.0,0.122
4.4,4.4,5.1,10.1,0.094
4.4,4.4,5.2,10.2,0.086
4.4,4.4,5.3,10.3,0.094
4.4,4.4,5.4,10.4,0.096
4.4,4.4,5.5,10.5,0.094
4.4,4.4,5.6,10.6,0.094
4.4,4.4,5.7,10.7,0.078
4.4,4.4,5.8,10.8,0.11
4.4,4.4,5.9,10.9,0.112
4.4,4.4,6.0,11.0,0.068
4.4,4.4,6.1,11.1,0.088
4.4,4.4,6.2,11.2,0.084
4.4,4.4,6.3,11.3,0.084
4.4,4.4,6.4,11.4,0.088
4.4,4.4,6.5,11.5,0.082
4.4,4.4,6.6,11.6,0.086
4.4,4.4,6.7,11.7,0.088
4.4,4.4,6.8,11.8,0.058
4.4,4.4,6.9,11.9,0.064
4.4,4.4,7.0,12.0,0.056
4.4,4.4,7.1,12.1,0.066
4.4,4.4,7.2,12.2,0.068
4.4,4.4,7.3,12.3,0.06
4.4,4.4,7.4,12.4,0.054
4.4,4.4,7.5,12.5,0.058
4.4,4.4,7.6,12.6,0.052
4.4,4.4,7.7,12.7,0.06
4.4,4.4,7.8,12.8,0.066
4.4,4.4,7.9,12.9,0.072
4.4,4.4,8.0,13.0,0.066
4.4,4.4,8.1,13.1,0.048
4.4,4.4,8.2,13.2,0.058
4.4,4.4,8.3,13.3,0.062
4.4,4.4,8.4,13.4,0.056
4.4,4.4,8.5,13.5,0.046
4.4,4.4,8.6,13.6,0.048
4.4,4.4,8.7,13.7,0.07
4.4,4.4,8.8,13.8,0.038
4.4,4.4,8.9,13.9,0.058
4.4,4.4,9.0,14.0,0.042
4.4,4.4,9.1,14.1,0.056
4.4,4.4,9.2,14.2,0.05
4.4,4.4,9.3,14.3,0.052
4.4,4.4,9.4,14.4,0.05
4.4,4.4,9.5,14.5,0.056
4.4,4.4,9.6,14.6,0.06
4.4,4.4,9.7,14.7,0.054
4.4,4.4,9.8,14.8,0.042
4.4,4.4,9.9,14.9,0.044
4.4,4.4,10.0,15.0,0.04
4.4,4.4,10.1,15.1,0.048
4.4,4.4,10.2,15.2,0.038
4.4,4.4,10.3,15.3,0.04
4.4,4.4,10.4,15.4,0.068
4.4,4.4,10.5,15.5,0.026
4.4,4.4,10.6,15.6,0.056
4.4,4.4,10.7,15.7,0.034
4.4,4.4,10.8,15.8,0.052
4.4,4.4,10.9,15.9,0.026
4.4,4.4,11.0,16.0,0.068
4.4,4.4,11.1,16.1,0.058
4.4,4.4,11.2,16.2,0.044
4.4,4.4,11.3,16.3,0.054
4.4,4.4,11.4,16.4,0.072
4.4,4.4,11.5,16.5,0.034
4.4,4.4,11.6,16.6,0.06
4.4,4.4,11.7,16.7,0.048
4.4,4.4,11.8,16.8,0.028
4.4,4.4,11.9,16.9,0.06
4.4,4.4,12.0,17.0,0.052
4.4,4.4,12.1,17.1,0.042
4.4,4.4,12.2,17.2,0.056
4.4,4.4,12.3,17.3,0.074
4.4,4.4,12.4,17.4,0.052
4.4,4.4,12.5,17.5,0.062
4.4,4.4,12.6,17.6,0.04
4.4,4.4,12.7,17.7,0.038
4.4,4.4,12.8,17.8,0.05
4.4,4.4,12.9,17.9,0.034
4.4,4.4,13.0,18.0,0.066
4.4,4.4,13.1,18.1,0.056
4.4,4.4,13.2,18.2,0.056
4.4,4.4,13.3,18.3,0.05
4.4,4.4,13.4,18.4,0.048
4.4,4.4,13.5,18.5,0.034
4.4,4.4,13.6,18.6,0.052
4.4,4.4,13.7,18.7,0.05
4.4,4.4,13.8,18.8,0.058
4.4,4.4,13.9,18.9,0.044
4.4,4.4,14.0,19.0,0.05
4.4,4.4,14.1,19.1,0.052
4.4,4.4,14.2,19.2,0.06
4.4,4.4,14.3,19.3,0.034
4.4,4.4,14.4,19.4,0.054
4.4,4.4,14.5,19.5,0.054
4.4,4.4,14.6,19.6,0.078
4.4,4.4,14.7,19.7,0.042
4.4,4.4,14.8,19.8,0.04
4.4,4.4,14.9,19.9,0.046
4.4,4.4,15.0,20.0,0.054
4.5,4.5,0.0,5.0,0.86
4.5,4.5,0.1,5.1,0.844
4.5,4.5,0.2,5.2,0.824
4.5,4.5,0.3,5.3,0.81
4.5,4.5,0.4,5.4,0.822
4.5,4.5,0.5,5.5,0.796
4.5,4.5,0.6,5.6,0.772
4.5,4.5,0.7,5.7,0.756
4.5,4.5,0.8,5.8,0.686
4.5,4.5,0.9,5.9,0.682
4.5,4.5,1.0,6.0,0.632
4.5,4.5,1.1,6.1,0.646
4.5,4.5,1.2,6.2,0.53
4.5,4.5,1.3,6.3,0.516
4.5,4.5,1.4,6.4,0.53
4.5,4.5,1.5,6.5,0.47
4.5,4.5,1.6,6.6,0.41
4.5,4.5,1.7,6.7,0.352
4.5,4.5,1.8,6.8,0.336
4.5,4.5,1.9,6.9,0.322
4.5,4.5,2.0,7.0,0.304
4.5,4.5,2.1,7.1,0.256
4.5,4.5,2.2,7.2,0.27
4.5,4.5,2.3,7.3,0.24
4.5,4.5,2.4,7.4,0.202
4.5,4.5,2.5,7.5,0.196
4.5,4.5,2.6,7.6,0.13
4.5,4.5,2.7,7.7,0.156
4.5,4.5,2.8,7.8,0.188
4.5,4.5,2.9,7.9,0.158
4.5,4.5,3.0,8.0,0.152
4.5,4.5,3.1,8.1,0.148
4.5,4.5,3.2,8.2,0.146
4.5,4.5,3.3,8.3,0.136
4.5,4.5,3.4,8.4,0.122
4.5,4.5,3.5,8.5,0.122
4.5,4.5,3.6,8.6,0.126
4.5,4.5,3.7,8.7,0.132
4.5,4.5,3.8,8.8,0.114
4.5,4.5,3.9,8.9,0.098
4.5,4.5,4.0,9.0,0.148
4.5,4.5,4.1,9.1,0.096
4.5,4.5,4.2,9.2,0.098
4.5,4.5,4.3,9.3,0.108
4.5,4.5,4.4,9.4,0.112
4.5,4.5,4.5,9.5,0.08
4.5,4.5,4.6,9.6,0.1
4.5,4.5,4.7,9.7,0.094
4.5,4.5,4.8,9.8,0.102
4.5,4.5,4.9,9.9,0.104
4.5,4.5,5.0,10.0,0.086
4.5,4.5,5.1,10.1,0.092
4.5,4.5,5.2,10.2,0.112
4.5,4.5,5.3,10.3,0.078
4.5,4.5,5.4,10.4,0.102
4.5,4.5,5.5,10.5,0.098
4.5,4.5,5.6,10.6,0.122
4.5,4.5,5.7,10.7,0.096
4.5,4.5,5.8,10.8,0.092
4.5,4.5,5.9,10.9,0.092
4.5,4.5,6.0,11.0,0.094
4.5,4.5,6.1,11.1,0.102
4.5,4.5,6.2,11.2,0.09
4.5,4.5,6.3,11.3,0.082
4.5,4.5,6.4,11.4,0.098
4.5,4.5,6.5,11.5,0.096
4.5,4.5,6.6,11.6,0.088
4.5,4.5,6.7,11.7,0.062
4.5,4.5,6.8,11.8,0.068
4.5,4.5,6.9,11.9,0.062
4.5,4.5,7.0,12.0,0.066
4.5,4.5,7.1,12.1,0.078
4.5,4.5,7.2,12.2,0.078
4.5,4.5,7.3,12.3,0.076
4.5,4.5,7.4,12.4,0.08
4.5,4.5,7.5,12.5,0.068
4.5,4.5,7.6,12.6,0.05
4.5,4.5,7.7,12.7,0.072
4.5,4.5,7.8,12.8,0.062
4.5,4.5,7.9,12.9,0.046
4.5,4.5,8.0,13.0,0.06
4.5,4.5,8.1,13.1,0.048
4.5,4.5,8.2,13.2,0.056
4.5,4.5,8.3,13.3,0.052
4.5,4.5,8.4,13.4,0.05
4.5,4.5,8.5,13.5,0.056
4.5,4.5,8.6,13.6,0.06
4.5,4.5,8.7,13.7,0.056
4.5,4.5,8.8,13.8,0.05
4.5,4.5,8.9,13.9,0.042
4.5,4.5,9.0,14.0,0.048
4.5,4.5,9.1,14.1,0.052
4.5,4.5,9.2,14.2,0.068
4.5,4.5,9.3,14.3,0.056
4.5,4.5,9.4,14.4,0.058
4.5,4.5,9.5,14.5,0.062
4.5,4.5,9.6,14.6,0.056
4.5,4.5,9.7,14.7,0.046
4.5,4.5,9.8,14.8,0.052
4.5,4.5,9.9,14.9,0.054
4.5,4.5,10.0,15.0,0.04
4.5,4.5,10.1,15.1,0.052
4.5,4.5,10.2,15.2,0.05
4.5,4.5,10.3,15.3,0.054
4.5,4.5,10.4,15.4,0.032
4.5,4.5,10.5,15.5,0.046
4.5,4.5,10.6,15.6,0.046
4.5,4.5,10.7,15.7,0.046
4.5,4.5,10.8,15.8,0.046
4.5,4.5,10.9,15.9,0.046
4.5,4.5,11.0,16.0,0.06
4.5,4.5,11.1,16.1,0.026
4.5,4.5,11.2,16.2,0.05
4.5,4.5,11.3,16.3,0.056
4.5,4.5,11.4,16.4,0.042
4.5,4.5,11.5,16.5,0.048
4.5,4.5,11.6,16.6,0.066
4.5,4.5,11.7,16.7,0.058
4.5,4.5,11.8,16.8,0.044
4.5,4.5,11.9,16.9,0.058
4.5,4.5,12.0,17.0,0.054
4.5,4.5,12.1,17.1,0.054
4.5,4.5,12.2,17.2,0.044
4.5,4.5,12.3,17.3,0.05
4.5,4.5,12.4,17.4,0.05
4.5,4.5,12.5,17.5,0.046
4.5,4.5,12.6,17.6,0.064
4.5,4.5,12.7,17.7,0.066
4.5,4.5,12.8,17.8,0.038
4.5,4.5,12.9,17.9,0.046
4.5,4.5,13.0,18.0,0.044
4.5,4.5,13.1,18.1,0.07
4.5,4.5,13.2,18.2,0.05
4.5,4.5,13.3,18.3,0.044
4.5,4.5,13.4,18.4,0.054
4.5,4.5,13.5,18.5,0.038
4.5,4.5,13.6,18.6,0.048
4.5,4.5,13.7,18.7,0.056
4.5,4.5,13.8,18.8,0.048
4.5,4.5,13.9,18.9,0.058
4.5,4.5,14.0,19.0,0.056
4.5,4.5,14.1,19.1,0.046
4.5,4.5,14.2,19.2,0.04
4.5,4.5,14.3,19.3,0.046
4.5,4.5,14.4,19.4,0.052
4.5,4.5,14.5,19.5,0.056
4.5,4.5,14.6,19.6,0.042
4.5,4.5,14.7,19.7,0.038
4.5,4.5,14.8,19.8,0.042
4.5,4.5,14.9,19.9,0.052
4.5,4.5,15.0,20.0,0.032
4.6,4.6,0.0,5.0,0.866
4.6,4.6,0.1,5.1,0.858
4.6,4.6,0.2,5.2,0.846
4.6,4.6,0.3,5.3,0.838
4.6,4.6,0.4,5.4,0.828
4.6,4.6,0.5,5.5,0.794
4.6,4.6,0.6,5.6,0.778
4.6,4.6,0.7,5.7,0.782
4.6,4.6,0.8,5.8,0.752
4.6,4.6,0.9,5.9,0.712
4.6,4.6,1.0,6.0,0.696
4.6,4.6,1.1,6.1,0.638
4.6,4.6,1.2,6.2,0.634
4.6,4.6,1.3,6.3,0.566
4.6,4.6,1.4,6.4,0.514
4.6,4.6,1.5,6.5,0.478
4.6,4.6,1.6,6.6,0.454
4.6,4.6,1.7,6.7,0.436
4.6,4.6,1.8,6.8,0.42
4.6,4.6,1.9,6.9,0.334
4.6,4.6,2.0,7.0,0.326
4.6,4.6,2.1,7.1,0.266
4.6,4.6,2.2,7.2,0.236
4.6,4.6,2.3,7.3,0.218
4.6,4.6,2.4,7.4,0.242
4.6,4.6,2.5,7.5,0.19
4.6,4.6,2.6,7.6,0.176
4.6,4.6,2.7,7.7,0.172
4.6,4.6,2.8,7.8,0.184
4.6,4.6,2.9,7.9,0.168
4.6,4.6,3.0,8.0,0.15
4.6,4.6,3.1,8.1,0.114
4.6,4.6,3.2,8.2,0.144
4.6,4.6,3.3,8.3,0.116
4.6,4.6,3.4,8.4,0.142
4.6,4.6,3.5,8.5,0.146
4.6,4.6,3.6,8.6,0.106
4.6,4.6,3.7,8.7,0.128
4.6,4.6,3.8,8.8,0.104
4.6,4.6,3.9,8.9,0.1
4.6,4.6,4.0,9.0,0.118
4.6,4.6,4.1,9.1,0.082
4.6,4.6,4.2,9.2,0.142
4.6,4.6,4.3,9.3,0.108
4.6,4.6,4.4,9.4,0.134
4.6,4.6,4.5,9.5,0.09
4.6,4.6,4.6,9.6,0.092
4.6,4.6,4.7,9.7,0.126
4.6,4.6,4.8,9.8,0.116
4.6,4.6,4.9,9.9,0.13
4.6,4.6,5.0,10.0,0.108
4.6,4.6,5.1,10.1,0.122
4.6,4.6,5.2,10.2,0.11
4.6,4.6,5.3,10.3,0.114
4.6,4.6,5.4,10.4,0.09
4.6,4.6,5.5,10.5,0.086
4.6,4.6,5.6,10.6,0.082
4.6,4.6,5.7,10.7,0.112
4.6,4.6,5.8,10.8,0.074
4.6,4.6,5.9,10.9,0.102
4.6,4.6,6.0,11.0,0.076
4.6,4.6,6.1,11.1,0.074
4.6,4.6,6.2,11.2,0.102
4.6,4.6,6.3,11.3,0.082
4.6,4.6,6.4,11.4,0.082
4.6,4.6,6.5,11.5,0.062
4.6,4.6,6.6,11.6,0.106
4.6,4.6,6.7,11.7,0.078
4.6,4.6,6.8,11.8,0.088
4.6,4.6,6.9,11.9,0.072
4.6,4.6,7.0,12.0,0.066
4.6,4.6,7.1,12.1,0.064
4.6,4.6,7.2,12.2,0.066
4.6,4.6,7.3,12.3,0.072
4.6,4.6,7.4,12.4,0.076
4.6,4.6,7.5,12.5,0.064
4.6,4.6,7.6,12.6,0.064
4.6,4.6,7.7,12.7,0.06
4.6,4.6,7.8,12.8,0.032
4.6,4.6,7.9,12.9,0.066
4.6,4.6,8.0,13.0,0.054
4.6,4.6,8.1,13.1,0.054
4.6,4.6,8.2,13.2,0.046
4.6,4.6,8.3,13.3,0.046
4.6,4.6,8.4,13.4,0.058
4.6,4.6,8.5,13.5,0.07
4.6,4.6,8.6,13.6,0.05
4.6,4.6,8.7,13.7,0.052
4.6,4.6,8.8,13.8,0.054
4.6,4.6,8.9,13.9,0.048
4.6,4.6,9.0,14.0,0.044
4.6,4.6,9.1,14.1,0.064
4.6,4.6,9.2,14.2,0.066
4.6,4.6,9.3,14.3,0.052
4.6,4.6,9.4,14.4,0.05
4.6,4.6,9.5,14.5,0.05
4.6,4.6,9.6,14.6,0.038
4.6,4.6,9.7,14.7,0.056
4.6,4.6,9.8,14.8,0.044
4.6,4.6,9.9,14.9,0.06
4.6,4.6,10.0,15.0,0.048
4.6,4.6,10.1,15.1,0.054
4.6,4.6,10.2,15.2,0.05
4.6,4.6,10.3,15.3,0.044
4.6,4.6,10.4,15.4,0.048
4.6,4.6,10.5,15.5,0.042
4.6,4.6,10.6,15.6,0.05
4.6,4.6,10.7,15.7,0.044
4.6,4.6,10.8,15.8,0.074
4.6,4.6,10.9,15.9,0.064
4.6,4.6,11.0,16.0,0.08
4.6,4.6,11.1,16.1,0.052
4.6,4.6,11.2,16.2,0.06
4.6,4.6,11.3,16.3,0.046
4.6,4.6,11.4,16.4,0.044
4.6,4.6,11.5,16.5,0.05
4.6,4.6,11.6,16.6,0.046
4.6,4.6,11.7,16.7,0.052
4.6,4.6,11.8,16.8,0.048
4.6,4.6,11.9,16.9,0.05
4.6,4.6,12.0,17.0,0.064
4.6,4.6,12.1,17.1,0.064
4.6,4.6,12.2,17.2,0.04
4.6,4.6,12.3,17.3,0.05
4.6,4.6,12.4,17.4,0.056
4.6,4.6,12.5,17.5,0.034
4.6,4.6,12.6,17.6,0.044
4.6,4.6,12.7,17.7,0.046
4.6,4.6,12.8,17.8,0.04
4.6,4.6,12.9,17.9,0.046
4.6,4.6,13.0,18.0,0.042
4.6,4.6,13.1,18.1,0.05
4.6,4.6,13.2,18.2,0.048
4.6,4.6,13.3,18.3,0.05
4.6,4.6,13.4,18.4,0.056
4.6,4.6,13.5,18.5,0.066
4.6,4.6,13.6,18.6,0.062
4.6,4.6,13.7,18.7,0.054
4.6,4.6,13.8,18.8,0.046
4.6,4.6,13.9,18.9,0.044
4.6,4.6,14.0,19.0,0.042
4.6,4.6,14.1,19.1,0.036
4.6,4.6,14.2,19.2,0.058
4.6,4.6,14.3,19.3,0.044
4.6,4.6,14.4,19.4,0.042
4.6,4.6,14.5,19.5,0.044
4.6,4.6,14.6,19.6,0.042
4.6,4.6,14.7,19.7,0.058
4.6,4.6,14.8,19.8,0.036
4.6,4.6,14.9,19.9,0.056
4.6,4.6,15.0,20.0,0.05
4.7,4.7,0.0,5.0,0.892
4.7,4.7,0.1,5.1,0.89
4.7,4.7,0.2,5.2,0.858
4.7,4.7,0.3,5.3,0.846
4.7,4.7,0.4,5.4,0.848
4.7,4.7,0.5,5.5,0.812
4.7,4.7,0.6,5.6,0.832
4.7,4.7,0.7,5.7,0.804
4.7,4.7,0.8,5.8,0.772
4.7,4.7,0.9,5.9,0.742
4.7,4.7,1.0,6.0,0.688
4.7,4.7,1.1,6.1,0.68
4.7,4.7,1.2,6.2,0.686
4.7,4.7,1.3,6.3,0.6
4.7,4.7,1.4,6.4,0.594
4.7,4.7,1.5,6.5,0.582
4.7,4.7,1.6,6.6,0.526
4.7,4.7,1.7,6.7,0.468
4.7,4.7,1.8,6.8,0.418
4.7,4.7,1.9,6.9,0.422
4.7,4.7,2.0,7.0,0.356
4.7,4.7,2.1,7.1,0.302
4.7,4.7,2.2,7.2,0.298
4.7,4.7,2.3,7.3,0.262
4.7,4.7,2.4,7.4,0.232
4.7,4.7,2.5,7.5,0.232
4.7,4.7,2.6,7.6,0.18
4.7,4.7,2.7,7.7,0.172
4.7,4.7,2.8,7.8,0.162
4.7,4.7,2.9,7.9,0.182
4.7,4.7,3.0,8.0,0.178
4.7,4.7,3.1,8.1,0.142
4.7,4.7,3.2,8.2,0.13
4.7,4.7,3.3,8.3,0.144
4.7,4.7,3.4,8.4,0.114
4.7,4.7,3.5,8.5,0.158
4.7,4.7,3.6,8.6,0.156
4.7,4.7,3.7,8.7,0.108
4.7,4.7,3.8,8.8,0.118
4.7,4.7,3.9,8.9,0.114
4.7,4.7,4.0,9.0,0.112
4.7,4.7,4.1,9.1,0.11
4.7,4.7,4.2,9.2,0.11
4.7,4.7,4.3,9.3,0.13
4.7,4.7,4.4,9.4,0.126
4.7,4.7,4.5,9.5,0.12
4.7,4.7,4.6,9.6,0.104
4.7,4.7,4.7,9.7,0.128
4.7,4.7,4.8,9.8,0.112
4.7,4.7,4.9,9.9,0.098
4.7,4.7,5.0,10.0,0.108
4.7,4.7,5.1,10.1,0.096
4.7,4.7,5.2,10.2,0.094
4.7,4.7,5.3,10.3,0.106
4.7,4.7,5.4,10.4,0.108
4.7,4.7,5.5,10.5,0.1
4.7,4.7,5.6,10.6,0.094
4.7,4.7,5.7,10.7,0.094
4.7,4.7,5.8,10.8,0.082
4.7,4.7,5.9,10.9,0.092
4.7,4.7,6.0,11.0,0.098
4.7,4.7,6.1,11.1,0.092
4.7,4.7,6.2,11.2,0.08
4.7,4.7,6.3,11.3,0.106
4.7,4.7,6.4,11.4,0.088
4.7,4.7,6.5,11.5,0.09
4.7,4.7,6.6,11.6,0.09
4.7,4.7,6.7,11.7,0.06
4.7,4.7,6.8,11.8,0.074
4.7,4.7,6.9,11.9,0.092
4.7,4.7,7.0,12.0,0.062
4.7,4.7,7.1,12.1,0.098
4.7,4.7,7.2,12.2,0.078
4.7,4.7,7.3,12.3,0.09
4.7,4.7,7.4,12.4,0.082
4.7,4.7,7.5,12.5,0.072
4.7,4.7,7.6,12.6,0.074
4.7,4.7,7.7,12.7,0.056
4.7,4.7,7.8,12.8,0.054
4.7,4.7,7.9,12.9,0.068
4.7,4.7,8.0,13.0,0.052
4.7,4.7,8.1,13.1,0.062
4.7,4.7,8.2,13.2,0.062
4.7,4.7,8.3,13.3,0.054
4.7,4.7,8.4,13.4,0.06
4.7,4.7,8.5,13.5,0.052
4.7,4.7,8.6,13.6,0.05
4.7,4.7,8.7,13.7,0.04
4.7,4.7,8.8,13.8,0.058
4.7,4.7,8.9,13.9,0.052
4.7,4.7,9.0,14.0,0.046
4.7,4.7,9.1,14.1,0.054
4.7,4.7,9.2,14.2,0.046
4.7,4.7,9.3,14.3,0.046
4.7,4.7,9.4,14.4,0.05
4.7,4.7,9.5,14.5,0.038
4.7,4.7,9.6,14.6,0.044
4.7,4.7,9.7,14.7,0.046
4.7,4.7,9.8,14.8,0.044
4.7,4.7,9.9,14.9,0.06
4.7,4.7,10.0,15.0,0.044
4.7,4.7,10.1,15.1,0.058
4.7,4.7,10.2,15.2,0.042
4.7,4.7,10.3,15.3,0.03
4.7,4.7,10.4,15.4,0.046
4.7,4.7,10.5,15.5,0.044
4.7,4.7,10.6,15.6,0.046
4.7,4.7,10.7,15.7,0.056
4.7,4.7,10.8,15.8,0.054
4.7,4.7,10.9,15.9,0.056
4.7,4.7,11.0,16.0,0.046
4.7,4.7,11.1,16.1,0.046
4.7,4.7,11.2,16.2,0.046
4.7,4.7,11.3,16.3,0.038
4.7,4.7,11.4,16.4,0.046
4.7,4.7,11.5,16.5,0.054
4.7,4.7,11.6,16.6,0.036
4.7,4.7,11.7,16.7,0.07
4.7,4.7,11.8,16.8,0.032
4.7,4.7,11.9,16.9,0.062
4.7,4.7,12.0,17.0,0.06
4.7,4.7,12.1,17.1,0.04
4.7,4.7,12.2,17.2,0.046
4.7,4.7,12.3,17.3,0.058
4.7,4.7,12.4,17.4,0.056
4.7,4.7,12.5,17.5,0.038
4.7,4.7,12.6,17.6,0.048
4.7,4.7,12.7,17.7,0.044
4.7,4.7,12.8,17.8,0.042
4.7,4.7,12.9,17.9,0.07
4.7,4.7,13.0,18.0,0.09
4.7,4.7,13.1,18.1,0.046
4.7,4.7,13.2,18.2,0.05
4.7,4.7,13.3,18.3,0.066
4.7,4.7,13.4,18.4,0.046
4.7,4.7,13.5,18.5,0.054
4.7,4.7,13.6,18.6,0.06
4.7,4.7,13.7,18.7,0.05
4.7,4.7,13.8,18.8,0.066
4.7,4.7,13.9,18.9,0.042
4.7,4.7,14.0,19.0,0.054
4.7,4.7,14.1,19.1,0.048
4.7,4.7,14.2,19.2,0.068
4.7,4.7,14.3,19.3,0.054
4.7,4.7,14.4,19.4,0.048
4.7,4.7,14.5,19.5,0.034
4.7,4.7,14.6,19.6,0.054
4.7,4.7,14.7,19.7,0.056
4.7,4.7,14.8,19.8,0.044
4.7,4.7,14.9,19.9,0.048
4.7,4.7,15.0,20.0,0.044
4.8,4.8,0.0,5.0,0.882
4.8,4.8,0.1,5.1,0.872
4.8,4.8,0.2,5.2,0.872
4.8,4.8,0.3,5.3,0.858
4.8,4.8,0.4,5.4,0.862
4.8,4.8,0.5,5.5,0.846
4.8,4.8,0.6,5.6,0.84
4.8,4.8,0.7,5.7,0.786
4.8,4.8,0.8,5.8,0.778
4.8,4.8,0.9,5.9,0.76
4.8,4.8,1.0,6.0,0.71
4.8,4.8,1.1,6.1,0.704
4.8,4.8,1.2,6.2,0.686
4.8,4.8,1.3,6.3,0.628
4.8,4.8,1.4,6.4,0.624
4.8,4.8,1.5,6.5,0.608
4.8,4.8,1.6,6.6,0.53
4.8,4.8,1.7,6.7,0.482
4.8,4.8,1.8,6.8,0.424
4.8,4.8,1.9,6.9,0.398
4.8,4.8,2.0,7.0,0.364
4.8,4.8,2.1,7.1,0.416
4.8,4.8,2.2,7.2,0.342
4.8,4.8,2.3,7.3,0.276
4.8,4.8,2.4,7.4,0.292
4.8,4.8,2.5,7.5,0.252
4.8,4.8,2.6,7.6,0.21
4.8,4.8,2.7,7.7,0.218
4.8,4.8,2.8,7.8,0.184
4.8,4.8,2.9,7.9,0.186
4.8,4.8,3.0,8.0,0.168
4.8,4.8,3.1,8.1,0.162
4.8,4.8,3.2,8.2,0.138
4.8,4.8,3.3,8.3,0.114
4.8,4.8,3.4,8.4,0.144
4.8,4.8,3.5,8.5,0.152
4.8,4.8,3.6,8.6,0.134
4.8,4.8,3.7,8.7,0.122
4.8,4.8,3.8,8.8,0.12
4.8,4.8,3.9,8.9,0.112
4.8,4.8,4.0,9.0,0.13
4.8,4.8,4.1,9.1,0.116
4.8,4.8,4.2,9.2,0.094
4.8,4.8,4.3,9.3,0.094
4.8,4.8,4.4,9.4,0.126
4.8,4.8,4.5,9.5,0.088
4.8,4.8,4.6,9.6,0.154
4.8,4.8,4.7,9.7,0.116
4.8,4.8,4.8,9.8,0.11
4.8,4.8,4.9,9.9,0.134
4.8,4.8,5.0,10.0,0.118
4.8,4.8,5.1,10.1,0.084
4.8,4.8,5.2,10.2,0.114
4.8,4.8,5.3,10.3,0.104
4.8,4.8,5.4,10.4,0.1
4.8,4.8,5.5,10.5,0.102
4.8,4.8,5.6,10.6,0.096
4.8,4.8,5.7,10.7,0.118
4.8,4.8,5.8,10.8,0.104
4.8,4.8,5.9,10.9,0.088
4.8,4.8,6.0,11.0,0.082
4.8,4.8,6.1,11.1,0.098
4.8,4.8,6.2,11.2,0.08
4.8,4.8,6.3,11.3,0.096
4.8,4.8,6.4,11.4,0.084
4.8,4.8,6.5,11.5,0.086
4.8,4.8,6.6,11.6,0.102
4.8,4.8,6.7,11.7,0.094
4.8,4.8,6.8,11.8,0.084
4.8,4.8,6.9,11.9,0.064
4.8,4.8,7.0,12.0,0.094
4.8,4.8,7.1,12.1,0.074
4.8,4.8,7.2,12.2,0.072
4.8,4.8,7.3,12.3,0.07
4.8,4.8,7.4,12.4,0.082
4.8,4.8,7.5,12.5,0.054
4.8,4.8,7.6,12.6,0.058
4.8,4.8,7.7,12.7,0.064
4.8,4.8,7.8,12.8,0.07
4.8,4.8,7.9,12.9,0.07
4.8,4.8,8.0,13.0,0.042
4.8,4.8,8.1,13.1,0.05
4.8,4.8,8.2,13.2,0.064
4.8,4.8,8.3,13.3,0.046
4.8,4.8,8.4,13.4,0.05
4.8,4.8,8.5,13.5,0.038
4.8,4.8,8.6,13.6,0.042
4.8,4.8,8.7,13.7,0.048
4.8,4.8,8.8,13.8,0.046
4.8,4.8,8.9,13.9,0.064
4.8,4.8,9.0,14.0,0.044
4.8,4.8,9.1,14.1,0.046
4.8,4.8,9.2,14.2,0.076
4.8,4.8,9.3,14.3,0.054
4.8,4.8,9.4,14.4,0.058
4.8,4.8,9.5,14.5,0.04
4.8,4.8,9.6,14.6,0.052
4.8,4.8,9.7,14.7,0.048
4.8,4.8,9.8,14.8,0.046
4.8,4.8,9.9,14.9,0.034
4.8,4.8,10.0,15.0,0.064
4.8,4.8,10.1,15.1,0.066
4.8,4.8,10.2,15.2,0.04
4.8,4.8,10.3,15.3,0.05
4.8,4.8,10.4,15.4,0.036
4.8,4.8,10.5,15.5,0.04
4.8,4.8,10.6,15.6,0.058
4.8,4.8,10.7,15.7,0.056
4.8,4.8,10.8,15.8,0.048
4.8,4.8,10.9,15.9,0.048
4.8,4.8,11.0,16.0,0.056
4.8,4.8,11.1,16.1,0.058
4.8,4.8,11.2,16.2,0.038
4.8,4.8,11.3,16.3,0.072
4.8,4.8,11.4,16.4,0.066
4.8,4.8,11.5,16.5,0.058
4.8,4.8,11.6,16.6,0.034
4.8,4.8,11.7,16.7,0.038
4.8,4.8,11.8,16.8,0.038
4.8,4.8,11.9,16.9,0.058
4.8,4.8,12.0,17.0,0.054
4.8,4.8,12.1,17.1,0.034
4.8,4.8,12.2,17.2,0.036
4.8,4.8,12.3,17.3,0.036
4.8,4.8,12.4,17.4,0.05
4.8,4.8,12.5,17.5,0.052
4.8,4.8,12.6,17.6,0.05
4.8,4.8,12.7,17.7,0.046
4.8,4.8,12.8,17.8,0.07
4.8,4.8,12.9,17.9,0.058
4.8,4.8,13.0,18.0,0.056
4.8,4.8,13.1,18.1,0.046
4.8,4.8,13.2,18.2,0.042
4.8,4.8,13.3,18.3,0.036
4.8,4.8,13.4,18.4,0.05
4.8,4.8,13.5,18.5,0.068
4.8,4.8,13.6,18.6,0.05
4.8,4.8,13.7,18.7,0.036
4.8,4.8,13.8,18.8,0.046
4.8,4.8,13.9,18.9,0.058
4.8,4.8,14.0,19.0,0.052
4.8,4.8,14.1,19.1,0.062
4.8,4.8,14.2,19.2,0.042
4.8,4.8,14.3,19.3,0.064
4.8,4.8,14.4,19.4,0.054
4.8,4.8,14.5,19.5,0.038
4.8,4.8,14.6,19.6,0.044
4.8,4.8,14.7,19.7,0.056
4.8,4.8,14.8,19.8,0.042
4.8,4.8,14.9,19.9,0.054
4.8,4.8,15.0,20.0,0.054
4.9,4.9,0.0,5.0,0.896
4.9,4.9,0.1,5.1,0.886
4.9,4.9,0.2,5.2,0.89
4.9,4.9,0.3,5.3,0.886
4.9,4.9,0.4,5.4,0.868
4.9,4.9,0.5,5.5,0.86
4.9,4.9,0.6,5.6,0.836
4.9,4.9,0.7,5.7,0.83
4.9,4.9,0.8,5.8,0.82
4.9,4.9,0.9,5.9,0.794
4.9,4.9,1.0,6.0,0.794
4.9,4.9,1.1,6.1,0.744
4.9,4.9,1.2,6.2,0.706
4.9,4.9,1.3,6.3,0.698
4.9,4.9,1.4,6.4,0.63
4.9,4.9,1.5,6.5,0.648
4.9,4.9,1.6,6.6,0.594
4.9,4.9,1.7,6.7,0.54
4.9,4.9,1.8,6.8,0.506
4.9,4.9,1.9,6.9,0.462
4.9,4.9,2.0,7.0,0.426
4.9,4.9,2.1,7.1,0.406
4.9,4.9,2.2,7.2,0.36
4.9,4.9,2.3,7.3,0.344
4.9,4.9,2.4,7.4,0.284
4.9,4.9,2.5,7.5,0.298
4.9,4.9,2.6,7.6,0.26
4.9,4.9,2.7,7.7,0.232
4.9,4.9,2.8,7.8,0.188
4.9,4.9,2.9,7.9,0.198
4.9,4.9,3.0,8.0,0.188
4.9,4.9,3.1,8.1,0.184
4.9,4.9,3.2,8.2,0.152
4.9,4.9,3.3,8.3,0.148
4.9,4.9,3.4,8.4,0.16
4.9,4.9,3.5,8.5,0.148
4.9,4.9,3.6,8.6,0.124
4.9,4.9,3.7,8.7,0.138
4.9,4.9,3.8,8.8,0.138
4.9,4.9,3.9,8.9,0.122
4.9,4.9,4.0,9.0,0.13
4.9,4.9,4.1,9.1,0.06
4.9,4.9,4.2,9.2,0.134
4.9,4.9,4.3,9.3,0.116
4.9,4.9,4.4,9.4,0.114
4.9,4.9,4.5,9.5,0.096
4.9,4.9,4.6,9.6,0.104
4.9,4.9,4.7,9.7,0.12
4.9,4.9,4.8,9.8,0.106
4.9,4.9,4.9,9.9,0.126
4.9,4.9,5.0,10.0,0.07
4.9,4.9,5.1,10.1,0.116
4.9,4.9,5.2,10.2,0.072
4.9,4.9,5.3,10.3,0.122
4.9,4.9,5.4,10.4,0.098
4.9,4.9,5.5,10.5,0.114
4.9,4.9,5.6,10.6,0.12
4.9,4.9,5.7,10.7,0.096
4.9,4.9,5.8,10.8,0.062
4.9,4.9,5.9,10.9,0.074
4.9,4.9,6.0,11.0,0.102
4.9,4.9,6.1,11.1,0.12
4.9,4.9,6.2,11.2,0.104
4.9,4.9,6.3,11.3,0.1
4.9,4.9,6.4,11.4,0.116
4.9,4.9,6.5,11.5,0.096
4.9,4.9,6.6,11.6,0.092
4.9,4.9,6.7,11.7,0.092
4.9,4.9,6.8,11.8,0.068
4.9,4.9,6.9,11.9,0.082
4.9,4.9,7.0,12.0,0.094
4.9,4.9,7.1,12.1,0.07
4.9,4.9,7.2,12.2,0.074
4.9,4.9,7.3,12.3,0.076
4.9,4.9,7.4,12.4,0.08
4.9,4.9,7.5,12.5,0.076
4.9,4.9,7.6,12.6,0.07
4.9,4.9,7.7,12.7,0.058
4.9,4.9,7.8,12.8,0.048
4.9,4.9,7.9,12.9,0.074
4.9,4.9,8.0,13.0,0.056
4.9,4.9,8.1,13.1,0.048
4.9,4.9,8.2,13.2,0.068
4.9,4.9,8.3,13.3,0.058
4.9,4.9,8.4,13.4,0.06
4.9,4.9,8.5,13.5,0.068
4.9,4.9,8.6,13.6,0.046
4.9,4.9,8.7,13.7,0.066
4.9,4.9,8.8,13.8,0.046
4.9,4.9,8.9,13.9,0.054
4.9,4.9,9.0,14.0,0.05
4.9,4.9,9.1,14.1,0.048
4.9,4.9,9.2,14.2,0.04
4.9,4.9,9.3,14.3,0.046
4.9,4.9,9.4,14.4,0.048
4.9,4.9,9.5,14.5,0.046
4.9,4.9,9.6,14.6,0.032
4.9,4.9,9.7,14.7,0.048
4.9,4.9,9.8,14.8,0.046
4.9,4.9,9.9,14.9,0.05
4.9,4.9,10.0,15.0,0.056
4.9,4.9,10.1,15.1,0.04
4.9,4.9,10.2,15.2,0.07
4.9,4.9,10.3,15.3,0.042
4.9,4.9,10.4,15.4,0.058
4.9,4.9,10.5,15.5,0.062
4.9,4.9,10.6,15.6,0.058
4.9,4.9,10.7,15.7,0.058
4.9,4.9,10.8,15.8,0.05
4.9,4.9,10.9,15.9,0.048
4.9,4.9,11.0,16.0,0.03
4.9,4.9,11.1,16.1,0.044
4.9,4.9,11.2,16.2,0.046
4.9,4.9,11.3,16.3,0.048
4.9,4.9,11.4,16.4,0.058
4.9,4.9,11.5,16.5,0.056
4.9,4.9,11.6,16.6,0.048
4.9,4.9,11.7,16.7,0.042
4.9,4.9,11.8,16.8,0.05
4.9,4.9,11.9,16.9,0.044
4.9,4.9,12.0,17.0,0.06
4.9,4.9,12.1,17.1,0.04
4.9,4.9,12.2,17.2,0.048
4.9,4.9,12.3,17.3,0.052
4.9,4.9,12.4,17.4,0.048
4.9,4.9,12.5,17.5,0.056
4.9,4.9,12.6,17.6,0.036
4.9,4.9,12.7,17.7,0.064
4.9,4.9,12.8,17.8,0.07
4.9,4.9,12.9,17.9,0.026
4.9,4.9,13.0,18.0,0.062
4.9,4.9,13.1,18.1,0.056
4.9,4.9,13.2,18.2,0.036
4.9,4.9,13.3,18.3,0.04
4.9,4.9,13.4,18.4,0.046
4.9,4.9,13.5,18.5,0.048
4.9,4.9,13.6,18.6,0.036
4.9,4.9,13.7,18.7,0.042
4.9,4.9,13.8,18.8,0.04
4.9,4.9,13.9,18.9,0.052
4.9,4.9,14.0,19.0,0.046
4.9,4.9,14.1,19.1,0.044
4.9,4.9,14.2,19.2,0.056
4.9,4.9,14.3,19.3,0.046
4.9,4.9,14.4,19.4,0.07
4.9,4.9,14.5,19.5,0.046
4.9,4.9,14.6,19.6,0.036
4.9,4.9,14.7,19.7,0.056
4.9,4.9,14.8,19.8,0.048
4.9,4.9,14.9,19.9,0.052
4.9,4.9,15.0,20.0,0.046
5.0,5.0,0.0,5.0,0.898
5.0,5.0,0.1,5.1,0.86
5.0,5.0,0.2,5.2,0.892
5.0,5.0,0.3,5.3,0.876
5.0,5.0,0.4,5.4,0.884
5.0,5.0,0.5,5.5,0.834
5.0,5.0,0.6,5.6,0.858
5.0,5.0,0.7,5.7,0.804
5.0,5.0,0.8,5.8,0.846
5.0,5.0,0.9,5.9,0.86
5.0,5.0,1.0,6.0,0.758
5.0,5.0,1.1,6.1,0.762
5.0,5.0,1.2,6.2,0.754
5.0,5.0,1.3,6.3,0.686
5.0,5.0,1.4,6.4,0.674
5.0,5.0,1.5,6.5,0.634
5.0,5.0,1.6,6.6,0.632
5.0,5.0,1.7,6.7,0.566
5.0,5.0,1.8,6.8,0.57
5.0,5.0,1.9,6.9,0.504
5.0,5.0,2.0,7.0,0.456
5.0,5.0,2.1,7.1,0.39
5.0,5.0,2.2,7.2,0.398
5.0,5.0,2.3,7.3,0.36
5.0,5.0,2.4,7.4,0.336
5.0,5.0,2.5,7.5,0.302
5.0,5.0,2.6,7.6,0.266
5.0,5.0,2.7,7.7,0.204
5.0,5.0,2.8,7.8,0.218
5.0,5.0,2.9,7.9,0.168
5.0,5.0,3.0,8.0,0.186
5.0,5.0,3.1,8.1,0.168
5.0,5.0,3.2,8.2,0.158
5.0,5.0,3.3,8.3,0.164
5.0,5.0,3.4,8.4,0.144
5.0,5.0,3.5,8.5,0.124
5.0,5.0,3.6,8.6,0.142
5.0,5.0,3.7,8.7,0.122
5.0,5.0,3.8,8.8,0.136
5.0,5.0,3.9,8.9,0.154
5.0,5.0,4.0,9.0,0.1
5.0,5.0,4.1,9.1,0.116
5.0,5.0,4.2,9.2,0.114
5.0,5.0,4.3,9.3,0.112
5.0,5.0,4.4,9.4,0.132
5.0,5.0,4.5,9.5,0.102
5.0,5.0,4.6,9.6,0.116
5.0,5.0,4.7,9.7,0.122
5.0,5.0,4.8,9.8,0.112
5.0,5.0,4.9,9.9,0.104
5.0,5.0,5.0,10.0,0.108
5.0,5.0,5.1,10.1,0.092
5.0,5.0,5.2,10.2,0.108
5.0,5.0,5.3,10.3,0.106
5.0,5.0,5.4,10.4,0.102
5.0,5.0,5.5,10.5,0.132
5.0,5.0,5.6,10.6,0.09
5.0,5.0,5.7,10.7,0.1
5.0,5.0,5.8,10.8,0.096
5.0,5.0,5.9,10.9,0.09
5.0,5.0,6.0,11.0,0.08
5.0,5.0,6.1,11.1,0.098
5.0,5.0,6.2,11.2,0.09
5.0,5.0,6.3,11.3,0.102
5.0,5.0,6.4,11.4,0.092
5.0,5.0,6.5,11.5,0.084
5.0,5.0,6.6,11.6,0.09
5.0,5.0,6.7,11.7,0.068
5.0,5.0,6.8,11.8,0.084
5.0,5.0,6.9,11.9,0.096
5.0,5.0,7.0,12.0,0.076
5.0,5.0,7.1,12.1,0.094
5.0,5.0,7.2,12.2,0.08
5.0,5.0,7.3,12.3,0.06
5.0,5.0,7.4,12.4,0.072
5.0,5.0,7.5,12.5,0.08
5.0,5.0,7.6,12.6,0.068
5.0,5.0,7.7,12.7,0.074
5.0,5.0,7.8,12.8,0.086
5.0,5.0,7.9,12.9,0.062
5.0,5.0,8.0,13.0,0.046
5.0,5.0,8.1,13.1,0.056
5.0,5.0,8.2,13.2,0.052
5.0,5.0,8.3,13.3,0.058
5.0,5.0,8.4,13.4,0.042
5.0,5.0,8.5,13.5,0.066
5.0,5.0,8.6,13.6,0.062
5.0,5.0,8.7,13.7,0.068
5.0,5.0,8.8,13.8,0.042
5.0,5.0,8.9,13.9,0.048
5.0,5.0,9.0,14.0,0.05
5.0,5.0,9.1,14.1,0.064
5.0,5.0,9.2,14.2,0.044
5.0,5.0,9.3,14.3,0.05
5.0,5.0,9.4,14.4,0.072
5.0,5.0,9.5,14.5,0.054
5.0,5.0,9.6,14.6,0.04
5.0,5.0,9.7,14.7,0.034
5.0,5.0,9.8,14.8,0.056
5.0,5.0,9.9,14.9,0.052
5.0,5.0,10.0,15.0,0.066
5.0,5.0,10.1,15.1,0.048
5.0,5.0,10.2,15.2,0.06
5.0,5.0,10.3,15.3,0.058
5.0,5.0,10.4,15.4,0.034
5.0,5.0,10.5,15.5,0.04
5.0,5.0,10.6,15.6,0.04
5.0,5.0,10.7,15.7,0.048
5.0,5.0,10.8,15.8,0.05
5.0,5.0,10.9,15.9,0.048
5.0,5.0,11.0,16.0,0.048
5.0,5.0,11.1,16.1,0.054
5.0,5.0,11.2,16.2,0.058
5.0,5.0,11.3,16.3,0.048
5.0,5.0,11.4,16.4,0.048
5.0,5.0,11.5,16.5,0.068
5.0,5.0,11.6,16.6,0.05
5.0,5.0,11.7,16.7,0.04
5.0,5.0,11.8,16.8,0.038
5.0,5.0,11.9,16.9,0.028
5.0,5.0,12.0,17.0,0.058
5.0,5.0,12.1,17.1,0.054
5.0,5.0,12.2,17.2,0.068
5.0,5.0,12.3,17.3,0.046
5.0,5.0,12.4,17.4,0.052
5.0,5.0,12.5,17.5,0.042
5.0,5.0,12.6,17.6,0.054
5.0,5.0,12.7,17.7,0.048
5.0,5.0,12.8,17.8,0.034
5.0,5.0,12.9,17.9,0.058
5.0,5.0,13.0,18.0,0.048
5.0,5.0,13.1,18.1,0.056
5.0,5.0,13.2,18.2,0.048
5.0,5.0,13.3,18.3,0.054
5.0,5.0,13.4,18.4,0.046
5.0,5.0,13.5,18.5,0.052
5.0,5.0,13.6,18.6,0.028
5.0,5.0,13.7,18.7,0.056
5.0,5.0,13.8,18.8,0.06
5.0,5.0,13.9,18.9,0.038
5.0,5.0,14.0,19.0,0.05
5.0,5.0,14.1,19.1,0.042
5.0,5.0,14.2,19.2,0.074
5.0,5.0,14.3,19.3,0.07
5.0,5.0,14.4,19.4,0.058
5.0,5.0,14.5,19.5,0.054
5.0,5.0,14.6,19.6,0.034
5.0,5.0,14.7,19.7,0.058
5.0,5.0,14.8,19.8,0.058
5.0,5.0,14.9,19.9,0.028
5.0,5.0,15.0,20.0,0.05
5.1,5.1,0.0,5.0,0.892
5.1,5.1,0.1,5.1,0.89
5.1,5.1,0.2,5.2,0.912
5.1,5.1,0.3,5.3,0.86
5.1,5.1,0.4,5.4,0.878
5.1,5.1,0.5,5.5,0.88
5.1,5.1,0.6,5.6,0.838
5.1,5.1,0.7,5.7,0.864
5.1,5.1,0.8,5.8,0.83
5.1,5.1,0.9,5.9,0.804
5.1,5.1,1.0,6.0,0.816
5.1,5.1,1.1,6.1,0.794
5.1,5.1,1.2,6.2,0.754
5.1,5.1,1.3,6.3,0.752
5.1,5.1,1.4,6.4,0.696
5.1,5.1,1.5,6.5,0.688
5.1,5.1,1.6,6.6,0.68
5.1,5.1,1.7,6.7,0.638
5.1,5.1,1.8,6.8,0.594
5.1,5.1,1.9,6.9,0.508
5.1,5.1,2.0,7.0,0.53
5.1,5.1,2.1,7.1,0.432
5.1,5.1,2.2,7.2,0.426
5.1,5.1,2.3,7.3,0.35
5.1,5.1,2.4,7.4,0.366
5.1,5.1,2.5,7.5,0.29
5.1,5.1,2.6,7.6,0.312
5.1,5.1,2.7,7.7,0.276
5.1,5.1,2.8,7.8,0.236
5.1,5.1,2.9,7.9,0.222
5.1,5.1,3.0,8.0,0.186
5.1,5.1,3.1,8.1,0.2
5.1,5.1,3.2,8.2,0.17
5.1,5.1,3.3,8.3,0.17
5.1,5.1,3.4,8.4,0.16
5.1,5.1,3.5,8.5,0.158
5.1,5.1,3.6,8.6,0.144
5.1,5.1,3.7,8.7,0.146
5.1,5.1,3.8,8.8,0.146
5.1,5.1,3.9,8.9,0.142
5.1,5.1,4.0,9.0,0.114
5.1,5.1,4.1,9.1,0.12
5.1,5.1,4.2,9.2,0.116
5.1,5.1,4.3,9.3,0.118
5.1,5.1,4.4,9.4,0.108
5.1,5.1,4.5,9.5,0.11
5.1,5.1,4.6,9.6,0.122
5.1,5.1,4.7,9.7,0.122
5.1,5.1,4.8,9.8,0.112
5.1,5.1,4.9,9.9,0.092
5.1,5.1,5.0,10.0,0.1
5.1,5.1,5.1,10.1,0.11
5.1,5.1,5.2,10.2,0.124
5.1,5.1,5.3,10.3,0.088
5.1,5.1,5.4,10.4,0.092
5.1,5.1,5.5,10.5,0.11
5.1,5.1,5.6,10.6,0.092
5.1,5.1,5.7,10.7,0.09
5.1,5.1,5.8,10.8,0.114
5.1,5.1,5.9,10.9,0.126
5.1,5.1,6.0,11.0,0.106
5.1,5.1,6.1,11.1,0.08
5.1,5.1,6.2,11.2,0.082
5.1,5.1,6.3,11.3,0.092
5.1,5.1,6.4,11.4,0.08
5.1,5.1,6.5,11.5,0.104
5.1,5.1,6.6,11.6,0.09
5.1,5.1,6.7,11.7,0.096
5.1,5.1,6.8,11.8,0.088
5.1,5.1,6.9,11.9,0.092
5.1,5.1,7.0,12.0,0.072
5.1,5.1,7.1,12.1,0.08
5.1,5.1,7.2,12.2,0.076
5.1,5.1,7.3,12.3,0.092
5.1,5.1,7.4,12.4,0.092
5.1,5.1,7.5,12.5,0.072
5.1,5.1,7.6,12.6,0.072
5.1,5.1,7.7,12.7,0.074
5.1,5.1,7.8,12.8,0.056
5.1,5.1,7.9,12.9,0.06
5.1,5.1,8.0,13.0,0.052
5.1,5.1,8.1,13.1,0.064
5.1,5.1,8.2,13.2,0.058
5.1,5.1,8.3,13.3,0.044
5.1,5.1,8.4,13.4,0.056
5.1,5.1,8.5,13.5,0.064
5.1,5.1,8.6,13.6,0.046
5.1,5.1,8.7,13.7,0.06
5.1,5.1,8.8,13.8,0.048
5.1,5.1,8.9,13.9,0.042
5.1,5.1,9.0,14.0,0.052
5.1,5.1,9.1,14.1,0.042
5.1,5.1,9.2,14.2,0.058
5.1,5.1,9.3,14.3,0.06
5.1,5.1,9.4,14.4,0.064
5.1,5.1,9.5,14.5,0.044
5.1,5.1,9.6,14.6,0.042
5.1,5.1,9.7,14.7,0.046
5.1,5.1,9.8,14.8,0.032
5.1,5.1,9.9,14.9,0.054
5.1,5.1,10.0,15.0,0.042
5.1,5.1,10.1,15.1,0.05
5.1,5.1,10.2,15.2,0.046
5.1,5.1,10.3,15.3,0.046
5.1,5.1,10.4,15.4,0.048
5.1,5.1,10.5,15.5,0.058
5.1,5.1,10.6,15.6,0.062
5.1,5.1,10.7,15.7,0.052
5.1,5.1,10.8,15.8,0.048
5.1,5.1,10.9,15.9,0.044
5.1,5.1,11.0,16.0,0.062
5.1,5.1,11.1,16.1,0.044
5.1,5.1,11.2,16.2,0.056
5.1,5.1,11.3,16.3,0.048
5.1,5.1,11.4,16.4,0.042
5.1,5.1,11.5,16.5,0.048
5.1,5.1,11.6,16.6,0.048
5.1,5.1,11.7,16.7,0.048
5.1,5.1,11.8,16.8,0.044
5.1,5.1,11.9,16.9,0.048
5.1,5.1,12.0,17.0,0.062
5.1,5.1,12.1,17.1,0.048
5.1,5.1,12.2,17.2,0.04
5.1,5.1,12.3,17.3,0.04
5.1,5.1,12.4,17.4,0.032
5.1,5.1,12.5,17.5,0.06
5.1,5.1,12.6,17.6,0.062
5.1,5.1,12.7,17.7,0.052
5.1,5.1,12.8,17.8,0.05
5.1,5.1,12.9,17.9,0.042
5.1,5.1,13.0,18.0,0.056
5.1,5.1,13.1,18.1,0.042
5.1,5.1,13.2,18.2,0.056
5.1,5.1,13.3,18.3,0.05
5.1,5.1,13.4,18.4,0.036
5.1,5.1,13.5,18.5,0.042
5.1,5.1,13.6,18.6,0.06
5.1,5.1,13.7,18.7,0.048
5.1,5.1,13.8,18.8,0.048
5.1,5.1,13.9,18.9,0.046
5.1,5.1,14.0,19.0,0.062
5.1,5.1,14.1,19.1,0.04
5.1,5.1,14.2,19.2,0.042
5.1,5.1,14.3,19.3,0.052
5.1,5.1,14.4,19.4,0.038
5.1,5.1,14.5,19.5,0.052
5.1,5.1,14.6,19.6,0.066
5.1,5.1,14.7,19.7,0.04
5.1,5.1,14.8,19.8,0.052
5.1,5.1,14.9,19.9,0.042
5.1,5.1,15.0,20.0,0.046
5.2,5.2,0.0,5.0,0.898
5.2,5.2,0.1,5.1,0.886
5.2,5.2,0.2,5.2,0.918
5.2,5.2,0.3,5.3,0.89
5.2,5.2,0.4,5.4,0.88
5.2,5.2,0.5,5.5,0.86
5.2,5.2,0.6,5.6,0.838
5.2,5.2,0.7,5.7,0.854
5.2,5.2,0.8,5.8,0.862
5.2,5.2,0.9,5.9,0.846
5.2,5.2,1.0,6.0,0.8
5.2,5.2,1.1,6.1,0.816
5.2,5.2,1.2,6.2,0.802
5.2,5.2,1.3,6.3,0.77
5.2,5.2,1.4,6.4,0.718
5.2,5.2,1.5,6.5,0.742
5.2,5.2,1.6,6.6,0.702
5.2,5.2,1.7,6.7,0.676
5.2,5.2,1.8,6.8,0.608
5.2,5.2,1.9,6.9,0.574
5.2,5.2,2.0,7.0,0.536
5.2,5.2,2.1,7.1,0.472
5.2,5.2,2.2,7.2,0.468
5.2,5.2,2.3,7.3,0.384
5.2,5.2,2.4,7.4,0.348
5.2,5.2,2.5,7.5,0.376
5.2,5.2,2.6,7.6,0.312
5.2,5.2,2.7,7.7,0.298
5.2,5.2,2.8,7.8,0.27
5.2,5.2,2.9,7.9,0.276
5.2,5.2,3.0,8.0,0.204
5.2,5.2,3.1,8.1,0.244
5.2,5.2,3.2,8.2,0.198
5.2,5.2,3.3,8.3,0.162
5.2,5.2,3.4,8.4,0.186
5.2,5.2,3.5,8.5,0.164
5.2,5.2,3.6,8.6,0.138
5.2,5.2,3.7,8.7,0.16
5.2,5.2,3.8,8.8,0.152
5.2,5.2,3.9,8.9,0.152
5.2,5.2,4.0,9.0,0.104
5.2,5.2,4.1,9.1,0.13
5.2,5.2,4.2,9.2,0.14
5.2,5.2,4.3,9.3,0.11
5.2,5.2,4.4,9.4,0.124
5.2,5.2,4.5,9.5,0.126
5.2,5.2,4.6,9.6,0.126
5.2,5.2,4.7,9.7,0.108
5.2,5.2,4.8,9.8,0.112
5.2,5.2,4.9,9.9,0.096
5.2,5.2,5.0,10.0,0.104
5.2,5.2,5.1,10.1,0.122
5.2,5.2,5.2,10.2,0.118
5.2,5.2,5.3,10.3,0.12
5.2,5.2,5.4,10.4,0.114
5.2,5.2,5.5,10.5,0.104
5.2,5.2,5.6,10.6,0.102
5.2,5.2,5.7,10.7,0.09
5.2,5.2,5.8,10.8,0.118
5.2,5.2,5.9,10.9,0.096
5.2,5.2,6.0,11.0,0.092
5.2,5.2,6.1,11.1,0.1
5.2,5.2,6.2,11.2,0.116
5.2,5.2,6.3,11.3,0.084
5.2,5.2,6.4,11.4,0.098
5.2,5.2,6.5,11.5,0.086
5.2,5.2,6.6,11.6,0.078
5.2,5.2,6.7,11.7,0.084
5.2,5.2,6.8,11.8,0.102
5.2,5.2,6.9,11.9,0.076
5.2,5.2,7.0,12.0,0.094
5.2,5.2,7.1,12.1,0.1
5.2,5.2,7.2,12.2,0.082
5.2,5.2,7.3,12.3,0.058
5.2,5.2,7.4,12.4,0.096
5.2,5.2,7.5,12.5,0.07
5.2,5.2,7.6,12.6,0.072
5.2,5.2,7.7,12.7,0.078
5.2,5.2,7.8,12.8,0.074
5.2,5.2,7.9,12.9,0.072
5.2,5.2,8.0,13.0,0.08
5.2,5.2,8.1,13.1,0.062
5.2,5.2,8.2,13.2,0.088
5.2,5.2,8.3,13.3,0.058
5.2,5.2,8.4,13.4,0.074
5.2,5.2,8.5,13.5,0.056
5.2,5.2,8.6,13.6,0.042
5.2,5.2,8.7,13.7,0.066
5.2,5.2,8.8,13.8,0.044
5.2,5.2,8.9,13.9,0.058
5.2,5.2,9.0,14.0,0.062
5.2,5.2,9.1,14.1,0.062
5.2,5.2,9.2,14.2,0.052
5.2,5.2,9.3,14.3,0.04
5.2,5.2,9.4,14.4,0.054
5.2,5.2,9.5,14.5,0.058
5.2,5.2,9.6,14.6,0.036
5.2,5.2,9.7,14.7,0.052
5.2,5.2,9.8,14.8,0.038
5.2,5.2,9.9,14.9,0.04
5.2,5.2,10.0,15.0,0.052
5.2,5.2,10.1,15.1,0.058
5.2,5.2,10.2,15.2,0.042
5.2,5.2,10.3,15.3,0.056
5.2,5.2,10.4,15.4,0.05
5.2,5.2,10.5,15.5,0.054
5.2,5.2,10.6,15.6,0.044
5.2,5.2,10.7,15.7,0.05
5.2,5.2,10.8,15.8,0.048
5.2,5.2,10.9,15.9,0.028
5.2,5.2,11.0,16.0,0.034
5.2,5.2,11.1,16.1,0.034
5.2,5.2,11.2,16.2,0.038
5.2,5.2,11.3,16.3,0.042
5.2,5.2,11.4,16.4,0.04
5.2,5.2,11.5,16.5,0.048
5.2,5.2,11.6,16.6,0.066
5.2,5.2,11.7,16.7,0.034
5.2,5.2,11.8,16.8,0.064
5.2,5.2,11.9,16.9,0.048
5.2,5.2,12.0,17.0,0.066
5.2,5.2,12.1,17.1,0.054
5.2,5.2,12.2,17.2,0.06
5.2,5.2,12.3,17.3,0.046
5.2,5.2,12.4,17.4,0.038
5.2,5.2,12.5,17.5,0.044
5.2,5.2,12.6,17.6,0.058
5.2,5.2,12.7,17.7,0.05
5.2,5.2,12.8,17.8,0.048
5.2,5.2,12.9,17.9,0.07
5.2,5.2,13.0,18.0,0.054
5.2,5.2,13.1,18.1,0.024
5.2,5.2,13.2,18.2,0.024
5.2,5.2,13.3,18.3,0.062
5.2,5.2,13.4,18.4,0.036
5.2,5.2,13.5,18.5,0.058
5.2,5.2,13.6,18.6,0.044
5.2,5.2,13.7,18.7,0.052
5.2,5.2,13.8,18.8,0.042
5.2,5.2,13.9,18.9,0.048
5.2,5.2,14.0,19.0,0.04
5.2,5.2,14.1,19.1,0.032
5.2,5.2,14.2,19.2,0.062
5.2,5.2,14.3,19.3,0.058
5.2,5.2,14.4,19.4,0.046
5.2,5.2,14.5,19.5,0.04
5.2,5.2,14.6,19.6,0.044
5.2,5.2,14.7,19.7,0.034
5.2,5.2,14.8,19.8,0.046
5.2,5.2,14.9,19.9,0.046
5.2,5.2,15.0,20.0,0.048
5.3,5.3,0.0,5.0,0.91
5.3,5.3,0.1,5.1,0.906
5.3,5.3,0.2,5.2,0.92
5.3,5.3,0.3,5.3,0.908
5.3,5.3,0.4,5.4,0.908
5.3,5.3,0.5,5.5,0.898
5.3,5.3,0.6,5.6,0.87
5.3,5.3,0.7,5.7,0.89
5.3,5.3,0.8,5.8,0.872
5.3,5.3,0.9,5.9,0.82
5.3,5.3,1.0,6.0,0.822
5.3,5.3,1.1,6.1,0.82
5.3,5.3,1.2,6.2,0.822
5.3,5.3,1.3,6.3,0.794
5.3,5.3,1.4,6.4,0.764
5.3,5.3,1.5,6.5,0.742
5.3,5.3,1.6,6.6,0.664
5.3,5.3,1.7,6.7,0.672
5.3,5.3,1.8,6.8,0.662
5.3,5.3,1.9,6.9,0.626
5.3,5.3,2.0,7.0,0.56
5.3,5.3,2.1,7.1,0.554
5.3,5.3,2.2,7.2,0.532
5.3,5.3,2.3,7.3,0.472
5.3,5.3,2.4,7.4,0.408
5.3,5.3,2.5,7.5,0.38
5.3,5.3,2.6,7.6,0.366
5.3,5.3,2.7,7.7,0.3
5.3,5.3,2.8,7.8,0.29
5.3,5.3,2.9,7.9,0.248
5.3,5.3,3.0,8.0,0.266
5.3,5.3,3.1,8.1,0.22
5.3,5.3,3.2,8.2,0.2
5.3,5.3,3.3,8.3,0.186
5.3,5.3,3.4,8.4,0.188
5.3,5.3,3.5,8.5,0.168
5.3,5.3,3.6,8.6,0.15
5.3,5.3,3.7,8.7,0.16
5.3,5.3,3.8,8.8,0.148
5.3,5.3,3.9,8.9,0.146
5.3,5.3,4.0,9.0,0.124
5.3,5.3,4.1,9.1,0.15
5.3,5.3,4.2,9.2,0.12
5.3,5.3,4.3,9.3,0.098
5.3,5.3,4.4,9.4,0.114
5.3,5.3,4.5,9.5,0.128
5.3,5.3,4.6,9.6,0.138
5.3,5.3,4.7,9.7,0.114
5.3,5.3,4.8,9.8,0.11
5.3,5.3,4.9,9.9,0.088
5.3,5.3,5.0,10.0,0.136
5.3,5.3,5.1,10.1,0.11
5.3,5.3,5.2,10.2,0.112
5.3,5.3,5.3,10.3,0.11
5.3,5.3,5.4,10.4,0.104
5.3,5.3,5.5,10.5,0.112
5.3,5.3,5.6,10.6,0.108
5.3,5.3,5.7,10.7,0.1
5.3,5.3,5.8,10.8,0.13
5.3,5.3,5.9,10.9,0.108
5.3,5.3,6.0,11.0,0.126
5.3,5.3,6.1,11.1,0.114
5.3,5.3,6.2,11.2,0.106
5.3,5.3,6.3,11.3,0.096
5.3,5.3,6.4,11.4,0.074
5.3,5.3,6.5,11.5,0.098
5.3,5.3,6.6,11.6,0.104
5.3,5.3,6.7,11.7,0.096
5.3,5.3,6.8,11.8,0.102
5.3,5.3,6.9,11.9,0.094
5.3,5.3,7.0,12.0,0.07
5.3,5.3,7.1,12.1,0.098
5.3,5.3,7.2,12.2,0.084
5.3,5.3,7.3,12.3,0.092
5.3,5.3,7.4,12.4,0.076
5.3,5.3,7.5,12.5,0.062
5.3,5.3,7.6,12.6,0.062
5.3,5.3,7.7,12.7,0.078
5.3,5.3,7.8,12.8,0.086
5.3,5.3,7.9,12.9,0.058
5.3,5.3,8.0,13.0,0.062
5.3,5.3,8.1,13.1,0.074
5.3,5.3,8.2,13.2,0.032
5.3,5.3,8.3,13.3,0.056
5.3,5.3,8.4,13.4,0.052
5.3,5.3,8.5,13.5,0.064
5.3,5.3,8.6,13.6,0.066
5.3,5.3,8.7,13.7,0.066
5.3,5.3,8.8,13.8,0.04
5.3,5.3,8.9,13.9,0.046
5.3,5.3,9.0,14.0,0.054
5.3,5.3,9.1,14.1,0.056
5.3,5.3,9.2,14.2,0.044
5.3,5.3,9.3,14.3,0.048
5.3,5.3,9.4,14.4,0.054
5.3,5.3,9.5,14.5,0.062
5.3,5.3,9.6,14.6,0.046
5.3,5.3,9.7,14.7,0.038
5.3,5.3,9.8,14.8,0.062
5.3,5.3,9.9,14.9,0.05
5.3,5.3,10.0,15.0,0.038
5.3,5.3,10.1,15.1,0.064
5.3,5.3,10.2,15.2,0.052
5.3,5.3,10.3,15.3,0.036
5.3,5.3,10.4,15.4,0.056
5.3,5.3,10.5,15.5,0.052
5.3,5.3,10.6,15.6,0.048
5.3,5.3,10.7,15.7,0.032
5.3,5.3,10.8,15.8,0.05
5.3,5.3,10.9,15.9,0.056
5.3,5.3,11.0,16.0,0.06
5.3,5.3,11.1,16.1,0.072
5.3,5.3,11.2,16.2,0.056
5.3,5.3,11.3,16.3,0.046
5.3,5.3,11.4,16.4,0.036
5.3,5.3,11.5,16.5,0.038
5.3,5.3,11.6,16.6,0.046
5.3,5.3,11.7,16.7,0.056
5.3,5.3,11.8,16.8,0.042
5.3,5.3,11.9,16.9,0.036
5.3,5.3,12.0,17.0,0.066
5.3,5.3,12.1,17.1,0.058
5.3,5.3,12.2,17.2,0.058
5.3,5.3,12.3,17.3,0.038
5.3,5.3,12.4,17.4,0.058
5.3,5.3,12.5,17.5,0.054
5.3,5.3,12.6,17.6,0.068
5.3,5.3,12.7,17.7,0.054
5.3,5.3,12.8,17.8,0.036
5.3,5.3,12.9,17.9,0.054
5.3,5.3,13.0,18.0,0.032
5.3,5.3,13.1,18.1,0.05
5.3,5.3,13.2,18.2,0.058
5.3,5.3,13.3,18.3,0.05
5.3,5.3,13.4,18.4,0.06
5.3,5.3,13.5,18.5,0.052
5.3,5.3,13.6,18.6,0.044
5.3,5.3,13.7,18.7,0.048
5.3,5.3,13.8,18.8,0.048
5.3,5.3,13.9,18.9,0.034
5.3,5.3,14.0,19.0,0.03
5.3,5.3,14.1,19.1,0.054
5.3,5.3,14.2,19.2,0.036
5.3,5.3,14.3,19.3,0.046
5.3,5.3,14.4,19.4,0.044
5.3,5.3,14.5,19.5,0.054
5.3,5.3,14.6,19.6,0.048
5.3,5.3,14.7,19.7,0.054
5.3,5.3,14.8,19.8,0.052
5.3,5.3,14.9,19.9,0.042
5.3,5.3,15.0,20.0,0.08
5.4,5.4,0.0,5.0,0.916
5.4,5.4,0.1,5.1,0.896
5.4,5.4,0.2,5.2,0.888
5.4,5.4,0.3,5.3,0.89
5.4,5.4,0.4,5.4,0.902
5.4,5.4,0.5,5.5,0.888
5.4,5.4,0.6,5.6,0.874
5.4,5.4,0.7,5.7,0.892
5.4,5.4,0.8,5.8,0.868
5.4,5.4,0.9,5.9,0.84
5.4,5.4,1.0,6.0,0.862
5.4,5.4,1.1,6.1,0.822
5.4,5.4,1.2,6.2,0.834
5.4,5.4,1.3,6.3,0.81
5.4,5.4,1.4,6.4,0.786
5.4,5.4,1.5,6.5,0.772
5.4,5.4,1.6,6.6,0.766
5.4,5.4,1.7,6.7,0.764
5.4,5.4,1.8,6.8,0.656
5.4,5.4,1.9,6.9,0.63
5.4,5.4,2.0,7.0,0.598
5.4,5.4,2.1,7.1,0.604
5.4,5.4,2.2,7.2,0.566
5.4,5.4,2.3,7.3,0.522
5.4,5.4,2.4,7.4,0.452
5.4,5.4,2.5,7.5,0.416
5.4,5.4,2.6,7.6,0.408
5.4,5.4,2.7,7.7,0.358
5.4,5.4,2.8,7.8,0.348
5.4,5.4,2.9,7.9,0.266
5.4,5.4,3.0,8.0,0.262
5.4,5.4,3.1,8.1,0.224
5.4,5.4,3.2,8.2,0.232
5.4,5.4,3.3,8.3,0.2
5.4,5.4,3.4,8.4,0.17
5.4,5.4,3.5,8.5,0.2
5.4,5.4,3.6,8.6,0.194
5.4,5.4,3.7,8.7,0.164
5.4,5.4,3.8,8.8,0.19
5.4,5.4,3.9,8.9,0.158
5.4,5.4,4.0,9.0,0.14
5.4,5.4,4.1,9.1,0.11
5.4,5.4,4.2,9.2,0.136
5.4,5.4,4.3,9.3,0.132
5.4,5.4,4.4,9.4,0.112
5.4,5.4,4.5,9.5,0.122
5.4,5.4,4.6,9.6,0.126
5.4,5.4,4.7,9.7,0.112
5.4,5.4,4.8,9.8,0.11
5.4,5.4,4.9,9.9,0.112
5.4,5.4,5.0,10.0,0.126
5.4,5.4,5.1,10.1,0.112
5.4,5.4,5.2,10.2,0.124
5.4,5.4,5.3,10.3,0.096
5.4,5.4,5.4,10.4,0.098
5.4,5.4,5.5,10.5,0.124
5.4,5.4,5.6,10.6,0.086
5.4,5.4,5.7,10.7,0.09
5.4,5.4,5.8,10.8,0.094
5.4,5.4,5.9,10.9,0.122
5.4,5.4,6.0,11.0,0.1
5.4,5.4,6.1,11.1,0.114
5.4,5.4,6.2,11.2,0.104
5.4,5.4,6.3,11.3,0.114
5.4,5.4,6.4,11.4,0.086
5.4,5.4,6.5,11.5,0.116
5.4,5.4,6.6,11.6,0.078
5.4,5.4,6.7,11.7,0.086
5.4,5.4,6.8,11.8,0.086
5.4,5.4,6.9,11.9,0.088
5.4,5.4,7.0,12.0,0.084
5.4,5.4,7.1,12.1,0.072
5.4,5.4,7.2,12.2,0.088
5.4,5.4,7.3,12.3,0.076
5.4,5.4,7.4,12.4,0.086
5.4,5.4,7.5,12.5,0.08
5.4,5.4,7.6,12.6,0.076
5.4,5.4,7.7,12.7,0.078
5.4,5.4,7.8,12.8,0.084
5.4,5.4,7.9,12.9,0.07
5.4,5.4,8.0,13.0,0.064
5.4,5.4,8.1,13.1,0.06
5.4,5.4,8.2,13.2,0.05
5.4,5.4,8.3,13.3,0.046
5.4,5.4,8.4,13.4,0.072
5.4,5.4,8.5,13.5,0.072
5.4,5.4,8.6,13.6,0.066
5.4,5.4,8.7,13.7,0.07
5.4,5.4,8.8,13.8,0.046
5.4,5.4,8.9,13.9,0.066
5.4,5.4,9.0,14.0,0.048
5.4,5.4,9.1,14.1,0.058
5.4,5.4,9.2,14.2,0.042
5.4,5.4,9.3,14.3,0.052
5.4,5.4,9.4,14.4,0.054
5.4,5.4,9.5,14.5,0.048
5.4,5.4,9.6,14.6,0.052
5.4,5.4,9.7,14.7,0.04
5.4,5.4,9.8,14.8,0.058
5.4,5.4,9.9,14.9,0.048
5.4,5.4,10.0,15.0,0.034
5.4,5.4,10.1,15.1,0.054
5.4,5.4,10.2,15.2,0.04
5.4,5.4,10.3,15.3,0.042
5.4,5.4,10.4,15.4,0.056
5.4,5.4,10.5,15.5,0.036
5.4,5.4,10.6,15.6,0.058
5.4,5.4,10.7,15.7,0.058
5.4,5.4,10.8,15.8,0.034
5.4,5.4,10.9,15.9,0.044
5.4,5.4,11.0,16.0,0.062
5.4,5.4,11.1,16.1,0.034
5.4,5.4,11.2,16.2,0.056
5.4,5.4,11.3,16.3,0.042
5.4,5.4,11.4,16.4,0.056
5.4,5.4,11.5,16.5,0.064
5.4,5.4,11.6,16.6,0.054
5.4,5.4,11.7,16.7,0.064
5.4,5.4,11.8,16.8,0.034
5.4,5.4,11.9,16.9,0.052
5.4,5.4,12.0,17.0,0.05
5.4,5.4,12.1,17.1,0.052
5.4,5.4,12.2,17.2,0.056
5.4,5.4,12.3,17.3,0.052
5.4,5.4,12.4,17.4,0.074
5.4,5.4,12.5,17.5,0.05
5.4,5.4,12.6,17.6,0.032
5.4,5.4,12.7,17.7,0.026
5.4,5.4,12.8,17.8,0.05
5.4,5.4,12.9,17.9,0.05
5.4,5.4,13.0,18.0,0.046
5.4,5.4,13.1,18.1,0.052
5.4,5.4,13.2,18.2,0.044
5.4,5.4,13.3,18.3,0.048
5.4,5.4,13.4,18.4,0.052
5.4,5.4,13.5,18.5,0.052
5.4,5.4,13.6,18.6,0.044
5.4,5.4,13.7,18.7,0.05
5.4,5.4,13.8,18.8,0.05
5.4,5.4,13.9,18.9,0.042
5.4,5.4,14.0,19.0,0.046
5.4,5.4,14.1,19.1,0.04
5.4,5.4,14.2,19.2,0.068
5.4,5.4,14.3,19.3,0.048
5.4,5.4,14.4,19.4,0.046
5.4,5.4,14.5,19.5,0.08
5.4,5.4,14.6,19.6,0.068
5.4,5.4,14.7,19.7,0.054
5.4,5.4,14.8,19.8,0.066
5.4,5.4,14.9,19.9,0.036
5.4,5.4,15.0,20.0,0.054
5.5,5.5,0.0,5.0,0.936
5.5,5.5,0.1,5.1,0.916
5.5,5.5,0.2,5.2,0.914
5.5,5.5,0.3,5.3,0.914
5.5,5.5,0.4,5.4,0.882
5.5,5.5,0.5,5.5,0.872
5.5,5.5,0.6,5.6,0.904
5.5,5.5,0.7,5.7,0.9
5.5,5.5,0.8,5.8,0.868
5.5,5.5,0.9,5.9,0.878
5.5,5.5,1.0,6.0,0.896
5.5,5.5,1.1,6.1,0.862
5.5,5.5,1.2,6.2,0.86
5.5,5.5,1.3,6.3,0.83
5.5,5.5,1.4,6.4,0.816
5.5,5.5,1.5,6.5,0.8
5.5,5.5,1.6,6.6,0.736
5.5,5.5,1.7,6.7,0.748
5.5,5.5,1.8,6.8,0.74
5.5,5.5,1.9,6.9,0.642
5.5,5.5,2.0,7.0,0.634
5.5,5.5,2.1,7.1,0.636
5.5,5.5,2.2,7.2,0.55
5.5,5.5,2.3,7.3,0.566
5.5,5.5,2.4,7.4,0.5
5.5,5.5,2.5,7.5,0.464
5.5,5.5,2.6,7.6,0.394
5.5,5.5,2.7,7.7,0.39
5.5,5.5,2.8,7.8,0.374
5.5,5.5,2.9,7.9,0.328
5.5,5.5,3.0,8.0,0.326
5.5,5.5,3.1,8.1,0.276
5.5,5.5,3.2,8.2,0.222
5.5,5.5,3.3,8.3,0.252
5.5,5.5,3.4,8.4,0.216
5.5,5.5,3.5,8.5,0.182
5.5,5.5,3.6,8.6,0.154
5.5,5.5,3.7,8.7,0.158
5.5,5.5,3.8,8.8,0.142
5.5,5.5,3.9,8.9,0.144
5.5,5.5,4.0,9.0,0.124
5.5,5.5,4.1,9.1,0.124
5.5,5.5,4.2,9.2,0.144
5.5,5.5,4.3,9.3,0.134
5.5,5.5,4.4,9.4,0.138
5.5,5.5,4.5,9.5,0.09
5.5,5.5,4.6,9.6,0.114
5.5,5.5,4.7,9.7,0.118
5.5,5.5,4.8,9.8,0.126
5.5,5.5,4.9,9.9,0.112
5.5,5.5,5.0,10.0,0.116
5.5,5.5,5.1,10.1,0.122
5.5,5.5,5.2,10.2,0.102
5.5,5.5,5.3,10.3,0.094
5.5,5.5,5.4,10.4,0.108
5.5,5.5,5.5,10.5,0.112
5.5,5.5,5.6,10.6,0.116
5.5,5.5,5.7,10.7,0.11
5.5,5.5,5.8,10.8,0.108
5.5,5.5,5.9,10.9,0.134
5.5,5.5,6.0,11.0,0.096
5.5,5.5,6.1,11.1,0.096
5.5,5.5,6.2,11.2,0.11
5.5,5.5,6.3,11.3,0.096
5.5,5.5,6.4,11.4,0.11
5.5,5.5,6.5,11.5,0.114
5.5,5.5,6.6,11.6,0.088
5.5,5.5,6.7,11.7,0.126
5.5,5.5,6.8,11.8,0.098
5.5,5.5,6.9,11.9,0.084
5.5,5.5,7.0,12.0,0.124
5.5,5.5,7.1,12.1,0.096
5.5,5.5,7.2,12.2,0.11
5.5,5.5,7.3,12.3,0.092
5.5,5.5,7.4,12.4,0.062
5.5,5.5,7.5,12.5,0.086
5.5,5.5,7.6,12.6,0.08
5.5,5.5,7.7,12.7,0.066
5.5,5.5,7.8,12.8,0.09
5.5,5.5,7.9,12.9,0.056
5.5,5.5,8.0,13.0,0.084
5.5,5.5,8.1,13.1,0.064
5.5,5.5,8.2,13.2,0.056
5.5,5.5,8.3,13.3,0.074
5.5,5.5,8.4,13.4,0.08
5.5,5.5,8.5,13.5,0.058
5.5,5.5,8.6,13.6,0.056
5.5,5.5,8.7,13.7,0.058
5.5,5.5,8.8,13.8,0.06
5.5,5.5,8.9,13.9,0.054
5.5,5.5,9.0,14.0,0.058
5.5,5.5,9.1,14.1,0.048
5.5,5.5,9.2,14.2,0.056
5.5,5.5,9.3,14.3,0.054
5.5,5.5,9.4,14.4,0.062
5.5,5.5,9.5,14.5,0.052
5.5,5.5,9.6,14.6,0.056
5.5,5.5,9.7,14.7,0.044
5.5,5.5,9.8,14.8,0.05
5.5,5.5,9.9,14.9,0.056
5.5,5.5,10.0,15.0,0.066
5.5,5.5,10.1,15.1,0.058
5.5,5.5,10.2,15.2,0.048
5.5,5.5,10.3,15.3,0.044
5.5,5.5,10.4,15.4,0.05
5.5,5.5,10.5,15.5,0.048
5.5,5.5,10.6,15.6,0.046
5.5,5.5,10.7,15.7,0.048
5.5,5.5,10.8,15.8,0.044
5.5,5.5,10.9,15.9,0.054
5.5,5.5,11.0,16.0,0.042
5.5,5.5,11.1,16.1,0.058
5.5,5.5,11.2,16.2,0.054
5.5,5.5,11.3,16.3,0.048
5.5,5.5,11.4,16.4,0.058
5.5,5.5,11.5,16.5,0.04
5.5,5.5,11.6,16.6,0.052
5.5,5.5,11.7,16.7,0.042
5.5,5.5,11.8,16.8,0.066
5.5,5.5,11.9,16.9,0.048
5.5,5.5,12.0,17.0,0.04
5.5,5.5,12.1,17.1,0.056
5.5,5.5,12.2,17.2,0.066
5.5,5.5,12.3,17.3,0.054
5.5,5.5,12.4,17.4,0.04
5.5,5.5,12.5,17.5,0.064
5.5,5.5,12.6,17.6,0.056
5.5,5.5,12.7,17.7,0.046
5.5,5.5,12.8,17.8,0.058
5.5,5.5,12.9,17.9,0.054
5.5,5.5,13.0,18.0,0.042
5.5,5.5,13.1,18.1,0.048
5.5,5.5,13.2,18.2,0.052
5.5,5.5,13.3,18.3,0.06
5.5,5.5,13.4,18.4,0.044
5.5,5.5,13.5,18.5,0.066
5.5,5.5,13.6,18.6,0.04
5.5,5.5,13.7,18.7,0.05
5.5,5.5,13.8,18.8,0.046
5.5,5.5,13.9,18.9,0.052
5.5,5.5,14.0,19.0,0.048
5.5,5.5,14.1,19.1,0.04
5.5,5.5,14.2,19.2,0.044
5.5,5.5,14.3,19.3,0.048
5.5,5.5,14.4,19.4,0.054
5.5,5.5,14.5,19.5,0.054
5.5,5.5,14.6,19.6,0.054
5.5,5.5,14.7,19.7,0.038
5.5,5.5,14.8,19.8,0.046
5.5,5.5,14.9,19.9,0.06
5.5,5.5,15.0,20.0,0.042
5.6,5.6,0.0,5.0,0.934
5.6,5.6,0.1,5.1,0.906
5.6,5.6,0.2,5.2,0.932
5.6,5.6,0.3,5.3,0.878
5.6,5.6,0.4,5.4,0.928
5.6,5.6,0.5,5.5,0.89
5.6,5.6,0.6,5.6,0.9
5.6,5.6,0.7,5.7,0.898
5.6,5.6,0.8,5.8,0.864
5.6,5.6,0.9,5.9,0.898
5.6,5.6,1.0,6.0,0.878
5.6,5.6,1.1,6.1,0.878
5.6,5.6,1.2,6.2,0.854
5.6,5.6,1.3,6.3,0.838
5.6,5.6,1.4,6.4,0.826
5.6,5.6,1.5,6.5,0.806
5.6,5.6,1.6,6.6,0.786
5.6,5.6,1.7,6.7,0.748
5.6,5.6,1.8,6.8,0.762
5.6,5.6,1.9,6.9,0.716
5.6,5.6,2.0,7.0,0.692
5.6,5.6,2.1,7.1,0.628
5.6,5.6,2.2,7.2,0.638
5.6,5.6,2.3,7.3,0.614
5.6,5.6,2.4,7.4,0.52
5.6,5.6,2.5,7.5,0.492
5.6,5.6,2.6,7.6,0.454
5.6,5.6,2.7,7.7,0.446
5.6,5.6,2.8,7.8,0.396
5.6,5.6,2.9,7.9,0.352
5.6,5.6,3.0,8.0,0.348
5.6,5.6,3.1,8.1,0.278
5.6,5.6,3.2,8.2,0.268
5.6,5.6,3.3,8.3,0.172
5.6,5.6,3.4,8.4,0.232
5.6,5.6,3.5,8.5,0.214
5.6,5.6,3.6,8.6,0.204
5.6,5.6,3.7,8.7,0.156
5.6,5.6,3.8,8.8,0.148
5.6,5.6,3.9,8.9,0.172
5.6,5.6,4.0,9.0,0.148
5.6,5.6,4.1,9.1,0.12
5.6,5.6,4.2,9.2,0.122
5.6,5.6,4.3,9.3,0.132
5.6,5.6,4.4,9.4,0.11
5.6,5.6,4.5,9.5,0.112
5.6,5.6,4.6,9.6,0.112
5.6,5.6,4.7,9.7,0.126
5.6,5.6,4.8,9.8,0.128
5.6,5.6,4.9,9.9,0.1
5.6,5.6,5.0,10.0,0.142
5.6,5.6,5.1,10.1,0.116
5.6,5.6,5.2,10.2,0.114
5.6,5.6,5.3,10.3,0.122
5.6,5.6,5.4,10.4,0.132
5.6,5.6,5.5,10.5,0.138
5.6,5.6,5.6,10.6,0.102
5.6,5.6,5.7,10.7,0.104
5.6,5.6,5.8,10.8,0.126
5.6,5.6,5.9,10.9,0.102
5.6,5.6,6.0,11.0,0.11
5.6,5.6,6.1,11.1,0.108
5.6,5.6,6.2,11.2,0.1
5.6,5.6,6.3,11.3,0.076
5.6,5.6,6.4,11.4,0.088
5.6,5.6,6.5,11.5,0.09
5.6,5.6,6.6,11.6,0.112
5.6,5.6,6.7,11.7,0.072
5.6,5.6,6.8,11.8,0.1
5.6,5.6,6.9,11.9,0.106
5.6,5.6,7.0,12.0,0.12
5.6,5.6,7.1,12.1,0.102
5.6,5.6,7.2,12.2,0.084
5.6,5.6,7.3,12.3,0.068
5.6,5.6,7.4,12.4,0.076
5.6,5.6,7.5,12.5,0.094
5.6,5.6,7.6,12.6,0.076
5.6,5.6,7.7,12.7,0.084
5.6,5.6,7.8,12.8,0.108
5.6,5.6,7.9,12.9,0.074
5.6,5.6,8.0,13.0,0.082
5.6,5.6,8.1,13.1,0.064
5.6,5.6,8.2,13.2,0.074
5.6,5.6,8.3,13.3,0.064
5.6,5.6,8.4,13.4,0.086
5.6,5.6,8.5,13.5,0.066
5.6,5.6,8.6,13.6,0.054
5.6,5.6,8.7,13.7,0.064
5.6,5.6,8.8,13.8,0.062
5.6,5.6,8.9,13.9,0.076
5.6,5.6,9.0,14.0,0.058
5.6,5.6,9.1,14.1,0.062
5.6,5.6,9.2,14.2,0.05
5.6,5.6,9.3,14.3,0.05
5.6,5.6,9.4,14.4,0.054
5.6,5.6,9.5,14.5,0.062
5.6,5.6,9.6,14.6,0.048
5.6,5.6,9.7,14.7,0.068
5.6,5.6,9.8,14.8,0.044
5.6,5.6,9.9,14.9,0.072
5.6,5.6,10.0,15.0,0.066
5.6,5.6,10.1,15.1,0.064
5.6,5.6,10.2,15.2,0.048
5.6,5.6,10.3,15.3,0.046
5.6,5.6,10.4,15.4,0.05
5.6,5.6,10.5,15.5,0.072
5.6,5.6,10.6,15.6,0.032
5.6,5.6,10.7,15.7,0.038
5.6,5.6,10.8,15.8,0.068
5.6,5.6,10.9,15.9,0.046
5.6,5.6,11.0,16.0,0.06
5.6,5.6,11.1,16.1,0.042
5.6,5.6,11.2,16.2,0.048
5.6,5.6,11.3,16.3,0.066
5.6,5.6,11.4,16.4,0.044
5.6,5.6,11.5,16.5,0.05
5.6,5.6,11.6,16.6,0.056
5.6,5.6,11.7,16.7,0.05
5.6,5.6,11.8,16.8,0.038
5.6,5.6,11.9,16.9,0.042
5.6,5.6,12.0,17.0,0.046
5.6,5.6,12.1,17.1,0.054
5.6,5.6,12.2,17.2,0.048
5.6,5.6,12.3,17.3,0.05
5.6,5.6,12.4,17.4,0.07
5.6,5.6,12.5,17.5,0.062
5.6,5.6,12.6,17.6,0.052
5.6,5.6,12.7,17.7,0.054
5.6,5.6,12.8,17.8,0.042
5.6,5.6,12.9,17.9,0.044
5.6,5.6,13.0,18.0,0.052
5.6,5.6,13.1,18.1,0.04
5.6,5.6,13.2,18.2,0.034
5.6,5.6,13.3,18.3,0.048
5.6,5.6,13.4,18.4,0.038
5.6,5.6,13.5,18.5,0.07
5.6,5.6,13.6,18.6,0.062
5.6,5.6,13.7,18.7,0.036
5.6,5.6,13.8,18.8,0.038
5.6,5.6,13.9,18.9,0.05
5.6,5.6,14.0,19.0,0.05
5.6,5.6,14.1,19.1,0.062
5.6,5.6,14.2,19.2,0.05
5.6,5.6,14.3,19.3,0.044
5.6,5.6,14.4,19.4,0.032
5.6,5.6,14.5,19.5,0.05
5.6,5.6,14.6,19.6,0.042
5.6,5.6,14.7,19.7,0.05
5.6,5.6,14.8,19.8,0.052
5.6,5.6,14.9,19.9,0.036
5.6,5.6,15.0,20.0,0.048
5.7,5.7,0.0,5.0,0.916
5.7,5.7,0.1,5.1,0.926
5.7,5.7,0.2,5.2,0.916
5.7,5.7,0.3,5.3,0.93
5.7,5.7,0.4,5.4,0.93
5.7,5.7,0.5,5.5,0.89
5.7,5.7,0.6,5.6,0.89
5.7,5.7,0.7,5.7,0.89
5.7,5.7,0.8,5.8,0.898
5.7,5.7,0.9,5.9,0.9
5.7,5.7,1.0,6.0,0.878
5.7,5.7,1.1,6.1,0.874
5.7,5.7,1.2,6.2,0.87
5.7,5.7,1.3,6.3,0.846
5.7,5.7,1.4,6.4,0.844
5.7,5.7,1.5,6.5,0.818
5.7,5.7,1.6,6.6,0.832
5.7,5.7,1.7,6.7,0.768
5.7,5.7,1.8,6.8,0.786
5.7,5.7,1.9,6.9,0.738
5.7,5.7,2.0,7.0,0.736
5.7,5.7,2.1,7.1,0.694
5.7,5.7,2.2,7.2,0.658
5.7,5.7,2.3,7.3,0.618
5.7,5.7,2.4,7.4,0.63
5.7,5.7,2.5,7.5,0.54
5.7,5.7,2.6,7.6,0.476
5.7,5.7,2.7,7.7,0.434
5.7,5.7,2.8,7.8,0.422
5.7,5.7,2.9,7.9,0.386
5.7,5.7,3.0,8.0,0.356
5.7,5.7,3.1,8.1,0.3
5.7,5.7,3.2,8.2,0.274
5.7,5.7,3.3,8.3,0.272
5.7,5.7,3.4,8.4,0.24
5.7,5.7,3.5,8.5,0.202
5.7,5.7,3.6,8.6,0.218
5.7,5.7,3.7,8.7,0.204
5.7,5.7,3.8,8.8,0.194
5.7,5.7,3.9,8.9,0.186
5.7,5.7,4.0,9.0,0.16
5.7,5.7,4.1,9.1,0.152
5.7,5.7,4.2,9.2,0.154
5.7,5.7,4.3,9.3,0.144
5.7,5.7,4.4,9.4,0.146
5.7,5.7,4.5,9.5,0.124
5.7,5.7,4.6,9.6,0.14
5.7,5.7,4.7,9.7,0.142
5.7,5.7,4.8,9.8,0.126
5.7,5.7,4.9,9.9,0.124
5.7,5.7,5.0,10.0,0.16
5.7,5.7,5.1,10.1,0.15
5.7,5.7,5.2,10.2,0.12
5.7,5.7,5.3,10.3,0.146
5.7,5.7,5.4,10.4,0.118
5.7,5.7,5.5,10.5,0.104
5.7,5.7,5.6,10.6,0.126
5.7,5.7,5.7,10.7,0.11
5.7,5.7,5.8,10.8,0.092
5.7,5.7,5.9,10.9,0.098
5.7,5.7,6.0,11.0,0.118
5.7,5.7,6.1,11.1,0.136
5.7,5.7,6.2,11.2,0.106
5.7,5.7,6.3,11.3,0.094
5.7,5.7,6.4,11.4,0.116
5.7,5.7,6.5,11.5,0.08
5.7,5.7,6.6,11.6,0.096
5.7,5.7,6.7,11.7,0.13
5.7,5.7,6.8,11.8,0.116
5.7,5.7,6.9,11.9,0.086
5.7,5.7,7.0,12.0,0.088
5.7,5.7,7.1,12.1,0.072
5.7,5.7,7.2,12.2,0.094
5.7,5.7,7.3,12.3,0.094
5.7,5.7,7.4,12.4,0.068
5.7,5.7,7.5,12.5,0.08
5.7,5.7,7.6,12.6,0.076
5.7,5.7,7.7,12.7,0.086
5.7,5.7,7.8,12.8,0.056
5.7,5.7,7.9,12.9,0.074
5.7,5.7,8.0,13.0,0.062
5.7,5.7,8.1,13.1,0.076
5.7,5.7,8.2,13.2,0.058
5.7,5.7,8.3,13.3,0.058
5.7,5.7,8.4,13.4,0.07
5.7,5.7,8.5,13.5,0.08
5.7,5.7,8.6,13.6,0.06
5.7,5.7,8.7,13.7,0.06
5.7,5.7,8.8,13.8,0.094
5.7,5.7,8.9,13.9,0.046
5.7,5.7,9.0,14.0,0.068
5.7,5.7,9.1,14.1,0.068
5.7,5.7,9.2,14.2,0.05
5.7,5.7,9.3,14.3,0.062
5.7,5.7,9.4,14.4,0.058
5.7,5.7,9.5,14.5,0.07
5.7,5.7,9.6,14.6,0.046
5.7,5.7,9.7,14.7,0.04
5.7,5.7,9.8,14.8,0.058
5.7,5.7,9.9,14.9,0.062
5.7,5.7,10.0,15.0,0.058
5.7,5.7,10.1,15.1,0.036
5.7,5.7,10.2,15.2,0.038
5.7,5.7,10.3,15.3,0.042
5.7,5.7,10.4,15.4,0.06
5.7,5.7,10.5,15.5,0.046
5.7,5.7,10.6,15.6,0.036
5.7,5.7,10.7,15.7,0.044
5.7,5.7,10.8,15.8,0.052
5.7,5.7,10.9,15.9,0.034
5.7,5.7,11.0,16.0,0.058
5.7,5.7,11.1,16.1,0.058
5.7,5.7,11.2,16.2,0.032
5.7,5.7,11.3,16.3,0.066
5.7,5.7,11.4,16.4,0.058
5.7,5.7,11.5,16.5,0.046
5.7,5.7,11.6,16.6,0.052
5.7,5.7,11.7,16.7,0.042
5.7,5.7,11.8,16.8,0.048
5.7,5.7,11.9,16.9,0.06
5.7,5.7,12.0,17.0,0.06
5.7,5.7,12.1,17.1,0.05
5.7,5.7,12.2,17.2,0.036
5.7,5.7,12.3,17.3,0.062
5.7,5.7,12.4,17.4,0.048
5.7,5.7,12.5,17.5,0.054
5.7,5.7,12.6,17.6,0.07
5.7,5.7,12.7,17.7,0.046
5.7,5.7,12.8,17.8,0.048
5.7,5.7,12.9,17.9,0.044
5.7,5.7,13.0,18.0,0.054
5.7,5.7,13.1,18.1,0.054
5.7,5.7,13.2,18.2,0.052
5.7,5.7,13.3,18.3,0.068
5.7,5.7,13.4,18.4,0.064
5.7,5.7,13.5,18.5,0.078
5.7,5.7,13.6,18.6,0.04
5.7,5.7,13.7,18.7,0.05
5.7,5.7,13.8,18.8,0.036
5.7,5.7,13.9,18.9,0.068
5.7,5.7,14.0,19.0,0.05
5.7,5.7,14.1,19.1,0.042
5.7,5.7,14.2,19.2,0.044
5.7,5.7,14.3,19.3,0.048
5.7,5.7,14.4,19.4,0.052
5.7,5.7,14.5,19.5,0.056
5.7,5.7,14.6,19.6,0.046
5.7,5.7,14.7,19.7,0.06
5.7,5.7,14.8,19.8,0.056
5.7,5.7,14.9,19.9,0.048
5.7,5.7,15.0,20.0,0.062
5.8,5.8,0.0,5.0,0.926
5.8,5.8,0.1,5.1,0.916
5.8,5.8,0.2,5.2,0.92
5.8,5.8,0.3,5.3,0.928
5.8,5.8,0.4,5.4,0.922
5.8,5.8,0.5,5.5,0.916
5.8,5.8,0.6,5.6,0.9
5.8,5.8,0.7,5.7,0.89
5.8,5.8,0.8,5.8,0.89
5.8,5.8,0.9,5.9,0.89
5.8,5.8,1.0,6.0,0.848
5.8,5.8,1.1,6.1,0.88
5.8,5.8,1.2,6.2,0.892
5.8,5.8,1.3,6.3,0.88
5.8,5.8,1.4,6.4,0.874
5.8,5.8,1.5,6.5,0.846
5.8,5.8,1.6,6.6,0.83
5.8,5.8,1.7,6.7,0.816
5.8,5.8,1.8,6.8,0.782
5.8,5.8,1.9,6.9,0.756
5.8,5.8,2.0,7.0,0.756
5.8,5.8,2.1,7.1,0.714
5.8,5.8,2.2,7.2,0.674
5.8,5.8,2.3,7.3,0.644
5.8,5.8,2.4,7.4,0.61
5.8,5.8,2.5,7.5,0.562
5.8,5.8,2.6,7.6,0.578
5.8,5.8,2.7,7.7,0.488
5.8,5.8,2.8,7.8,0.41
5.8,5.8,2.9,7.9,0.4
5.8,5.8,3.0,8.0,0.374
5.8,5.8,3.1,8.1,0.344
5.8,5.8,3.2,8.2,0.344
5.8,5.8,3.3,8.3,0.266
5.8,5.8,3.4,8.4,0.28
5.8,5.8,3.5,8.5,0.266
5.8,5.8,3.6,8.6,0.216
5.8,5.8,3.7,8.7,0.218
5.8,5.8,3.8,8.8,0.208
5.8,5.8,3.9,8.9,0.18
5.8,5.8,4.0,9.0,0.178
5.8,5.8,4.1,9.1,0.176
5.8,5.8,4.2,9.2,0.148
5.8,5.8,4.3,9.3,0.158
5.8,5.8,4.4,9.4,0.15
5.8,5.8,4.5,9.5,0.144
5.8,5.8,4.6,9.6,0.144
5.8,5.8,4.7,9.7,0.098
5.8,5.8,4.8,9.8,0.14
5.8,5.8,4.9,9.9,0.11
5.8,5.8,5.0,10.0,0.094
5.8,5.8,5.1,10.1,0.104
5.8,5.8,5.2,10.2,0.082
5.8,5.8,5.3,10.3,0.112
5.8,5.8,5.4,10.4,0.126
5.8,5.8,5.5,10.5,0.108
5.8,5.8,5.6,10.6,0.132
5.8,5.8,5.7,10.7,0.062
5.8,5.8,5.8,10.8,0.118
5.8,5.8,5.9,10.9,0.122
5.8,5.8,6.0,11.0,0.09
5.8,5.8,6.1,11.1,0.11
5.8,5.8,6.2,11.2,0.11
5.8,5.8,6.3,11.3,0.1
5.8,5.8,6.4,11.4,0.09
5.8,5.8,6.5,11.5,0.1
5.8,5.8,6.6,11.6,0.102
5.8,5.8,6.7,11.7,0.116
5.8,5.8,6.8,11.8,0.096
5.8,5.8,6.9,11.9,0.122
5.8,5.8,7.0,12.0,0.1
5.8,5.8,7.1,12.1,0.118
5.8,5.8,7.2,12.2,0.082
5.8,5.8,7.3,12.3,0.116
5.8,5.8,7.4,12.4,0.11
5.8,5.8,7.5,12.5,0.09
5.8,5.8,7.6,12.6,0.078
5.8,5.8,7.7,12.7,0.094
5.8,5.8,7.8,12.8,0.074
5.8,5.8,7.9,12.9,0.108
5.8,5.8,8.0,13.0,0.076
5.8,5.8,8.1,13.1,0.086
5.8,5.8,8.2,13.2,0.068
5.8,5.8,8.3,13.3,0.074
5.8,5.8,8.4,13.4,0.06
5.8,5.8,8.5,13.5,0.056
5.8,5.8,8.6,13.6,0.07
5.8,5.8,8.7,13.7,0.072
5.8,5.8,8.8,13.8,0.092
5.8,5.8,8.9,13.9,0.062
5.8,5.8,9.0,14.0,0.058
5.8,5.8,9.1,14.1,0.046
5.8,5.8,9.2,14.2,0.054
5.8,5.8,9.3,14.3,0.072
5.8,5.8,9.4,14.4,0.064
5.8,5.8,9.5,14.5,0.044
5.8,5.8,9.6,14.6,0.066
5.8,5.8,9.7,14.7,0.044
5.8,5.8,9.8,14.8,0.072
5.8,5.8,9.9,14.9,0.058
5.8,5.8,10.0,15.0,0.048
5.8,5.8,10.1,15.1,0.052
5.8,5.8,10.2,15.2,0.058
5.8,5.8,10.3,15.3,0.046
5.8,5.8,10.4,15.4,0.068
5.8,5.8,10.5,15.5,0.046
5.8,5.8,10.6,15.6,0.04
5.8,5.8,10.7,15.7,0.044
5.8,5.8,10.8,15.8,0.052
5.8,5.8,10.9,15.9,0.072
5.8,5.8,11.0,16.0,0.054
5.8,5.8,11.1,16.1,0.038
5.8,5.8,11.2,16.2,0.052
5.8,5.8,11.3,16.3,0.062
5.8,5.8,11.4,16.4,0.036
5.8,5.8,11.5,16.5,0.072
5.8,5.8,11.6,16.6,0.06
5.8,5.8,11.7,16.7,0.05
5.8,5.8,11.8,16.8,0.052
5.8,5.8,11.9,16.9,0.042
5.8,5.8,12.0,17.0,0.046
5.8,5.8,12.1,17.1,0.056
5.8,5.8,12.2,17.2,0.056
5.8,5.8,12.3,17.3,0.026
5.8,5.8,12.4,17.4,0.04
5.8,5.8,12.5,17.5,0.05
5.8,5.8,12.6,17.6,0.072
5.8,5.8,12.7,17.7,0.048
5.8,5.8,12.8,17.8,0.048
5.8,5.8,12.9,17.9,0.046
5.8,5.8,13.0,18.0,0.048
5.8,5.8,13.1,18.1,0.04
5.8,5.8,13.2,18.2,0.06
5.8,5.8,13.3,18.3,0.06
5.8,5.8,13.4,18.4,0.036
5.8,5.8,13.5,18.5,0.062
5.8,5.8,13.6,18.6,0.032
5.8,5.8,13.7,18.7,0.05
5.8,5.8,13.8,18.8,0.058
5.8,5.8,13.9,18.9,0.034
5.8,5.8,14.0,19.0,0.054
5.8,5.8,14.1,19.1,0.05
5.8,5.8,14.2,19.2,0.04
5.8,5.8,14.3,19.3,0.038
5.8,5.8,14.4,19.4,0.046
5.8,5.8,14.5,19.5,0.058
5.8,5.8,14.6,19.6,0.054
5.8,5.8,14.7,19.7,0.058
5.8,5.8,14.8,19.8,0.064
5.8,5.8,14.9,19.9,0.06
5.8,5.8,15.0,20.0,0.066
5.9,5.9,0.0,5.0,0.916
5.9,5.9,0.1,5.1,0.916
5.9,5.9,0.2,5.2,0.916
5.9,5.9,0.3,5.3,0.912
5.9,5.9,0.4,5.4,0.912
5.9,5.9,0.5,5.5,0.908
5.9,5.9,0.6,5.6,0.916
5.9,5.9,0.7,5.7,0.91
5.9,5.9,0.8,5.8,0.912
5.9,5.9,0.9,5.9,0.902
5.9,5.9,1.0,6.0,0.902
5.9,5.9,1.1,6.1,0.86
5.9,5.9,1.2,6.2,0.878
5.9,5.9,1.3,6.3,0.864
5.9,5.9,1.4,6.4,0.866
5.9,5.9,1.5,6.5,0.858
5.9,5.9,1.6,6.6,0.842
5.9,5.9,1.7,6.7,0.792
5.9,5.9,1.8,6.8,0.788
5.9,5.9,1.9,6.9,0.774
5.9,5.9,2.0,7.0,0.8
5.9,5.9,2.1,7.1,0.776
5.9,5.9,2.2,7.2,0.714
5.9,5.9,2.3,7.3,0.654
5.9,5.9,2.4,7.4,0.676
5.9,5.9,2.5,7.5,0.61
5.9,5.9,2.6,7.6,0.57
5.9,5.9,2.7,7.7,0.512
5.9,5.9,2.8,7.8,0.544
5.9,5.9,2.9,7.9,0.46
5.9,5.9,3.0,8.0,0.4
5.9,5.9,3.1,8.1,0.38
5.9,5.9,3.2,8.2,0.358
5.9,5.9,3.3,8.3,0.358
5.9,5.9,3.4,8.4,0.242
5.9,5.9,3.5,8.5,0.292
5.9,5.9,3.6,8.6,0.254
5.9,5.9,3.7,8.7,0.204
5.9,5.9,3.8,8.8,0.182
5.9,5.9,3.9,8.9,0.182
5.9,5.9,4.0,9.0,0.2
5.9,5.9,4.1,9.1,0.178
5.9,5.9,4.2,9.2,0.162
5.9,5.9,4.3,9.3,0.156
5.9,5.9,4.4,9.4,0.128
5.9,5.9,4.5,9.5,0.146
5.9,5.9,4.6,9.6,0.148
5.9,5.9,4.7,9.7,0.122
5.9,5.9,4.8,9.8,0.146
5.9,5.9,4.9,9.9,0.096
5.9,5.9,5.0,10.0,0.144
5.9,5.9,5.1,10.1,0.124
5.9,5.9,5.2,10.2,0.104
5.9,5.9,5.3,10.3,0.102
5.9,5.9,5.4,10.4,0.11
5.9,5.9,5.5,10.5,0.114
5.9,5.9,5.6,10.6,0.112
5.9,5.9,5.7,10.7,0.104
5.9,5.9,5.8,10.8,0.09
5.9,5.9,5.9,10.9,0.092
5.9,5.9,6.0,11.0,0.122
5.9,5.9,6.1,11.1,0.126
5.9,5.9,6.2,11.2,0.116
5.9,5.9,6.3,11.3,0.122
5.9,5.9,6.4,11.4,0.122
5.9,5.9,6.5,11.5,0.1
5.9,5.9,6.6,11.6,0.106
5.9,5.9,6.7,11.7,0.088
5.9,5.9,6.8,11.8,0.104
5.9,5.9,6.9,11.9,0.098
5.9,5.9,7.0,12.0,0.1
5.9,5.9,7.1,12.1,0.08
5.9,5.9,7.2,12.2,0.098
5.9,5.9,7.3,12.3,0.096
5.9,5.9,7.4,12.4,0.078
5.9,5.9,7.5,12.5,0.086
5.9,5.9,7.6,12.6,0.072
5.9,5.9,7.7,12.7,0.102
5.9,5.9,7.8,12.8,0.082
5.9,5.9,7.9,12.9,0.08
5.9,5.9,8.0,13.0,0.074
5.9,5.9,8.1,13.1,0.078
5.9,5.9,8.2,13.2,0.084
5.9,5.9,8.3,13.3,0.078
5.9,5.9,8.4,13.4,0.066
5.9,5.9,8.5,13.5,0.056
5.9,5.9,8.6,13.6,0.054
5.9,5.9,8.7,13.7,0.08
5.9,5.9,8.8,13.8,0.062
5.9,5.9,8.9,13.9,0.068
5.9,5.9,9.0,14.0,0.054
5.9,5.9,9.1,14.1,0.064
5.9,5.9,9.2,14.2,0.046
5.9,5.9,9.3,14.3,0.026
5.9,5.9,9.4,14.4,0.07
5.9,5.9,9.5,14.5,0.052
5.9,5.9,9.6,14.6,0.048
5.9,5.9,9.7,14.7,0.046
5.9,5.9,9.8,14.8,0.07
5.9,5.9,9.9,14.9,0.04
5.9,5.9,10.0,15.0,0.066
5.9,5.9,10.1,15.1,0.048
5.9,5.9,10.2,15.2,0.034
5.9,5.9,10.3,15.3,0.052
5.9,5.9,10.4,15.4,0.044
5.9,5.9,10.5,15.5,0.058
5.9,5.9,10.6,15.6,0.044
5.9,5.9,10.7,15.7,0.062
5.9,5.9,10.8,15.8,0.054
5.9,5.9,10.9,15.9,0.054
5.9,5.9,11.0,16.0,0.048
5.9,5.9,11.1,16.1,0.062
5.9,5.9,11.2,16.2,0.038
5.9,5.9,11.3,16.3,0.062
5.9,5.9,11.4,16.4,0.048
5.9,5.9,11.5,16.5,0.048
5.9,5.9,11.6,16.6,0.048
5.9,5.9,11.7,16.7,0.04
5.9,5.9,11.8,16.8,0.06
5.9,5.9,11.9,16.9,0.07
5.9,5.9,12.0,17.0,0.048
5.9,5.9,12.1,17.1,0.048
5.9,5.9,12.2,17.2,0.056
5.9,5.9,12.3,17.3,0.05
5.9,5.9,12.4,17.4,0.042
5.9,5.9,12.5,17.5,0.052
5.9,5.9,12.6,17.6,0.04
5.9,5.9,12.7,17.7,0.058
5.9,5.9,12.8,17.8,0.058
5.9,5.9,12.9,17.9,0.064
5.9,5.9,13.0,18.0,0.036
5.9,5.9,13.1,18.1,0.044
5.9,5.9,13.2,18.2,0.052
5.9,5.9,13.3,18.3,0.042
5.9,5.9,13.4,18.4,0.05
5.9,5.9,13.5,18.5,0.02
5.9,5.9,13.6,18.6,0.058
5.9,5.9,13.7,18.7,0.044
5.9,5.9,13.8,18.8,0.05
5.9,5.9,13.9,18.9,0.054
5.9,5.9,14.0,19.0,0.048
5.9,5.9,14.1,19.1,0.06
5.9,5.9,14.2,19.2,0.062
5.9,5.9,14.3,19.3,0.052
5.9,5.9,14.4,19.4,0.04
5.9,5.9,14.5,19.5,0.044
5.9,5.9,14.6,19.6,0.054
5.9,5.9,14.7,19.7,0.062
5.9,5.9,14.8,19.8,0.036
5.9,5.9,14.9,19.9,0.062
5.9,5.9,15.0,20.0,0.06
6.0,6.0,0.0,5.0,0.912
6.0,6.0,0.1,5.1,0.924
6.0,6.0,0.2,5.2,0.902
6.0,6.0,0.3,5.3,0.94
6.0,6.0,0.4,5.4,0.918
6.0,6.0,0.5,5.5,0.918
6.0,6.0,0.6,5.6,0.91
6.0,6.0,0.7,5.7,0.922
6.0,6.0,0.8,5.8,0.924
6.0,6.0,0.9,5.9,0.884
6.0,6.0,1.0,6.0,0.91
6.0,6.0,1.1,6.1,0.864
6.0,6.0,1.2,6.2,0.862
6.0,6.0,1.3,6.3,0.874
6.0,6.0,1.4,6.4,0.894
6.0,6.0,1.5,6.5,0.864
6.0,6.0,1.6,6.6,0.856
6.0,6.0,1.7,6.7,0.83
6.0,6.0,1.8,6.8,0.868
6.0,6.0,1.9,6.9,0.774
6.0,6.0,2.0,7.0,0.782
6.0,6.0,2.1,7.1,0.746
6.0,6.0,2.2,7.2,0.76
6.0,6.0,2.3,7.3,0.72
6.0,6.0,2.4,7.4,0.658
6.0,6.0,2.5,7.5,0.654
6.0,6.0,2.6,7.6,0.622
6.0,6.0,2.7,7.7,0.548
6.0,6.0,2.8,7.8,0.54
6.0,6.0,2.9,7.9,0.498
6.0,6.0,3.0,8.0,0.48
6.0,6.0,3.1,8.1,0.384
6.0,6.0,3.2,8.2,0.412
6.0,6.0,3.3,8.3,0.346
6.0,6.0,3.4,8.4,0.334
6.0,6.0,3.5,8.5,0.282
6.0,6.0,3.6,8.6,0.246
6.0,6.0,3.7,8.7,0.25
6.0,6.0,3.8,8.8,0.222
6.0,6.0,3.9,8.9,0.202
6.0,6.0,4.0,9.0,0.192
6.0,6.0,4.1,9.1,0.166
6.0,6.0,4.2,9.2,0.174
6.0,6.0,4.3,9.3,0.162
6.0,6.0,4.4,9.4,0.146
6.0,6.0,4.5,9.5,0.176
6.0,6.0,4.6,9.6,0.136
6.0,6.0,4.7,9.7,0.13
6.0,6.0,4.8,9.8,0.134
6.0,6.0,4.9,9.9,0.122
6.0,6.0,5.0,10.0,0.146
6.0,6.0,5.1,10.1,0.136
6.0,6.0,5.2,10.2,0.12
6.0,6.0,5.3,10.3,0.102
6.0,6.0,5.4,10.4,0.12
6.0,6.0,5.5,10.5,0.116
6.0,6.0,5.6,10.6,0.126
6.0,6.0,5.7,10.7,0.1
6.0,6.0,5.8,10.8,0.126
6.0,6.0,5.9,10.9,0.12
6.0,6.0,6.0,11.0,0.096
6.0,6.0,6.1,11.1,0.112
6.0,6.0,6.2,11.2,0.124
6.0,6.0,6.3,11.3,0.086
6.0,6.0,6.4,11.4,0.098
6.0,6.0,6.5,11.5,0.1
6.0,6.0,6.6,11.6,0.102
6.0,6.0,6.7,11.7,0.156
6.0,6.0,6.8,11.8,0.092
6.0,6.0,6.9,11.9,0.104
6.0,6.0,7.0,12.0,0.082
6.0,6.0,7.1,12.1,0.09
6.0,6.0,7.2,12.2,0.088
6.0,6.0,7.3,12.3,0.102
6.0,6.0,7.4,12.4,0.112
6.0,6.0,7.5,12.5,0.086
6.0,6.0,7.6,12.6,0.078
6.0,6.0,7.7,12.7,0.104
6.0,6.0,7.8,12.8,0.102
6.0,6.0,7.9,12.9,0.056
6.0,6.0,8.0,13.0,0.084
6.0,6.0,8.1,13.1,0.074
6.0,6.0,8.2,13.2,0.076
6.0,6.0,8.3,13.3,0.078
6.0,6.0,8.4,13.4,0.086
6.0,6.0,8.5,13.5,0.078
6.0,6.0,8.6,13.6,0.098
6.0,6.0,8.7,13.7,0.076
6.0,6.0,8.8,13.8,0.058
6.0,6.0,8.9,13.9,0.08
6.0,6.0,9.0,14.0,0.058
6.0,6.0,9.1,14.1,0.056
6.0,6.0,9.2,14.2,0.064
6.0,6.0,9.3,14.3,0.068
6.0,6.0,9.4,14.4,0.044
6.0,6.0,9.5,14.5,0.072
6.0,6.0,9.6,14.6,0.052
6.0,6.0,9.7,14.7,0.086
6.0,6.0,9.8,14.8,0.066
6.0,6.0,9.9,14.9,0.056
6.0,6.0,10.0,15.0,0.054
6.0,6.0,10.1,15.1,0.056
6.0,6.0,10.2,15.2,0.062
6.0,6.0,10.3,15.3,0.048
6.0,6.0,10.4,15.4,0.054
6.0,6.0,10.5,15.5,0.052
6.0,6.0,10.6,15.6,0.058
6.0,6.0,10.7,15.7,0.066
6.0,6.0,10.8,15.8,0.048
6.0,6.0,10.9,15.9,0.038
6.0,6.0,11.0,16.0,0.046
6.0,6.0,11.1,16.1,0.052
6.0,6.0,11.2,16.2,0.042
6.0,6.0,11.3,16.3,0.048
6.0,6.0,11.4,16.4,0.054
6.0,6.0,11.5,16.5,0.058
6.0,6.0,11.6,16.6,0.06
6.0,6.0,11.7,16.7,0.062
6.0,6.0,11.8,16.8,0.044
6.0,6.0,11.9,16.9,0.062
6.0,6.0,12.0,17.0,0.064
6.0,6.0,12.1,17.1,0.044
6.0,6.0,12.2,17.2,0.046
6.0,6.0,12.3,17.3,0.084
6.0,6.0,12.4,17.4,0.06
6.0,6.0,12.5,17.5,0.058
6.0,6.0,12.6,17.6,0.036
6.0,6.0,12.7,17.7,0.07
6.0,6.0,12.8,17.8,0.05
6.0,6.0,12.9,17.9,0.058
6.0,6.0,13.0,18.0,0.044
6.0,6.0,13.1,18.1,0.06
6.0,6.0,13.2,18.2,0.072
6.0,6.0,13.3,18.3,0.05
6.0,6.0,13.4,18.4,0.052
6.0,6.0,13.5,18.5,0.046
6.0,6.0,13.6,18.6,0.062
6.0,6.0,13.7,18.7,0.054
6.0,6.0,13.8,18.8,0.06
6.0,6.0,13.9,18.9,0.07
6.0,6.0,14.0,19.0,0.036
6.0,6.0,14.1,19.1,0.04
6.0,6.0,14.2,19.2,0.062
6.0,6.0,14.3,19.3,0.048
6.0,6.0,14.4,19.4,0.044
6.0,6.0,14.5,19.5,0.06
6.0,6.0,14.6,19.6,0.05
6.0,6.0,14.7,19.7,0.042
6.0,6.0,14.8,19.8,0.052
6.0,6.0,14.9,19.9,0.056
6.0,6.0,15.0,20.0,0.054
6.1,6.1,0.0,5.0,0.912
6.1,6.1,0.1,5.1,0.908
6.1,6.1,0.2,5.2,0.9
6.1,6.1,0.3,5.3,0.912
6.1,6.1,0.4,5.4,0.916
6.1,6.1,0.5,5.5,0.932
6.1,6.1,0.6,5.6,0.916
6.1,6.1,0.7,5.7,0.904
6.1,6.1,0.8,5.8,0.906
6.1,6.1,0.9,5.9,0.89
6.1,6.1,1.0,6.0,0.9
6.1,6.1,1.1,6.1,0.91
6.1,6.1,1.2,6.2,0.882
6.1,6.1,1.3,6.3,0.87
6.1,6.1,1.4,6.4,0.884
6.1,6.1,1.5,6.5,0.844
6.1,6.1,1.6,6.6,0.846
6.1,6.1,1.7,6.7,0.876
6.1,6.1,1.8,6.8,0.83
6.1,6.1,1.9,6.9,0.836
6.1,6.1,2.0,7.0,0.818
6.1,6.1,2.1,7.1,0.816
6.1,6.1,2.2,7.2,0.786
6.1,6.1,2.3,7.3,0.768
6.1,6.1,2.4,7.4,0.742
6.1,6.1,2.5,7.5,0.668
6.1,6.1,2.6,7.6,0.668
6.1,6.1,2.7,7.7,0.648
6.1,6.1,2.8,7.8,0.576
6.1,6.1,2.9,7.9,0.532
6.1,6.1,3.0,8.0,0.508
6.1,6.1,3.1,8.1,0.478
6.1,6.1,3.2,8.2,0.424
6.1,6.1,3.3,8.3,0.382
6.1,6.1,3.4,8.4,0.386
6.1,6.1,3.5,8.5,0.298
6.1,6.1,3.6,8.6,0.264
6.1,6.1,3.7,8.7,0.278
6.1,6.1,3.8,8.8,0.222
6.1,6.1,3.9,8.9,0.222
6.1,6.1,4.0,9.0,0.22
6.1,6.1,4.1,9.1,0.174
6.1,6.1,4.2,9.2,0.178
6.1,6.1,4.3,9.3,0.174
6.1,6.1,4.4,9.4,0.152
6.1,6.1,4.5,9.5,0.162
6.1,6.1,4.6,9.6,0.124
6.1,6.1,4.7,9.7,0.136
6.1,6.1,4.8,9.8,0.128
6.1,6.1,4.9,9.9,0.122
6.1,6.1,5.0,10.0,0.126
6.1,6.1,5.1,10.1,0.108
6.1,6.1,5.2,10.2,0.118
6.1,6.1,5.3,10.3,0.118
6.1,6.1,5.4,10.4,0.098
6.1,6.1,5.5,10.5,0.134
6.1,6.1,5.6,10.6,0.12
6.1,6.1,5.7,10.7,0.112
6.1,6.1,5.8,10.8,0.108
6.1,6.1,5.9,10.9,0.126
6.1,6.1,6.0,11.0,0.096
6.1,6.1,6.1,11.1,0.09
6.1,6.1,6.2,11.2,0.102
6.1,6.1,6.3,11.3,0.094
6.1,6.1,6.4,11.4,0.098
6.1,6.1,6.5,11.5,0.118
6.1,6.1,6.6,11.6,0.084
6.1,6.1,6.7,11.7,0.122
6.1,6.1,6.8,11.8,0.096
6.1,6.1,6.9,11.9,0.086
6.1,6.1,7.0,12.0,0.114
6.1,6.1,7.1,12.1,0.106
6.1,6.1,7.2,12.2,0.11
6.1,6.1,7.3,12.3,0.12
6.1,6.1,7.4,12.4,0.08
6.1,6.1,7.5,12.5,0.084
6.1,6.1,7.6,12.6,0.104
6.1,6.1,7.7,12.7,0.092
6.1,6.1,7.8,12.8,0.082
6.1,6.1,7.9,12.9,0.088
6.1,6.1,8.0,13.0,0.084
6.1,6.1,8.1,13.1,0.088
6.1,6.1,8.2,13.2,0.088
6.1,6.1,8.3,13.3,0.082
6.1,6.1,8.4,13.4,0.064
6.1,6.1,8.5,13.5,0.094
6.1,6.1,8.6,13.6,0.074
6.1,6.1,8.7,13.7,0.076
6.1,6.1,8.8,13.8,0.076
6.1,6.1,8.9,13.9,0.058
6.1,6.1,9.0,14.0,0.048
6.1,6.1,9.1,14.1,0.066
6.1,6.1,9.2,14.2,0.058
6.1,6.1,9.3,14.3,0.066
6.1,6.1,9.4,14.4,0.052
6.1,6.1,9.5,14.5,0.054
6.1,6.1,9.6,14.6,0.06
6.1,6.1,9.7,14.7,0.046
6.1,6.1,9.8,14.8,0.058
6.1,6.1,9.9,14.9,0.056
6.1,6.1,10.0,15.0,0.058
6.1,6.1,10.1,15.1,0.05
6.1,6.1,10.2,15.2,0.062
6.1,6.1,10.3,15.3,0.066
6.1,6.1,10.4,15.4,0.048
6.1,6.1,10.5,15.5,0.034
6.1,6.1,10.6,15.6,0.042
6.1,6.1,10.7,15.7,0.05
6.1,6.1,10.8,15.8,0.048
6.1,6.1,10.9,15.9,0.058
6.1,6.1,11.0,16.0,0.038
6.1,6.1,11.1,16.1,0.058
6.1,6.1,11.2,16.2,0.074
6.1,6.1,11.3,16.3,0.056
6.1,6.1,11.4,16.4,0.044
6.1,6.1,11.5,16.5,0.052
6.1,6.1,11.6,16.6,0.058
6.1,6.1,11.7,16.7,0.066
6.1,6.1,11.8,16.8,0.032
6.1,6.1,11.9,16.9,0.066
6.1,6.1,12.0,17.0,0.028
6.1,6.1,12.1,17.1,0.034
6.1,6.1,12.2,17.2,0.034
6.1,6.1,12.3,17.3,0.048
6.1,6.1,12.4,17.4,0.06
6.1,6.1,12.5,17.5,0.052
6.1,6.1,12.6,17.6,0.06
6.1,6.1,12.7,17.7,0.064
6.1,6.1,12.8,17.8,0.038
6.1,6.1,12.9,17.9,0.052
6.1,6.1,13.0,18.0,0.054
6.1,6.1,13.1,18.1,0.054
6.1,6.1,13.2,18.2,0.036
6.1,6.1,13.3,18.3,0.064
6.1,6.1,13.4,18.4,0.052
6.1,6.1,13.5,18.5,0.04
6.1,6.1,13.6,18.6,0.042
6.1,6.1,13.7,18.7,0.04
6.1,6.1,13.8,18.8,0.046
6.1,6.1,13.9,18.9,0.038
6.1,6.1,14.0,19.0,0.054
6.1,6.1,14.1,19.1,0.052
6.1,6.1,14.2,19.2,0.048
6.1,6.1,14.3,19.3,0.054
6.1,6.1,14.4,19.4,0.048
6.1,6.1,14.5,19.5,0.048
6.1,6.1,14.6,19.6,0.05
6.1,6.1,14.7,19.7,0.044
6.1,6.1,14.8,19.8,0.03
6.1,6.1,14.9,19.9,0.062
6.1,6.1,15.0,20.0,0.048
6.2,6.2,0.0,5.0,0.926
6.2,6.2,0.1,5.1,0.902
6.2,6.2,0.2,5.2,0.92
6.2,6.2,0.3,5.3,0.922
6.2,6.2,0.4,5.4,0.924
6.2,6.2,0.5,5.5,0.908
6.2,6.2,0.6,5.6,0.928
6.2,6.2,0.7,5.7,0.928
6.2,6.2,0.8,5.8,0.926
6.2,6.2,0.9,5.9,0.934
6.2,6.2,1.0,6.0,0.902
6.2,6.2,1.1,6.1,0.914
6.2,6.2,1.2,6.2,0.878
6.2,6.2,1.3,6.3,0.882
6.2,6.2,1.4,6.4,0.876
6.2,6.2,1.5,6.5,0.88
6.2,6.2,1.6,6.6,0.85
6.2,6.2,1.7,6.7,0.87
6.2,6.2,1.8,6.8,0.858
6.2,6.2,1.9,6.9,0.846
6.2,6.2,2.0,7.0,0.812
6.2,6.2,2.1,7.1,0.794
6.2,6.2,2.2,7.2,0.778
6.2,6.2,2.3,7.3,0.764
6.2,6.2,2.4,7.4,0.734
6.2,6.2,2.5,7.5,0.744
6.2,6.2,2.6,7.6,0.704
6.2,6.2,2.7,7.7,0.628
6.2,6.2,2.8,7.8,0.574
6.2,6.2,2.9,7.9,0.554
6.2,6.2,3.0,8.0,0.5
6.2,6.2,3.1,8.1,0.47
6.2,6.2,3.2,8.2,0.444
6.2,6.2,3.3,8.3,0.378
6.2,6.2,3.4,8.4,0.418
6.2,6.2,3.5,8.5,0.272
6.2,6.2,3.6,8.6,0.324
6.2,6.2,3.7,8.7,0.306
6.2,6.2,3.8,8.8,0.29
6.2,6.2,3.9,8.9,0.242
6.2,6.2,4.0,9.0,0.252
6.2,6.2,4.1,9.1,0.184
6.2,6.2,4.2,9.2,0.192
6.2,6.2,4.3,9.3,0.172
6.2,6.2,4.4,9.4,0.168
6.2,6.2,4.5,9.5,0.156
6.2,6.2,4.6,9.6,0.14
6.2,6.2,4.7,9.7,0.166
6.2,6.2,4.8,9.8,0.15
6.2,6.2,4.9,9.9,0.106
6.2,6.2,5.0,10.0,0.122
6.2,6.2,5.1,10.1,0.152
6.2,6.2,5.2,10.2,0.142
6.2,6.2,5.3,10.3,0.114
6.2,6.2,5.4,10.4,0.12
6.2,6.2,5.5,10.5,0.138
6.2,6.2,5.6,10.6,0.1
6.2,6.2,5.7,10.7,0.1
6.2,6.2,5.8,10.8,0.118
6.2,6.2,5.9,10.9,0.108
6.2,6.2,6.0,11.0,0.138
6.2,6.2,6.1,11.1,0.1
6.2,6.2,6.2,11.2,0.106
6.2,6.2,6.3,11.3,0.118
6.2,6.2,6.4,11.4,0.122
6.2,6.2,6.5,11.5,0.108
6.2,6.2,6.6,11.6,0.112
6.2,6.2,6.7,11.7,0.092
6.2,6.2,6.8,11.8,0.102
6.2,6.2,6.9,11.9,0.1
6.2,6.2,7.0,12.0,0.104
6.2,6.2,7.1,12.1,0.104
6.2,6.2,7.2,12.2,0.114
6.2,6.2,7.3,12.3,0.114
6.2,6.2,7.4,12.4,0.084
6.2,6.2,7.5,12.5,0.106
6.2,6.2,7.6,12.6,0.124
6.2,6.2,7.7,12.7,0.096
6.2,6.2,7.8,12.8,0.09
6.2,6.2,7.9,12.9,0.102
6.2,6.2,8.0,13.0,0.09
6.2,6.2,8.1,13.1,0.094
6.2,6.2,8.2,13.2,0.094
6.2,6.2,8.3,13.3,0.066
6.2,6.2,8.4,13.4,0.056
6.2,6.2,8.5,13.5,0.056
6.2,6.2,8.6,13.6,0.094
6.2,6.2,8.7,13.7,0.066
6.2,6.2,8.8,13.8,0.074
6.2,6.2,8.9,13.9,0.074
6.2,6.2,9.0,14.0,0.082
6.2,6.2,9.1,14.1,0.052
6.2,6.2,9.2,14.2,0.042
6.2,6.2,9.3,14.3,0.05
6.2,6.2,9.4,14.4,0.082
6.2,6.2,9.5,14.5,0.064
6.2,6.2,9.6,14.6,0.05
6.2,6.2,9.7,14.7,0.06
6.2,6.2,9.8,14.8,0.062
6.2,6.2,9.9,14.9,0.048
6.2,6.2,10.0,15.0,0.058
6.2,6.2,10.1,15.1,0.05
6.2,6.2,10.2,15.2,0.068
6.2,6.2,10.3,15.3,0.046
6.2,6.2,10.4,15.4,0.036
6.2,6.2,10.5,15.5,0.058
6.2,6.2,10.6,15.6,0.056
6.2,6.2,10.7,15.7,0.04
6.2,6.2,10.8,15.8,0.042
6.2,6.2,10.9,15.9,0.06
6.2,6.2,11.0,16.0,0.058
6.2,6.2,11.1,16.1,0.04
6.2,6.2,11.2,16.2,0.05
6.2,6.2,11.3,16.3,0.058
6.2,6.2,11.4,16.4,0.048
6.2,6.2,11.5,16.5,0.06
6.2,6.2,11.6,16.6,0.058
6.2,6.2,11.7,16.7,0.078
6.2,6.2,11.8,16.8,0.064
6.2,6.2,11.9,16.9,0.036
6.2,6.2,12.0,17.0,0.042
6.2,6.2,12.1,17.1,0.04
6.2,6.2,12.2,17.2,0.062
6.2,6.2,12.3,17.3,0.048
6.2,6.2,12.4,17.4,0.07
6.2,6.2,12.5,17.5,0.036
6.2,6.2,12.6,17.6,0.052
6.2,6.2,12.7,17.7,0.048
6.2,6.2,12.8,17.8,0.054
6.2,6.2,12.9,17.9,0.054
6.2,6.2,13.0,18.0,0.068
6.2,6.2,13.1,18.1,0.048
6.2,6.2,13.2,18.2,0.066
6.2,6.2,13.3,18.3,0.064
6.2,6.2,13.4,18.4,0.046
6.2,6.2,13.5,18.5,0.042
6.2,6.2,13.6,18.6,0.054
6.2,6.2,13.7,18.7,0.06
6.2,6.2,13.8,18.8,0.048
6.2,6.2,13.9,18.9,0.048
6.2,6.2,14.0,19.0,0.048
6.2,6.2,14.1,19.1,0.058
6.2,6.2,14.2,19.2,0.036
6.2,6.2,14.3,19.3,0.046
6.2,6.2,14.4,19.4,0.044
6.2,6.2,14.5,19.5,0.044
6.2,6.2,14.6,19.6,0.066
6.2,6.2,14.7,19.7,0.054
6.2,6.2,14.8,19.8,0.048
6.2,6.2,14.9,19.9,0.032
6.2,6.2,15.0,20.0,0.058
6.3,6.3,0.0,5.0,0.914
6.3,6.3,0.1,5.1,0.932
6.3,6.3,0.2,5.2,0.91
6.3,6.3,0.3,5.3,0.93
6.3,6.3,0.4,5.4,0.902
6.3,6.3,0.5,5.5,0.932
6.3,6.3,0.6,5.6,0.926
6.3,6.3,0.7,5.7,0.916
6.3,6.3,0.8,5.8,0.928
6.3,6.3,0.9,5.9,0.892
6.3,6.3,1.0,6.0,0.904
6.3,6.3,1.1,6.1,0.918
6.3,6.3,1.2,6.2,0.892
6.3,6.3,1.3,6.3,0.888
6.3,6.3,1.4,6.4,0.9
6.3,6.3,1.5,6.5,0.89
6.3,6.3,1.6,6.6,0.89
6.3,6.3,1.7,6.7,0.888
6.3,6.3,1.8,6.8,0.858
6.3,6.3,1.9,6.9,0.812
6.3,6.3,2.0,7.0,0.842
6.3,6.3,2.1,7.1,0.844
6.3,6.3,2.2,7.2,0.812
6.3,6.3,2.3,7.3,0.78
6.3,6.3,2.4,7.4,0.788
6.3,6.3,2.5,7.5,0.75
6.3,6.3,2.6,7.6,0.702
6.3,6.3,2.7,7.7,0.71
6.3,6.3,2.8,7.8,0.688
6.3,6.3,2.9,7.9,0.616
6.3,6.3,3.0,8.0,0.61
6.3,6.3,3.1,8.1,0.516
6.3,6.3,3.2,8.2,0.56
6.3,6.3,3.3,8.3,0.488
6.3,6.3,3.4,8.4,0.42
6.3,6.3,3.5,8.5,0.366
6.3,6.3,3.6,8.6,0.372
6.3,6.3,3.7,8.7,0.344
6.3,6.3,3.8,8.8,0.27
6.3,6.3,3.9,8.9,0.268
6.3,6.3,4.0,9.0,0.266
6.3,6.3,4.1,9.1,0.194
6.3,6.3,4.2,9.2,0.226
6.3,6.3,4.3,9.3,0.186
6.3,6.3,4.4,9.4,0.17
6.3,6.3,4.5,9.5,0.184
6.3,6.3,4.6,9.6,0.184
6.3,6.3,4.7,9.7,0.122
6.3,6.3,4.8,9.8,0.124
6.3,6.3,4.9,9.9,0.15
6.3,6.3,5.0,10.0,0.126
6.3,6.3,5.1,10.1,0.104
6.3,6.3,5.2,10.2,0.114
6.3,6.3,5.3,10.3,0.14
6.3,6.3,5.4,10.4,0.148
6.3,6.3,5.5,10.5,0.114
6.3,6.3,5.6,10.6,0.104
6.3,6.3,5.7,10.7,0.118
6.3,6.3,5.8,10.8,0.076
6.3,6.3,5.9,10.9,0.128
6.3,6.3,6.0,11.0,0.116
6.3,6.3,6.1,11.1,0.114
6.3,6.3,6.2,11.2,0.102
6.3,6.3,6.3,11.3,0.114
6.3,6.3,6.4,11.4,0.096
6.3,6.3,6.5,11.5,0.102
6.3,6.3,6.6,11.6,0.114
6.3,6.3,6.7,11.7,0.114
6.3,6.3,6.8,11.8,0.128
6.3,6.3,6.9,11.9,0.102
6.3,6.3,7.0,12.0,0.106
6.3,6.3,7.1,12.1,0.104
6.3,6.3,7.2,12.2,0.094
6.3,6.3,7.3,12.3,0.128
6.3,6.3,7.4,12.4,0.086
6.3,6.3,7.5,12.5,0.108
6.3,6.3,7.6,12.6,0.084
6.3,6.3,7.7,12.7,0.098
6.3,6.3,7.8,12.8,0.1
6.3,6.3,7.9,12.9,0.096
6.3,6.3,8.0,13.0,0.102
6.3,6.3,8.1,13.1,0.098
6.3,6.3,8.2,13.2,0.078
6.3,6.3,8.3,13.3,0.094
6.3,6.3,8.4,13.4,0.076
6.3,6.3,8.5,13.5,0.096
6.3,6.3,8.6,13.6,0.07
6.3,6.3,8.7,13.7,0.088
6.3,6.3,8.8,13.8,0.092
6.3,6.3,8.9,13.9,0.062
6.3,6.3,9.0,14.0,0.076
6.3,6.3,9.1,14.1,0.064
6.3,6.3,9.2,14.2,0.056
6.3,6.3,9.3,14.3,0.058
6.3,6.3,9.4,14.4,0.062
6.3,6.3,9.5,14.5,0.07
6.3,6.3,9.6,14.6,0.066
6.3,6.3,9.7,14.7,0.07
6.3,6.3,9.8,14.8,0.052
6.3,6.3,9.9,14.9,0.052
6.3,6.3,10.0,15.0,0.038
6.3,6.3,10.1,15.1,0.038
6.3,6.3,10.2,15.2,0.044
6.3,6.3,10.3,15.3,0.026
6.3,6.3,10.4,15.4,0.068
6.3,6.3,10.5,15.5,0.048
6.3,6.3,10.6,15.6,0.048
6.3,6.3,10.7,15.7,0.066
6.3,6.3,10.8,15.8,0.05
6.3,6.3,10.9,15.9,0.042
6.3,6.3,11.0,16.0,0.04
6.3,6.3,11.1,16.1,0.048
6.3,6.3,11.2,16.2,0.046
6.3,6.3,11.3,16.3,0.038
6.3,6.3,11.4,16.4,0.056
6.3,6.3,11.5,16.5,0.052
6.3,6.3,11.6,16.6,0.056
6.3,6.3,11.7,16.7,0.038
6.3,6.3,11.8,16.8,0.066
6.3,6.3,11.9,16.9,0.062
6.3,6.3,12.0,17.0,0.052
6.3,6.3,12.1,17.1,0.056
6.3,6.3,12.2,17.2,0.028
6.3,6.3,12.3,17.3,0.062
6.3,6.3,12.4,17.4,0.064
6.3,6.3,12.5,17.5,0.038
6.3,6.3,12.6,17.6,0.046
6.3,6.3,12.7,17.7,0.034
6.3,6.3,12.8,17.8,0.044
6.3,6.3,12.9,17.9,0.058
6.3,6.3,13.0,18.0,0.044
6.3,6.3,13.1,18.1,0.042
6.3,6.3,13.2,18.2,0.032
6.3,6.3,13.3,18.3,0.048
6.3,6.3,13.4,18.4,0.04
6.3,6.3,13.5,18.5,0.058
6.3,6.3,13.6,18.6,0.064
6.3,6.3,13.7,18.7,0.042
6.3,6.3,13.8,18.8,0.07
6.3,6.3,13.9,18.9,0.08
6.3,6.3,14.0,19.0,0.05
6.3,6.3,14.1,19.1,0.064
6.3,6.3,14.2,19.2,0.038
6.3,6.3,14.3,19.3,0.046
6.3,6.3,14.4,19.4,0.04
6.3,6.3,14.5,19.5,0.052
6.3,6.3,14.6,19.6,0.038
6.3,6.3,14.7,19.7,0.056
6.3,6.3,14.8,19.8,0.064
6.3,6.3,14.9,19.9,0.04
6.3,6.3,15.0,20.0,0.042
6.4,6.4,0.0,5.0,0.924
6.4,6.4,0.1,5.1,0.904
6.4,6.4,0.2,5.2,0.928
6.4,6.4,0.3,5.3,0.928
6.4,6.4,0.4,5.4,0.92
6.4,6.4,0.5,5.5,0.93
6.4,6.4,0.6,5.6,0.92
6.4,6.4,0.7,5.7,0.906
6.4,6.4,0.8,5.8,0.924
6.4,6.4,0.9,5.9,0.908
6.4,6.4,1.0,6.0,0.894
6.4,6.4,1.1,6.1,0.894
6.4,6.4,1.2,6.2,0.918
6.4,6.4,1.3,6.3,0.906
6.4,6.4,1.4,6.4,0.9
6.4,6.4,1.5,6.5,0.87
6.4,6.4,1.6,6.6,0.88
6.4,6.4,1.7,6.7,0.89
6.4,6.4,1.8,6.8,0.85
6.4,6.4,1.9,6.9,0.874
6.4,6.4,2.0,7.0,0.858
6.4,6.4,2.1,7.1,0.842
6.4,6.4,2.2,7.2,0.82
6.4,6.4,2.3,7.3,0.804
6.4,6.4,2.4,7.4,0.766
6.4,6.4,2.5,7.5,0.714
6.4,6.4,2.6,7.6,0.73
6.4,6.4,2.7,7.7,0.694
6.4,6.4,2.8,7.8,0.686
6.4,6.4,2.9,7.9,0.656
6.4,6.4,3.0,8.0,0.606
6.4,6.4,3.1,8.1,0.584
6.4,6.4,3.2,8.2,0.546
6.4,6.4,3.3,8.3,0.556
6.4,6.4,3.4,8.4,0.45
6.4,6.4,3.5,8.5,0.432
6.4,6.4,3.6,8.6,0.366
6.4,6.4,3.7,8.7,0.372
6.4,6.4,3.8,8.8,0.322
6.4,6.4,3.9,8.9,0.294
6.4,6.4,4.0,9.0,0.234
6.4,6.4,4.1,9.1,0.252
6.4,6.4,4.2,9.2,0.222
6.4,6.4,4.3,9.3,0.208
6.4,6.4,4.4,9.4,0.184
6.4,6.4,4.5,9.5,0.208
6.4,6.4,4.6,9.6,0.172
6.4,6.4,4.7,9.7,0.168
6.4,6.4,4.8,9.8,0.154
6.4,6.4,4.9,9.9,0.182
6.4,6.4,5.0,10.0,0.128
6.4,6.4,5.1,10.1,0.156
6.4,6.4,5.2,10.2,0.134
6.4,6.4,5.3,10.3,0.102
6.4,6.4,5.4,10.4,0.092
6.4,6.4,5.5,10.5,0.14
6.4,6.4,5.6,10.6,0.126
6.4,6.4,5.7,10.7,0.124
6.4,6.4,5.8,10.8,0.102
6.4,6.4,5.9,10.9,0.102
6.4,6.4,6.0,11.0,0.14
6.4,6.4,6.1,11.1,0.118
6.4,6.4,6.2,11.2,0.1
6.4,6.4,6.3,11.3,0.108
6.4,6.4,6.4,11.4,0.122
6.4,6.4,6.5,11.5,0.098
6.4,6.4,6.6,11.6,0.102
6.4,6.4,6.7,11.7,0.102
6.4,6.4,6.8,11.8,0.114
6.4,6.4,6.9,11.9,0.086
6.4,6.4,7.0,12.0,0.112
6.4,6.4,7.1,12.1,0.104
6.4,6.4,7.2,12.2,0.102
6.4,6.4,7.3,12.3,0.084
6.4,6.4,7.4,12.4,0.096
6.4,6.4,7.5,12.5,0.096
6.4,6.4,7.6,12.6,0.09
6.4,6.4,7.7,12.7,0.104
6.4,6.4,7.8,12.8,0.08
6.4,6.4,7.9,12.9,0.104
6.4,6.4,8.0,13.0,0.094
6.4,6.4,8.1,13.1,0.084
6.4,6.4,8.2,13.2,0.07
6.4,6.4,8.3,13.3,0.08
6.4,6.4,8.4,13.4,0.082
6.4,6.4,8.5,13.5,0.066
6.4,6.4,8.6,13.6,0.08
6.4,6.4,8.7,13.7,0.098
6.4,6.4,8.8,13.8,0.066
6.4,6.4,8.9,13.9,0.082
6.4,6.4,9.0,14.0,0.064
6.4,6.4,9.1,14.1,0.052
6.4,6.4,9.2,14.2,0.068
6.4,6.4,9.3,14.3,0.08
6.4,6.4,9.4,14.4,0.07
6.4,6.4,9.5,14.5,0.068
6.4,6.4,9.6,14.6,0.07
6.4,6.4,9.7,14.7,0.068
6.4,6.4,9.8,14.8,0.042
6.4,6.4,9.9,14.9,0.056
6.4,6.4,10.0,15.0,0.062
6.4,6.4,10.1,15.1,0.062
6.4,6.4,10.2,15.2,0.048
6.4,6.4,10.3,15.3,0.038
6.4,6.4,10.4,15.4,0.046
6.4,6.4,10.5,15.5,0.054
6.4,6.4,10.6,15.6,0.044
6.4,6.4,10.7,15.7,0.052
6.4,6.4,10.8,15.8,0.054
6.4,6.4,10.9,15.9,0.042
6.4,6.4,11.0,16.0,0.044
6.4,6.4,11.1,16.1,0.042
6.4,6.4,11.2,16.2,0.072
6.4,6.4,11.3,16.3,0.04
6.4,6.4,11.4,16.4,0.034
6.4,6.4,11.5,16.5,0.054
6.4,6.4,11.6,16.6,0.078
6.4,6.4,11.7,16.7,0.052
6.4,6.4,11.8,16.8,0.042
6.4,6.4,11.9,16.9,0.062
6.4,6.4,12.0,17.0,0.056
6.4,6.4,12.1,17.1,0.038
6.4,6.4,12.2,17.2,0.044
6.4,6.4,12.3,17.3,0.048
6.4,6.4,12.4,17.4,0.054
6.4,6.4,12.5,17.5,0.05
6.4,6.4,12.6,17.6,0.056
6.4,6.4,12.7,17.7,0.052
6.4,6.4,12.8,17.8,0.04
6.4,6.4,12.9,17.9,0.058
6.4,6.4,13.0,18.0,0.064
6.4,6.4,13.1,18.1,0.046
6.4,6.4,13.2,18.2,0.052
6.4,6.4,13.3,18.3,0.064
6.4,6.4,13.4,18.4,0.034
6.4,6.4,13.5,18.5,0.048
6.4,6.4,13.6,18.6,0.052
6.4,6.4,13.7,18.7,0.056
6.4,6.4,13.8,18.8,0.054
6.4,6.4,13.9,18.9,0.064
6.4,6.4,14.0,19.0,0.052
6.4,6.4,14.1,19.1,0.05
6.4,6.4,14.2,19.2,0.046
6.4,6.4,14.3,19.3,0.05
6.4,6.4,14.4,19.4,0.03
6.4,6.4,14.5,19.5,0.05
6.4,6.4,14.6,19.6,0.058
6.4,6.4,14.7,19.7,0.04
6.4,6.4,14.8,19.8,0.056
6.4,6.4,14.9,19.9,0.044
6.4,6.4,15.0,20.0,0.042
6.5,6.5,0.0,5.0,0.918
6.5,6.5,0.1,5.1,0.92
6.5,6.5,0.2,5.2,0.926
6.5,6.5,0.3,5.3,0.914
6.5,6.5,0.4,5.4,0.936
6.5,6.5,0.5,5.5,0.93
6.5,6.5,0.6,5.6,0.928
6.5,6.5,0.7,5.7,0.922
6.5,6.5,0.8,5.8,0.914
6.5,6.5,0.9,5.9,0.918
6.5,6.5,1.0,6.0,0.924
6.5,6.5,1.1,6.1,0.918
6.5,6.5,1.2,6.2,0.916
6.5,6.5,1.3,6.3,0.924
6.5,6.5,1.4,6.4,0.882
6.5,6.5,1.5,6.5,0.892
6.5,6.5,1.6,6.6,0.908
6.5,6.5,1.7,6.7,0.888
6.5,6.5,1.8,6.8,0.898
6.5,6.5,1.9,6.9,0.888
6.5,6.5,2.0,7.0,0.848
6.5,6.5,2.1,7.1,0.86
6.5,6.5,2.2,7.2,0.844
6.5,6.5,2.3,7.3,0.814
6.5,6.5,2.4,7.4,0.792
6.5,6.5,2.5,7.5,0.79
6.5,6.5,2.6,7.6,0.734
6.5,6.5,2.7,7.7,0.726
6.5,6.5,2.8,7.8,0.732
6.5,6.5,2.9,7.9,0.658
6.5,6.5,3.0,8.0,0.65
6.5,6.5,3.1,8.1,0.648
6.5,6.5,3.2,8.2,0.572
6.5,6.5,3.3,8.3,0.562
6.5,6.5,3.4,8.4,0.478
6.5,6.5,3.5,8.5,0.452
6.5,6.5,3.6,8.6,0.432
6.5,6.5,3.7,8.7,0.382
6.5,6.5,3.8,8.8,0.354
6.5,6.5,3.9,8.9,0.298
6.5,6.5,4.0,9.0,0.352
6.5,6.5,4.1,9.1,0.258
6.5,6.5,4.2,9.2,0.22
6.5,6.5,4.3,9.3,0.244
6.5,6.5,4.4,9.4,0.228
6.5,6.5,4.5,9.5,0.17
6.5,6.5,4.6,9.6,0.186
6.5,6.5,4.7,9.7,0.172
6.5,6.5,4.8,9.8,0.156
6.5,6.5,4.9,9.9,0.154
6.5,6.5,5.0,10.0,0.148
6.5,6.5,5.1,10.1,0.128
6.5,6.5,5.2,10.2,0.126
6.5,6.5,5.3,10.3,0.14
6.5,6.5,5.4,10.4,0.124
6.5,6.5,5.5,10.5,0.128
6.5,6.5,5.6,10.6,0.138
6.5,6.5,5.7,10.7,0.158
6.5,6.5,5.8,10.8,0.104
6.5,6.5,5.9,10.9,0.112
6.5,6.5,6.0,11.0,0.116
6.5,6.5,6.1,11.1,0.098
6.5,6.5,6.2,11.2,0.124
6.5,6.5,6.3,11.3,0.114
6.5,6.5,6.4,11.4,0.08
6.5,6.5,6.5,11.5,0.1
6.5,6.5,6.6,11.6,0.124
6.5,6.5,6.7,11.7,0.114
6.5,6.5,6.8,11.8,0.13
6.5,6.5,6.9,11.9,0.082
6.5,6.5,7.0,12.0,0.112
6.5,6.5,7.1,12.1,0.1
6.5,6.5,7.2,12.2,0.112
6.5,6.5,7.3,12.3,0.098
6.5,6.5,7.4,12.4,0.092
6.5,6.5,7.5,12.5,0.084
6.5,6.5,7.6,12.6,0.118
6.5,6.5,7.7,12.7,0.082
6.5,6.5,7.8,12.8,0.096
6.5,6.5,7.9,12.9,0.096
6.5,6.5,8.0,13.0,0.096
6.5,6.5,8.1,13.1,0.09
6.5,6.5,8.2,13.2,0.064
6.5,6.5,8.3,13.3,0.072
6.5,6.5,8.4,13.4,0.112
6.5,6.5,8.5,13.5,0.06
6.5,6.5,8.6,13.6,0.07
6.5,6.5,8.7,13.7,0.094
6.5,6.5,8.8,13.8,0.068
6.5,6.5,8.9,13.9,0.064
6.5,6.5,9.0,14.0,0.074
6.5,6.5,9.1,14.1,0.084
6.5,6.5,9.2,14.2,0.07
6.5,6.5,9.3,14.3,0.072
6.5,6.5,9.4,14.4,0.078
6.5,6.5,9.5,14.5,0.066
6.5,6.5,9.6,14.6,0.066
6.5,6.5,9.7,14.7,0.066
6.5,6.5,9.8,14.8,0.056
6.5,6.5,9.9,14.9,0.066
6.5,6.5,10.0,15.0,0.052
6.5,6.5,10.1,15.1,0.07
6.5,6.5,10.2,15.2,0.058
6.5,6.5,10.3,15.3,0.052
6.5,6.5,10.4,15.4,0.054
6.5,6.5,10.5,15.5,0.056
6.5,6.5,10.6,15.6,0.06
6.5,6.5,10.7,15.7,0.056
6.5,6.5,10.8,15.8,0.052
6.5,6.5,10.9,15.9,0.044
6.5,6.5,11.0,16.0,0.056
6.5,6.5,11.1,16.1,0.046
6.5,6.5,11.2,16.2,0.048
6.5,6.5,11.3,16.3,0.046
6.5,6.5,11.4,16.4,0.058
6.5,6.5,11.5,16.5,0.038
6.5,6.5,11.6,16.6,0.048
6.5,6.5,11.7,16.7,0.046
6.5,6.5,11.8,16.8,0.058
6.5,6.5,11.9,16.9,0.038
6.5,6.5,12.0,17.0,0.044
6.5,6.5,12.1,17.1,0.054
6.5,6.5,12.2,17.2,0.056
6.5,6.5,12.3,17.3,0.066
6.5,6.5,12.4,17.4,0.044
6.5,6.5,12.5,17.5,0.036
6.5,6.5,12.6,17.6,0.052
6.5,6.5,12.7,17.7,0.05
6.5,6.5,12.8,17.8,0.062
6.5,6.5,12.9,17.9,0.054
6.5,6.5,13.0,18.0,0.048
6.5,6.5,13.1,18.1,0.054
6.5,6.5,13.2,18.2,0.046
6.5,6.5,13.3,18.3,0.048
6.5,6.5,13.4,18.4,0.048
6.5,6.5,13.5,18.5,0.036
6.5,6.5,13.6,18.6,0.05
6.5,6.5,13.7,18.7,0.066
6.5,6.5,13.8,18.8,0.048
6.5,6.5,13.9,18.9,0.036
6.5,6.5,14.0,19.0,0.062
6.5,6.5,14.1,19.1,0.044
6.5,6.5,14.2,19.2,0.062
6.5,6.5,14.3,19.3,0.062
6.5,6.5,14.4,19.4,0.032
6.5,6.5,14.5,19.5,0.056
6.5,6.5,14.6,19.6,0.052
6.5,6.5,14.7,19.7,0.038
6.5,6.5,14.8,19.8,0.062
6.5,6.5,14.9,19.9,0.056
6.5,6.5,15.0,20.0,0.068
6.6,6.6,0.0,5.0,0.938
6.6,6.6,0.1,5.1,0.904
6.6,6.6,0.2,5.2,0.91
6.6,6.6,0.3,5.3,0.938
6.6,6.6,0.4,5.4,0.92
6.6,6.6,0.5,5.5,0.904
6.6,6.6,0.6,5.6,0.92
6.6,6.6,0.7,5.7,0.936
6.6,6.6,0.8,5.8,0.916
6.6,6.6,0.9,5.9,0.916
6.6,6.6,1.0,6.0,0.902
6.6,6.6,1.1,6.1,0.928
6.6,6.6,1.2,6.2,0.902
6.6,6.6,1.3,6.3,0.884
6.6,6.6,1.4,6.4,0.912
6.6,6.6,1.5,6.5,0.892
6.6,6.6,1.6,6.6,0.894
6.6,6.6,1.7,6.7,0.894
6.6,6.6,1.8,6.8,0.898
6.6,6.6,1.9,6.9,0.86
6.6,6.6,2.0,7.0,0.87
6.6,6.6,2.1,7.1,0.846
6.6,6.6,2.2,7.2,0.87
6.6,6.6,2.3,7.3,0.84
6.6,6.6,2.4,7.4,0.812
6.6,6.6,2.5,7.5,0.784
6.6,6.6,2.6,7.6,0.786
6.6,6.6,2.7,7.7,0.766
6.6,6.6,2.8,7.8,0.758
6.6,6.6,2.9,7.9,0.728
6.6,6.6,3.0,8.0,0.722
6.6,6.6,3.1,8.1,0.668
6.6,6.6,3.2,8.2,0.618
6.6,6.6,3.3,8.3,0.598
6.6,6.6,3.4,8.4,0.53
6.6,6.6,3.5,8.5,0.514
6.6,6.6,3.6,8.6,0.466
6.6,6.6,3.7,8.7,0.454
6.6,6.6,3.8,8.8,0.382
6.6,6.6,3.9,8.9,0.356
6.6,6.6,4.0,9.0,0.33
6.6,6.6,4.1,9.1,0.29
6.6,6.6,4.2,9.2,0.278
6.6,6.6,4.3,9.3,0.232
6.6,6.6,4.4,9.4,0.234
6.6,6.6,4.5,9.5,0.236
6.6,6.6,4.6,9.6,0.206
6.6,6.6,4.7,9.7,0.198
6.6,6.6,4.8,9.8,0.186
6.6,6.6,4.9,9.9,0.172
6.6,6.6,5.0,10.0,0.158
6.6,6.6,5.1,10.1,0.168
6.6,6.6,5.2,10.2,0.146
6.6,6.6,5.3,10.3,0.156
6.6,6.6,5.4,10.4,0.106
6.6,6.6,5.5,10.5,0.128
6.6,6.6,5.6,10.6,0.128
6.6,6.6,5.7,10.7,0.11
6.6,6.6,5.8,10.8,0.138
6.6,6.6,5.9,10.9,0.094
6.6,6.6,6.0,11.0,0.148
6.6,6.6,6.1,11.1,0.128
6.6,6.6,6.2,11.2,0.112
6.6,6.6,6.3,11.3,0.092
6.6,6.6,6.4,11.4,0.128
6.6,6.6,6.5,11.5,0.132
6.6,6.6,6.6,11.6,0.102
6.6,6.6,6.7,11.7,0.104
6.6,6.6,6.8,11.8,0.098
6.6,6.6,6.9,11.9,0.142
6.6,6.6,7.0,12.0,0.084
6.6,6.6,7.1,12.1,0.106
6.6,6.6,7.2,12.2,0.12
6.6,6.6,7.3,12.3,0.086
6.6,6.6,7.4,12.4,0.086
6.6,6.6,7.5,12.5,0.1
6.6,6.6,7.6,12.6,0.11
6.6,6.6,7.7,12.7,0.1
6.6,6.6,7.8,12.8,0.074
6.6,6.6,7.9,12.9,0.096
6.6,6.6,8.0,13.0,0.076
6.6,6.6,8.1,13.1,0.094
6.6,6.6,8.2,13.2,0.096
6.6,6.6,8.3,13.3,0.102
6.6,6.6,8.4,13.4,0.084
6.6,6.6,8.5,13.5,0.094
6.6,6.6,8.6,13.6,0.082
6.6,6.6,8.7,13.7,0.064
6.6,6.6,8.8,13.8,0.09
6.6,6.6,8.9,13.9,0.08
6.6,6.6,9.0,14.0,0.046
6.6,6.6,9.1,14.1,0.09
6.6,6.6,9.2,14.2,0.08
6.6,6.6,9.3,14.3,0.092
6.6,6.6,9.4,14.4,0.05
6.6,6.6,9.5,14.5,0.062
6.6,6.6,9.6,14.6,0.066
6.6,6.6,9.7,14.7,0.066
6.6,6.6,9.8,14.8,0.072
6.6,6.6,9.9,14.9,0.052
6.6,6.6,10.0,15.0,0.082
6.6,6.6,10.1,15.1,0.064
6.6,6.6,10.2,15.2,0.048
6.6,6.6,10.3,15.3,0.06
6.6,6.6,10.4,15.4,0.058
6.6,6.6,10.5,15.5,0.072
6.6,6.6,10.6,15.6,0.036
6.6,6.6,10.7,15.7,0.046
6.6,6.6,10.8,15.8,0.054
6.6,6.6,10.9,15.9,0.04
6.6,6.6,11.0,16.0,0.068
6.6,6.6,11.1,16.1,0.06
6.6,6.6,11.2,16.2,0.044
6.6,6.6,11.3,16.3,0.04
6.6,6.6,11.4,16.4,0.046
6.6,6.6,11.5,16.5,0.05
6.6,6.6,11.6,16.6,0.056
6.6,6.6,11.7,16.7,0.062
6.6,6.6,11.8,16.8,0.048
6.6,6.6,11.9,16.9,0.054
6.6,6.6,12.0,17.0,0.048
6.6,6.6,12.1,17.1,0.054
6.6,6.6,12.2,17.2,0.046
6.6,6.6,12.3,17.3,0.064
6.6,6.6,12.4,17.4,0.04
6.6,6.6,12.5,17.5,0.046
6.6,6.6,12.6,17.6,0.052
6.6,6.6,12.7,17.7,0.056
6.6,6.6,12.8,17.8,0.066
6.6,6.6,12.9,17.9,0.07
6.6,6.6,13.0,18.0,0.07
6.6,6.6,13.1,18.1,0.06
6.6,6.6,13.2,18.2,0.046
6.6,6.6,13.3,18.3,0.072
6.6,6.6,13.4,18.4,0.034
6.6,6.6,13.5,18.5,0.058
6.6,6.6,13.6,18.6,0.056
6.6,6.6,13.7,18.7,0.052
6.6,6.6,13.8,18.8,0.046
6.6,6.6,13.9,18.9,0.046
6.6,6.6,14.0,19.0,0.056
6.6,6.6,14.1,19.1,0.048
6.6,6.6,14.2,19.2,0.046
6.6,6.6,14.3,19.3,0.052
6.6,6.6,14.4,19.4,0.04
6.6,6.6,14.5,19.5,0.042
6.6,6.6,14.6,19.6,0.042
6.6,6.6,14.7,19.7,0.044
6.6,6.6,14.8,19.8,0.044
6.6,6.6,14.9,19.9,0.068
6.6,6.6,15.0,20.0,0.06
6.7,6.7,0.0,5.0,0.91
6.7,6.7,0.1,5.1,0.916
6.7,6.7,0.2,5.2,0.888
6.7,6.7,0.3,5.3,0.902
6.7,6.7,0.4,5.4,0.928
6.7,6.7,0.5,5.5,0.904
6.7,6.7,0.6,5.6,0.916
6.7,6.7,0.7,5.7,0.93
6.7,6.7,0.8,5.8,0.91
6.7,6.7,0.9,5.9,0.938
6.7,6.7,1.0,6.0,0.908
6.7,6.7,1.1,6.1,0.92
6.7,6.7,1.2,6.2,0.92
6.7,6.7,1.3,6.3,0.936
6.7,6.7,1.4,6.4,0.908
6.7,6.7,1.5,6.5,0.93
6.7,6.7,1.6,6.6,0.904
6.7,6.7,1.7,6.7,0.908
6.7,6.7,1.8,6.8,0.896
6.7,6.7,1.9,6.9,0.894
6.7,6.7,2.0,7.0,0.878
6.7,6.7,2.1,7.1,0.876
6.7,6.7,2.2,7.2,0.888
6.7,6.7,2.3,7.3,0.844
6.7,6.7,2.4,7.4,0.826
6.7,6.7,2.5,7.5,0.82
6.7,6.7,2.6,7.6,0.814
6.7,6.7,2.7,7.7,0.77
6.7,6.7,2.8,7.8,0.776
6.7,6.7,2.9,7.9,0.748
6.7,6.7,3.0,8.0,0.718
6.7,6.7,3.1,8.1,0.692
6.7,6.7,3.2,8.2,0.68
6.7,6.7,3.3,8.3,0.634
6.7,6.7,3.4,8.4,0.582
6.7,6.7,3.5,8.5,0.556
6.7,6.7,3.6,8.6,0.51
6.7,6.7,3.7,8.7,0.452
6.7,6.7,3.8,8.8,0.436
6.7,6.7,3.9,8.9,0.368
6.7,6.7,4.0,9.0,0.378
6.7,6.7,4.1,9.1,0.346
6.7,6.7,4.2,9.2,0.304
6.7,6.7,4.3,9.3,0.272
6.7,6.7,4.4,9.4,0.27
6.7,6.7,4.5,9.5,0.2
6.7,6.7,4.6,9.6,0.188
6.7,6.7,4.7,9.7,0.214
6.7,6.7,4.8,9.8,0.152
6.7,6.7,4.9,9.9,0.154
6.7,6.7,5.0,10.0,0.166
6.7,6.7,5.1,10.1,0.162
6.7,6.7,5.2,10.2,0.16
6.7,6.7,5.3,10.3,0.146
6.7,6.7,5.4,10.4,0.138
6.7,6.7,5.5,10.5,0.14
6.7,6.7,5.6,10.6,0.124
6.7,6.7,5.7,10.7,0.154
6.7,6.7,5.8,10.8,0.108
6.7,6.7,5.9,10.9,0.116
6.7,6.7,6.0,11.0,0.102
6.7,6.7,6.1,11.1,0.088
6.7,6.7,6.2,11.2,0.094
6.7,6.7,6.3,11.3,0.11
6.7,6.7,6.4,11.4,0.088
6.7,6.7,6.5,11.5,0.102
6.7,6.7,6.6,11.6,0.108
6.7,6.7,6.7,11.7,0.114
6.7,6.7,6.8,11.8,0.106
6.7,6.7,6.9,11.9,0.096
6.7,6.7,7.0,12.0,0.106
6.7,6.7,7.1,12.1,0.12
6.7,6.7,7.2,12.2,0.098
6.7,6.7,7.3,12.3,0.118
6.7,6.7,7.4,12.4,0.1
6.7,6.7,7.5,12.5,0.098
6.7,6.7,7.6,12.6,0.104
6.7,6.7,7.7,12.7,0.076
6.7,6.7,7.8,12.8,0.096
6.7,6.7,7.9,12.9,0.1
6.7,6.7,8.0,13.0,0.094
6.7,6.7,8.1,13.1,0.114
6.7,6.7,8.2,13.2,0.07
6.7,6.7,8.3,13.3,0.092
6.7,6.7,8.4,13.4,0.088
6.7,6.7,8.5,13.5,0.098
6.7,6.7,8.6,13.6,0.078
6.7,6.7,8.7,13.7,0.112
6.7,6.7,8.8,13.8,0.084
6.7,6.7,8.9,13.9,0.078
6.7,6.7,9.0,14.0,0.07
6.7,6.7,9.1,14.1,0.046
6.7,6.7,9.2,14.2,0.082
6.7,6.7,9.3,14.3,0.062
6.7,6.7,9.4,14.4,0.074
6.7,6.7,9.5,14.5,0.064
6.7,6.7,9.6,14.6,0.066
6.7,6.7,9.7,14.7,0.076
6.7,6.7,9.8,14.8,0.076
6.7,6.7,9.9,14.9,0.06
6.7,6.7,10.0,15.0,0.064
6.7,6.7,10.1,15.1,0.05
6.7,6.7,10.2,15.2,0.054
6.7,6.7,10.3,15.3,0.06
6.7,6.7,10.4,15.4,0.078
6.7,6.7,10.5,15.5,0.048
6.7,6.7,10.6,15.6,0.06
6.7,6.7,10.7,15.7,0.068
6.7,6.7,10.8,15.8,0.05
6.7,6.7,10.9,15.9,0.06
6.7,6.7,11.0,16.0,0.05
6.7,6.7,11.1,16.1,0.058
6.7,6.7,11.2,16.2,0.046
6.7,6.7,11.3,16.3,0.056
6.7,6.7,11.4,16.4,0.06
6.7,6.7,11.5,16.5,0.056
6.7,6.7,11.6,16.6,0.066
6.7,6.7,11.7,16.7,0.052
6.7,6.7,11.8,16.8,0.052
6.7,6.7,11.9,16.9,0.042
6.7,6.7,12.0,17.0,0.056
6.7,6.7,12.1,17.1,0.046
6.7,6.7,12.2,17.2,0.082
6.7,6.7,12.3,17.3,0.048
6.7,6.7,12.4,17.4,0.058
6.7,6.7,12.5,17.5,0.038
6.7,6.7,12.6,17.6,0.042
6.7,6.7,12.7,17.7,0.052
6.7,6.7,12.8,17.8,0.044
6.7,6.7,12.9,17.9,0.042
6.7,6.7,13.0,18.0,0.036
6.7,6.7,13.1,18.1,0.048
6.7,6.7,13.2,18.2,0.068
6.7,6.7,13.3,18.3,0.06
6.7,6.7,13.4,18.4,0.044
6.7,6.7,13.5,18.5,0.058
6.7,6.7,13.6,18.6,0.044
6.7,6.7,13.7,18.7,0.062
6.7,6.7,13.8,18.8,0.05
6.7,6.7,13.9,18.9,0.032
6.7,6.7,14.0,19.0,0.042
6.7,6.7,14.1,19.1,0.066
6.7,6.7,14.2,19.2,0.036
6.7,6.7,14.3,19.3,0.052
6.7,6.7,14.4,19.4,0.05
6.7,6.7,14.5,19.5,0.046
6.7,6.7,14.6,19.6,0.038
6.7,6.7,14.7,19.7,0.058
6.7,6.7,14.8,19.8,0.066
6.7,6.7,14.9,19.9,0.032
6.7,6.7,15.0,20.0,0.058
6.8,6.8,0.0,5.0,0.932
6.8,6.8,0.1,5.1,0.906
6.8,6.8,0.2,5.2,0.902
6.8,6.8,0.3,5.3,0.922
6.8,6.8,0.4,5.4,0.938
6.8,6.8,0.5,5.5,0.902
6.8,6.8,0.6,5.6,0.942
6.8,6.8,0.7,5.7,0.926
6.8,6.8,0.8,5.8,0.948
6.8,6.8,0.9,5.9,0.92
6.8,6.8,1.0,6.0,0.902
6.8,6.8,1.1,6.1,0.91
6.8,6.8,1.2,6.2,0.896
6.8,6.8,1.3,6.3,0.92
6.8,6.8,1.4,6.4,0.92
6.8,6.8,1.5,6.5,0.904
6.8,6.8,1.6,6.6,0.918
6.8,6.8,1.7,6.7,0.888
6.8,6.8,1.8,6.8,0.896
6.8,6.8,1.9,6.9,0.91
6.8,6.8,2.0,7.0,0.884
6.8,6.8,2.1,7.1,0.864
6.8,6.8,2.2,7.2,0.878
6.8,6.8,2.3,7.3,0.882
6.8,6.8,2.4,7.4,0.848
6.8,6.8,2.5,7.5,0.854
6.8,6.8,2.6,7.6,0.796
6.8,6.8,2.7,7.7,0.83
6.8,6.8,2.8,7.8,0.796
6.8,6.8,2.9,7.9,0.73
6.8,6.8,3.0,8.0,0.72
6.8,6.8,3.1,8.1,0.71
6.8,6.8,3.2,8.2,0.646
6.8,6.8,3.3,8.3,0.634
6.8,6.8,3.4,8.4,0.63
6.8,6.8,3.5,8.5,0.588
6.8,6.8,3.6,8.6,0.496
6.8,6.8,3.7,8.7,0.498
6.8,6.8,3.8,8.8,0.428
6.8,6.8,3.9,8.9,0.418
6.8,6.8,4.0,9.0,0.392
6.8,6.8,4.1,9.1,0.352
6.8,6.8,4.2,9.2,0.31
6.8,6.8,4.3,9.3,0.284
6.8,6.8,4.4,9.4,0.262
6.8,6.8,4.5,9.5,0.192
6.8,6.8,4.6,9.6,0.198
6.8,6.8,4.7,9.7,0.226
6.8,6.8,4.8,9.8,0.184
6.8,6.8,4.9,9.9,0.16
6.8,6.8,5.0,10.0,0.214
6.8,6.8,5.1,10.1,0.172
6.8,6.8,5.2,10.2,0.172
6.8,6.8,5.3,10.3,0.15
6.8,6.8,5.4,10.4,0.144
6.8,6.8,5.5,10.5,0.128
6.8,6.8,5.6,10.6,0.124
6.8,6.8,5.7,10.7,0.116
6.8,6.8,5.8,10.8,0.128
6.8,6.8,5.9,10.9,0.084
6.8,6.8,6.0,11.0,0.122
6.8,6.8,6.1,11.1,0.112
6.8,6.8,6.2,11.2,0.142
6.8,6.8,6.3,11.3,0.074
6.8,6.8,6.4,11.4,0.112
6.8,6.8,6.5,11.5,0.126
6.8,6.8,6.6,11.6,0.098
6.8,6.8,6.7,11.7,0.11
6.8,6.8,6.8,11.8,0.12
6.8,6.8,6.9,11.9,0.104
6.8,6.8,7.0,12.0,0.104
6.8,6.8,7.1,12.1,0.112
6.8,6.8,7.2,12.2,0.086
6.8,6.8,7.3,12.3,0.084
6.8,6.8,7.4,12.4,0.096
6.8,6.8,7.5,12.5,0.098
6.8,6.8,7.6,12.6,0.092
6.8,6.8,7.7,12.7,0.09
6.8,6.8,7.8,12.8,0.092
6.8,6.8,7.9,12.9,0.086
6.8,6.8,8.0,13.0,0.124
6.8,6.8,8.1,13.1,0.106
6.8,6.8,8.2,13.2,0.074
6.8,6.8,8.3,13.3,0.086
6.8,6.8,8.4,13.4,0.09
6.8,6.8,8.5,13.5,0.088
6.8,6.8,8.6,13.6,0.09
6.8,6.8,8.7,13.7,0.098
6.8,6.8,8.8,13.8,0.088
6.8,6.8,8.9,13.9,0.106
6.8,6.8,9.0,14.0,0.07
6.8,6.8,9.1,14.1,0.07
6.8,6.8,9.2,14.2,0.082
6.8,6.8,9.3,14.3,0.082
6.8,6.8,9.4,14.4,0.076
6.8,6.8,9.5,14.5,0.072
6.8,6.8,9.6,14.6,0.068
6.8,6.8,9.7,14.7,0.08
6.8,6.8,9.8,14.8,0.054
6.8,6.8,9.9,14.9,0.07
6.8,6.8,10.0,15.0,0.054
6.8,6.8,10.1,15.1,0.068
6.8,6.8,10.2,15.2,0.044
6.8,6.8,10.3,15.3,0.048
6.8,6.8,10.4,15.4,0.062
6.8,6.8,10.5,15.5,0.058
6.8,6.8,10.6,15.6,0.056
6.8,6.8,10.7,15.7,0.048
6.8,6.8,10.8,15.8,0.054
6.8,6.8,10.9,15.9,0.036
6.8,6.8,11.0,16.0,0.038
6.8,6.8,11.1,16.1,0.032
6.8,6.8,11.2,16.2,0.044
6.8,6.8,11.3,16.3,0.06
6.8,6.8,11.4,16.4,0.07
6.8,6.8,11.5,16.5,0.046
6.8,6.8,11.6,16.6,0.036
6.8,6.8,11.7,16.7,0.04
6.8,6.8,11.8,16.8,0.062
6.8,6.8,11.9,16.9,0.058
6.8,6.8,12.0,17.0,0.036
6.8,6.8,12.1,17.1,0.042
6.8,6.8,12.2,17.2,0.046
6.8,6.8,12.3,17.3,0.056
6.8,6.8,12.4,17.4,0.044
6.8,6.8,12.5,17.5,0.044
6.8,6.8,12.6,17.6,0.058
6.8,6.8,12.7,17.7,0.056
6.8,6.8,12.8,17.8,0.048
6.8,6.8,12.9,17.9,0.056
6.8,6.8,13.0,18.0,0.05
6.8,6.8,13.1,18.1,0.042
6.8,6.8,13.2,18.2,0.028
6.8,6.8,13.3,18.3,0.048
6.8,6.8,13.4,18.4,0.046
6.8,6.8,13.5,18.5,0.028
6.8,6.8,13.6,18.6,0.056
6.8,6.8,13.7,18.7,0.042
6.8,6.8,13.8,18.8,0.062
6.8,6.8,13.9,18.9,0.066
6.8,6.8,14.0,19.0,0.052
6.8,6.8,14.1,19.1,0.064
6.8,6.8,14.2,19.2,0.054
6.8,6.8,14.3,19.3,0.052
6.8,6.8,14.4,19.4,0.058
6.8,6.8,14.5,19.5,0.056
6.8,6.8,14.6,19.6,0.054
6.8,6.8,14.7,19.7,0.046
6.8,6.8,14.8,19.8,0.046
6.8,6.8,14.9,19.9,0.042
6.8,6.8,15.0,20.0,0.028
6.9,6.9,0.0,5.0,0.92
6.9,6.9,0.1,5.1,0.896
6.9,6.9,0.2,5.2,0.942
6.9,6.9,0.3,5.3,0.894
6.9,6.9,0.4,5.4,0.912
6.9,6.9,0.5,5.5,0.932
6.9,6.9,0.6,5.6,0.934
6.9,6.9,0.7,5.7,0.932
6.9,6.9,0.8,5.8,0.934
6.9,6.9,0.9,5.9,0.93
6.9,6.9,1.0,6.0,0.912
6.9,6.9,1.1,6.1,0.922
6.9,6.9,1.2,6.2,0.916
6.9,6.9,1.3,6.3,0.916
6.9,6.9,1.4,6.4,0.916
6.9,6.9,1.5,6.5,0.922
6.9,6.9,1.6,6.6,0.91
6.9,6.9,1.7,6.7,0.924
6.9,6.9,1.8,6.8,0.888
6.9,6.9,1.9,6.9,0.896
6.9,6.9,2.0,7.0,0.89
6.9,6.9,2.1,7.1,0.896
6.9,6.9,2.2,7.2,0.896
6.9,6.9,2.3,7.3,0.872
6.9,6.9,2.4,7.4,0.87
6.9,6.9,2.5,7.5,0.832
6.9,6.9,2.6,7.6,0.826
6.9,6.9,2.7,7.7,0.856
6.9,6.9,2.8,7.8,0.81
6.9,6.9,2.9,7.9,0.788
6.9,6.9,3.0,8.0,0.756
6.9,6.9,3.1,8.1,0.714
6.9,6.9,3.2,8.2,0.71
6.9,6.9,3.3,8.3,0.664
6.9,6.9,3.4,8.4,0.692
6.9,6.9,3.5,8.5,0.604
6.9,6.9,3.6,8.6,0.59
6.9,6.9,3.7,8.7,0.518
6.9,6.9,3.8,8.8,0.5
6.9,6.9,3.9,8.9,0.486
6.9,6.9,4.0,9.0,0.448
6.9,6.9,4.1,9.1,0.444
6.9,6.9,4.2,9.2,0.336
6.9,6.9,4.3,9.3,0.328
6.9,6.9,4.4,9.4,0.302
6.9,6.9,4.5,9.5,0.258
6.9,6.9,4.6,9.6,0.264
6.9,6.9,4.7,9.7,0.252
6.9,6.9,4.8,9.8,0.206
6.9,6.9,4.9,9.9,0.188
6.9,6.9,5.0,10.0,0.21
6.9,6.9,5.1,10.1,0.21
6.9,6.9,5.2,10.2,0.166
6.9,6.9,5.3,10.3,0.158
6.9,6.9,5.4,10.4,0.15
6.9,6.9,5.5,10.5,0.148
6.9,6.9,5.6,10.6,0.14
6.9,6.9,5.7,10.7,0.138
6.9,6.9,5.8,10.8,0.118
6.9,6.9,5.9,10.9,0.134
6.9,6.9,6.0,11.0,0.1
6.9,6.9,6.1,11.1,0.102
6.9,6.9,6.2,11.2,0.114
6.9,6.9,6.3,11.3,0.118
6.9,6.9,6.4,11.4,0.138
6.9,6.9,6.5,11.5,0.108
6.9,6.9,6.6,11.6,0.104
6.9,6.9,6.7,11.7,0.114
6.9,6.9,6.8,11.8,0.1
6.9,6.9,6.9,11.9,0.092
6.9,6.9,7.0,12.0,0.116
6.9,6.9,7.1,12.1,0.114
6.9,6.9,7.2,12.2,0.088
6.9,6.9,7.3,12.3,0.11
6.9,6.9,7.4,12.4,0.094
6.9,6.9,7.5,12.5,0.09
6.9,6.9,7.6,12.6,0.09
6.9,6.9,7.7,12.7,0.12
6.9,6.9,7.8,12.8,0.1
6.9,6.9,7.9,12.9,0.112
6.9,6.9,8.0,13.0,0.088
6.9,6.9,8.1,13.1,0.094
6.9,6.9,8.2,13.2,0.09
6.9,6.9,8.3,13.3,0.098
6.9,6.9,8.4,13.4,0.116
6.9,6.9,8.5,13.5,0.092
6.9,6.9,8.6,13.6,0.082
6.9,6.9,8.7,13.7,0.082
6.9,6.9,8.8,13.8,0.076
6.9,6.9,8.9,13.9,0.066
6.9,6.9,9.0,14.0,0.09
6.9,6.9,9.1,14.1,0.068
6.9,6.9,9.2,14.2,0.072
6.9,6.9,9.3,14.3,0.064
6.9,6.9,9.4,14.4,0.08
6.9,6.9,9.5,14.5,0.076
6.9,6.9,9.6,14.6,0.072
6.9,6.9,9.7,14.7,0.068
6.9,6.9,9.8,14.8,0.094
6.9,6.9,9.9,14.9,0.076
6.9,6.9,10.0,15.0,0.048
6.9,6.9,10.1,15.1,0.064
6.9,6.9,10.2,15.2,0.064
6.9,6.9,10.3,15.3,0.064
6.9,6.9,10.4,15.4,0.062
6.9,6.9,10.5,15.5,0.062
6.9,6.9,10.6,15.6,0.054
6.9,6.9,10.7,15.7,0.052
6.9,6.9,10.8,15.8,0.056
6.9,6.9,10.9,15.9,0.054
6.9,6.9,11.0,16.0,0.054
6.9,6.9,11.1,16.1,0.058
6.9,6.9,11.2,16.2,0.05
6.9,6.9,11.3,16.3,0.05
6.9,6.9,11.4,16.4,0.044
6.9,6.9,11.5,16.5,0.062
6.9,6.9,11.6,16.6,0.042
6.9,6.9,11.7,16.7,0.044
6.9,6.9,11.8,16.8,0.054
6.9,6.9,11.9,16.9,0.046
6.9,6.9,12.0,17.0,0.058
6.9,6.9,12.1,17.1,0.048
6.9,6.9,12.2,17.2,0.06
6.9,6.9,12.3,17.3,0.036
6.9,6.9,12.4,17.4,0.052
6.9,6.9,12.5,17.5,0.04
6.9,6.9,12.6,17.6,0.062
6.9,6.9,12.7,17.7,0.044
6.9,6.9,12.8,17.8,0.05
6.9,6.9,12.9,17.9,0.036
6.9,6.9,13.0,18.0,0.034
6.9,6.9,13.1,18.1,0.054
6.9,6.9,13.2,18.2,0.048
6.9,6.9,13.3,18.3,0.048
6.9,6.9,13.4,18.4,0.052
6.9,6.9,13.5,18.5,0.052
6.9,6.9,13.6,18.6,0.044
6.9,6.9,13.7,18.7,0.06
6.9,6.9,13.8,18.8,0.054
6.9,6.9,13.9,18.9,0.046
6.9,6.9,14.0,19.0,0.052
6.9,6.9,14.1,19.1,0.064
6.9,6.9,14.2,19.2,0.042
6.9,6.9,14.3,19.3,0.04
6.9,6.9,14.4,19.4,0.056
6.9,6.9,14.5,19.5,0.042
6.9,6.9,14.6,19.6,0.05
6.9,6.9,14.7,19.7,0.04
6.9,6.9,14.8,19.8,0.042
6.9,6.9,14.9,19.9,0.058
6.9,6.9,15.0,20.0,0.054
7.0,7.0,0.0,5.0,0.922
7.0,7.0,0.1,5.1,0.928
7.0,7.0,0.2,5.2,0.908
7.0,7.0,0.3,5.3,0.904
7.0,7.0,0.4,5.4,0.914
7.0,7.0,0.5,5.5,0.912
7.0,7.0,0.6,5.6,0.922
7.0,7.0,0.7,5.7,0.922
7.0,7.0,0.8,5.8,0.912
7.0,7.0,0.9,5.9,0.936
7.0,7.0,1.0,6.0,0.928
7.0,7.0,1.1,6.1,0.92
7.0,7.0,1.2,6.2,0.93
7.0,7.0,1.3,6.3,0.918
7.0,7.0,1.4,6.4,0.928
7.0,7.0,1.5,6.5,0.912
7.0,7.0,1.6,6.6,0.898
7.0,7.0,1.7,6.7,0.922
7.0,7.0,1.8,6.8,0.906
7.0,7.0,1.9,6.9,0.898
7.0,7.0,2.0,7.0,0.87
7.0,7.0,2.1,7.1,0.882
7.0,7.0,2.2,7.2,0.892
7.0,7.0,2.3,7.3,0.88
7.0,7.0,2.4,7.4,0.866
7.0,7.0,2.5,7.5,0.854
7.0,7.0,2.6,7.6,0.83
7.0,7.0,2.7,7.7,0.846
7.0,7.0,2.8,7.8,0.832
7.0,7.0,2.9,7.9,0.808
7.0,7.0,3.0,8.0,0.794
7.0,7.0,3.1,8.1,0.766
7.0,7.0,3.2,8.2,0.776
7.0,7.0,3.3,8.3,0.71
7.0,7.0,3.4,8.4,0.668
7.0,7.0,3.5,8.5,0.666
7.0,7.0,3.6,8.6,0.602
7.0,7.0,3.7,8.7,0.554
7.0,7.0,3.8,8.8,0.512
7.0,7.0,3.9,8.9,0.502
7.0,7.0,4.0,9.0,0.442
7.0,7.0,4.1,9.1,0.442
7.0,7.0,4.2,9.2,0.412
7.0,7.0,4.3,9.3,0.366
7.0,7.0,4.4,9.4,0.292
7.0,7.0,4.5,9.5,0.326
7.0,7.0,4.6,9.6,0.246
7.0,7.0,4.7,9.7,0.254
7.0,7.0,4.8,9.8,0.242
7.0,7.0,4.9,9.9,0.234
7.0,7.0,5.0,10.0,0.17
7.0,7.0,5.1,10.1,0.17
7.0,7.0,5.2,10.2,0.158
7.0,7.0,5.3,10.3,0.162
7.0,7.0,5.4,10.4,0.156
7.0,7.0,5.5,10.5,0.14
7.0,7.0,5.6,10.6,0.162
7.0,7.0,5.7,10.7,0.136
7.0,7.0,5.8,10.8,0.118
7.0,7.0,5.9,10.9,0.106
7.0,7.0,6.0,11.0,0.104
7.0,7.0,6.1,11.1,0.138
7.0,7.0,6.2,11.2,0.12
7.0,7.0,6.3,11.3,0.146
7.0,7.0,6.4,11.4,0.118
7.0,7.0,6.5,11.5,0.098
7.0,7.0,6.6,11.6,0.092
7.0,7.0,6.7,11.7,0.108
7.0,7.0,6.8,11.8,0.112
7.0,7.0,6.9,11.9,0.12
7.0,7.0,7.0,12.0,0.126
7.0,7.0,7.1,12.1,0.114
7.0,7.0,7.2,12.2,0.102
7.0,7.0,7.3,12.3,0.118
7.0,7.0,7.4,12.4,0.1
7.0,7.0,7.5,12.5,0.09
7.0,7.0,7.6,12.6,0.106
7.0,7.0,7.7,12.7,0.086
7.0,7.0,7.8,12.8,0.09
7.0,7.0,7.9,12.9,0.094
7.0,7.0,8.0,13.0,0.114
7.0,7.0,8.1,13.1,0.09
7.0,7.0,8.2,13.2,0.104
7.0,7.0,8.3,13.3,0.062
7.0,7.0,8.4,13.4,0.112
7.0,7.0,8.5,13.5,0.096
7.0,7.0,8.6,13.6,0.078
7.0,7.0,8.7,13.7,0.1
7.0,7.0,8.8,13.8,0.094
7.0,7.0,8.9,13.9,0.106
7.0,7.0,9.0,14.0,0.094
7.0,7.0,9.1,14.1,0.092
7.0,7.0,9.2,14.2,0.062
7.0,7.0,9.3,14.3,0.084
7.0,7.0,9.4,14.4,0.08
7.0,7.0,9.5,14.5,0.074
7.0,7.0,9.6,14.6,0.076
7.0,7.0,9.7,14.7,0.064
7.0,7.0,9.8,14.8,0.062
7.0,7.0,9.9,14.9,0.06
7.0,7.0,10.0,15.0,0.08
7.0,7.0,10.1,15.1,0.064
7.0,7.0,10.2,15.2,0.052
7.0,7.0,10.3,15.3,0.074
7.0,7.0,10.4,15.4,0.064
7.0,7.0,10.5,15.5,0.046
7.0,7.0,10.6,15.6,0.07
7.0,7.0,10.7,15.7,0.042
7.0,7.0,10.8,15.8,0.044
7.0,7.0,10.9,15.9,0.05
7.0,7.0,11.0,16.0,0.07
7.0,7.0,11.1,16.1,0.06
7.0,7.0,11.2,16.2,0.044
7.0,7.0,11.3,16.3,0.04
7.0,7.0,11.4,16.4,0.05
7.0,7.0,11.5,16.5,0.064
7.0,7.0,11.6,16.6,0.034
7.0,7.0,11.7,16.7,0.05
7.0,7.0,11.8,16.8,0.052
7.0,7.0,11.9,16.9,0.052
7.0,7.0,12.0,17.0,0.068
7.0,7.0,12.1,17.1,0.05
7.0,7.0,12.2,17.2,0.052
7.0,7.0,12.3,17.3,0.054
7.0,7.0,12.4,17.4,0.044
7.0,7.0,12.5,17.5,0.058
7.0,7.0,12.6,17.6,0.042
7.0,7.0,12.7,17.7,0.06
7.0,7.0,12.8,17.8,0.038
7.0,7.0,12.9,17.9,0.028
7.0,7.0,13.0,18.0,0.05
7.0,7.0,13.1,18.1,0.048
7.0,7.0,13.2,18.2,0.048
7.0,7.0,13.3,18.3,0.048
7.0,7.0,13.4,18.4,0.046
7.0,7.0,13.5,18.5,0.046
7.0,7.0,13.6,18.6,0.074
7.0,7.0,13.7,18.7,0.05
7.0,7.0,13.8,18.8,0.046
7.0,7.0,13.9,18.9,0.052
7.0,7.0,14.0,19.0,0.028
7.0,7.0,14.1,19.1,0.058
7.0,7.0,14.2,19.2,0.054
7.0,7.0,14.3,19.3,0.056
7.0,7.0,14.4,19.4,0.03
7.0,7.0,14.5,19.5,0.028
7.0,7.0,14.6,19.6,0.044
7.0,7.0,14.7,19.7,0.048
7.0,7.0,14.8,19.8,0.048
7.0,7.0,14.9,19.9,0.056
7.0,7.0,15.0,20.0,0.054
7.1,7.1,0.0,5.0,0.906
7.1,7.1,0.1,5.1,0.9
7.1,7.1,0.2,5.2,0.928
7.1,7.1,0.3,5.3,0.934
7.1,7.1,0.4,5.4,0.914
7.1,7.1,0.5,5.5,0.934
7.1,7.1,0.6,5.6,0.926
7.1,7.1,0.7,5.7,0.908
7.1,7.1,0.8,5.8,0.93
7.1,7.1,0.9,5.9,0.96
7.1,7.1,1.0,6.0,0.922
7.1,7.1,1.1,6.1,0.908
7.1,7.1,1.2,6.2,0.924
7.1,7.1,1.3,6.3,0.91
7.1,7.1,1.4,6.4,0.888
7.1,7.1,1.5,6.5,0.92
7.1,7.1,1.6,6.6,0.908
7.1,7.1,1.7,6.7,0.888
7.1,7.1,1.8,6.8,0.908
7.1,7.1,1.9,6.9,0.914
7.1,7.1,2.0,7.0,0.914
7.1,7.1,2.1,7.1,0.9
7.1,7.1,2.2,7.2,0.888
7.1,7.1,2.3,7.3,0.886
7.1,7.1,2.4,7.4,0.894
7.1,7.1,2.5,7.5,0.878
7.1,7.1,2.6,7.6,0.864
7.1,7.1,2.7,7.7,0.86
7.1,7.1,2.8,7.8,0.848
7.1,7.1,2.9,7.9,0.804
7.1,7.1,3.0,8.0,0.812
7.1,7.1,3.1,8.1,0.774
7.1,7.1,3.2,8.2,0.762
7.1,7.1,3.3,8.3,0.704
7.1,7.1,3.4,8.4,0.698
7.1,7.1,3.5,8.5,0.668
7.1,7.1,3.6,8.6,0.662
7.1,7.1,3.7,8.7,0.608
7.1,7.1,3.8,8.8,0.568
7.1,7.1,3.9,8.9,0.52
7.1,7.1,4.0,9.0,0.474
7.1,7.1,4.1,9.1,0.49
7.1,7.1,4.2,9.2,0.422
7.1,7.1,4.3,9.3,0.384
7.1,7.1,4.4,9.4,0.338
7.1,7.1,4.5,9.5,0.34
7.1,7.1,4.6,9.6,0.306
7.1,7.1,4.7,9.7,0.278
7.1,7.1,4.8,9.8,0.22
7.1,7.1,4.9,9.9,0.204
7.1,7.1,5.0,10.0,0.214
7.1,7.1,5.1,10.1,0.202
7.1,7.1,5.2,10.2,0.192
7.1,7.1,5.3,10.3,0.132
7.1,7.1,5.4,10.4,0.166
7.1,7.1,5.5,10.5,0.156
7.1,7.1,5.6,10.6,0.174
7.1,7.1,5.7,10.7,0.144
7.1,7.1,5.8,10.8,0.17
7.1,7.1,5.9,10.9,0.122
7.1,7.1,6.0,11.0,0.1
7.1,7.1,6.1,11.1,0.096
7.1,7.1,6.2,11.2,0.142
7.1,7.1,6.3,11.3,0.128
7.1,7.1,6.4,11.4,0.138
7.1,7.1,6.5,11.5,0.122
7.1,7.1,6.6,11.6,0.122
7.1,7.1,6.7,11.7,0.122
7.1,7.1,6.8,11.8,0.124
7.1,7.1,6.9,11.9,0.118
7.1,7.1,7.0,12.0,0.108
7.1,7.1,7.1,12.1,0.088
7.1,7.1,7.2,12.2,0.11
7.1,7.1,7.3,12.3,0.124
7.1,7.1,7.4,12.4,0.1
7.1,7.1,7.5,12.5,0.102
7.1,7.1,7.6,12.6,0.114
7.1,7.1,7.7,12.7,0.122
7.1,7.1,7.8,12.8,0.116
7.1,7.1,7.9,12.9,0.078
7.1,7.1,8.0,13.0,0.09
7.1,7.1,8.1,13.1,0.11
7.1,7.1,8.2,13.2,0.1
7.1,7.1,8.3,13.3,0.106
7.1,7.1,8.4,13.4,0.066
7.1,7.1,8.5,13.5,0.094
7.1,7.1,8.6,13.6,0.098
7.1,7.1,8.7,13.7,0.078
7.1,7.1,8.8,13.8,0.092
7.1,7.1,8.9,13.9,0.09
7.1,7.1,9.0,14.0,0.09
7.1,7.1,9.1,14.1,0.074
7.1,7.1,9.2,14.2,0.076
7.1,7.1,9.3,14.3,0.058
7.1,7.1,9.4,14.4,0.106
7.1,7.1,9.5,14.5,0.088
7.1,7.1,9.6,14.6,0.1
7.1,7.1,9.7,14.7,0.068
7.1,7.1,9.8,14.8,0.08
7.1,7.1,9.9,14.9,0.058
7.1,7.1,10.0,15.0,0.074
7.1,7.1,10.1,15.1,0.064
7.1,7.1,10.2,15.2,0.068
7.1,7.1,10.3,15.3,0.064
7.1,7.1,10.4,15.4,0.054
7.1,7.1,10.5,15.5,0.078
7.1,7.1,10.6,15.6,0.048
7.1,7.1,10.7,15.7,0.062
7.1,7.1,10.8,15.8,0.06
7.1,7.1,10.9,15.9,0.064
7.1,7.1,11.0,16.0,0.036
7.1,7.1,11.1,16.1,0.05
7.1,7.1,11.2,16.2,0.064
7.1,7.1,11.3,16.3,0.044
7.1,7.1,11.4,16.4,0.068
7.1,7.1,11.5,16.5,0.058
7.1,7.1,11.6,16.6,0.05
7.1,7.1,11.7,16.7,0.078
7.1,7.1,11.8,16.8,0.058
7.1,7.1,11.9,16.9,0.064
7.1,7.1,12.0,17.0,0.052
7.1,7.1,12.1,17.1,0.046
7.1,7.1,12.2,17.2,0.042
7.1,7.1,12.3,17.3,0.054
7.1,7.1,12.4,17.4,0.06
7.1,7.1,12.5,17.5,0.054
7.1,7.1,12.6,17.6,0.06
7.1,7.1,12.7,17.7,0.054
7.1,7.1,12.8,17.8,0.046
7.1,7.1,12.9,17.9,0.048
7.1,7.1,13.0,18.0,0.058
7.1,7.1,13.1,18.1,0.038
7.1,7.1,13.2,18.2,0.044
7.1,7.1,13.3,18.3,0.054
7.1,7.1,13.4,18.4,0.046
7.1,7.1,13.5,18.5,0.064
7.1,7.1,13.6,18.6,0.06
7.1,7.1,13.7,18.7,0.05
7.1,7.1,13.8,18.8,0.038
7.1,7.1,13.9,18.9,0.064
7.1,7.1,14.0,19.0,0.06
7.1,7.1,14.1,19.1,0.046
7.1,7.1,14.2,19.2,0.064
7.1,7.1,14.3,19.3,0.06
7.1,7.1,14.4,19.4,0.048
7.1,7.1,14.5,19.5,0.048
7.1,7.1,14.6,19.6,0.042
7.1,7.1,14.7,19.7,0.066
7.1,7.1,14.8,19.8,0.048
7.1,7.1,14.9,19.9,0.032
7.1,7.1,15.0,20.0,0.056
7.2,7.2,0.0,5.0,0.894
7.2,7.2,0.1,5.1,0.912
7.2,7.2,0.2,5.2,0.898
7.2,7.2,0.3,5.3,0.908
7.2,7.2,0.4,5.4,0.906
7.2,7.2,0.5,5.5,0.914
7.2,7.2,0.6,5.6,0.906
7.2,7.2,0.7,5.7,0.9
7.2,7.2,0.8,5.8,0.936
7.2,7.2,0.9,5.9,0.93
7.2,7.2,1.0,6.0,0.92
7.2,7.2,1.1,6.1,0.922
7.2,7.2,1.2,6.2,0.93
7.2,7.2,1.3,6.3,0.908
7.2,7.2,1.4,6.4,0.932
7.2,7.2,1.5,6.5,0.932
7.2,7.2,1.6,6.6,0.932
7.2,7.2,1.7,6.7,0.93
7.2,7.2,1.8,6.8,0.918
7.2,7.2,1.9,6.9,0.896
7.2,7.2,2.0,7.0,0.928
7.2,7.2,2.1,7.1,0.904
7.2,7.2,2.2,7.2,0.91
7.2,7.2,2.3,7.3,0.89
7.2,7.2,2.4,7.4,0.9
7.2,7.2,2.5,7.5,0.888
7.2,7.2,2.6,7.6,0.86
7.2,7.2,2.7,7.7,0.84
7.2,7.2,2.8,7.8,0.852
7.2,7.2,2.9,7.9,0.85
7.2,7.2,3.0,8.0,0.802
7.2,7.2,3.1,8.1,0.802
7.2,7.2,3.2,8.2,0.794
7.2,7.2,3.3,8.3,0.766
7.2,7.2,3.4,8.4,0.766
7.2,7.2,3.5,8.5,0.712
7.2,7.2,3.6,8.6,0.644
7.2,7.2,3.7,8.7,0.688
7.2,7.2,3.8,8.8,0.59
7.2,7.2,3.9,8.9,0.572
7.2,7.2,4.0,9.0,0.532
7.2,7.2,4.1,9.1,0.52
7.2,7.2,4.2,9.2,0.49
7.2,7.2,4.3,9.3,0.462
7.2,7.2,4.4,9.4,0.386
7.2,7.2,4.5,9.5,0.35
7.2,7.2,4.6,9.6,0.36
7.2,7.2,4.7,9.7,0.296
7.2,7.2,4.8,9.8,0.246
7.2,7.2,4.9,9.9,0.258
7.2,7.2,5.0,10.0,0.218
7.2,7.2,5.1,10.1,0.2
7.2,7.2,5.2,10.2,0.168
7.2,7.2,5.3,10.3,0.19
7.2,7.2,5.4,10.4,0.174
7.2,7.2,5.5,10.5,0.17
7.2,7.2,5.6,10.6,0.128
7.2,7.2,5.7,10.7,0.156
7.2,7.2,5.8,10.8,0.13
7.2,7.2,5.9,10.9,0.122
7.2,7.2,6.0,11.0,0.128
7.2,7.2,6.1,11.1,0.11
7.2,7.2,6.2,11.2,0.096
7.2,7.2,6.3,11.3,0.118
7.2,7.2,6.4,11.4,0.124
7.2,7.2,6.5,11.5,0.12
7.2,7.2,6.6,11.6,0.12
7.2,7.2,6.7,11.7,0.084
7.2,7.2,6.8,11.8,0.092
7.2,7.2,6.9,11.9,0.118
7.2,7.2,7.0,12.0,0.108
7.2,7.2,7.1,12.1,0.118
7.2,7.2,7.2,12.2,0.102
7.2,7.2,7.3,12.3,0.118
7.2,7.2,7.4,12.4,0.096
7.2,7.2,7.5,12.5,0.14
7.2,7.2,7.6,12.6,0.098
7.2,7.2,7.7,12.7,0.12
7.2,7.2,7.8,12.8,0.118
7.2,7.2,7.9,12.9,0.112
7.2,7.2,8.0,13.0,0.126
7.2,7.2,8.1,13.1,0.076
7.2,7.2,8.2,13.2,0.096
7.2,7.2,8.3,13.3,0.098
7.2,7.2,8.4,13.4,0.094
7.2,7.2,8.5,13.5,0.098
7.2,7.2,8.6,13.6,0.102
7.2,7.2,8.7,13.7,0.052
7.2,7.2,8.8,13.8,0.076
7.2,7.2,8.9,13.9,0.094
7.2,7.2,9.0,14.0,0.11
7.2,7.2,9.1,14.1,0.068
7.2,7.2,9.2,14.2,0.078
7.2,7.2,9.3,14.3,0.092
7.2,7.2,9.4,14.4,0.082
7.2,7.2,9.5,14.5,0.086
7.2,7.2,9.6,14.6,0.054
7.2,7.2,9.7,14.7,0.064
7.2,7.2,9.8,14.8,0.072
7.2,7.2,9.9,14.9,0.076
7.2,7.2,10.0,15.0,0.05
7.2,7.2,10.1,15.1,0.048
7.2,7.2,10.2,15.2,0.046
7.2,7.2,10.3,15.3,0.08
7.2,7.2,10.4,15.4,0.064
7.2,7.2,10.5,15.5,0.068
7.2,7.2,10.6,15.6,0.062
7.2,7.2,10.7,15.7,0.06
7.2,7.2,10.8,15.8,0.05
7.2,7.2,10.9,15.9,0.05
7.2,7.2,11.0,16.0,0.068
7.2,7.2,11.1,16.1,0.052
7.2,7.2,11.2,16.2,0.048
7.2,7.2,11.3,16.3,0.042
7.2,7.2,11.4,16.4,0.054
7.2,7.2,11.5,16.5,0.052
7.2,7.2,11.6,16.6,0.05
7.2,7.2,11.7,16.7,0.064
7.2,7.2,11.8,16.8,0.058
7.2,7.2,11.9,16.9,0.056
7.2,7.2,12.0,17.0,0.082
7.2,7.2,12.1,17.1,0.046
7.2,7.2,12.2,17.2,0.03
7.2,7.2,12.3,17.3,0.07
7.2,7.2,12.4,17.4,0.058
7.2,7.2,12.5,17.5,0.052
7.2,7.2,12.6,17.6,0.046
7.2,7.2,12.7,17.7,0.044
7.2,7.2,12.8,17.8,0.048
7.2,7.2,12.9,17.9,0.054
7.2,7.2,13.0,18.0,0.056
7.2,7.2,13.1,18.1,0.052
7.2,7.2,13.2,18.2,0.04
7.2,7.2,13.3,18.3,0.052
7.2,7.2,13.4,18.4,0.04
7.2,7.2,13.5,18.5,0.06
7.2,7.2,13.6,18.6,0.042
7.2,7.2,13.7,18.7,0.042
7.2,7.2,13.8,18.8,0.054
7.2,7.2,13.9,18.9,0.058
7.2,7.2,14.0,19.0,0.054
7.2,7.2,14.1,19.1,0.052
7.2,7.2,14.2,19.2,0.062
7.2,7.2,14.3,19.3,0.062
7.2,7.2,14.4,19.4,0.044
7.2,7.2,14.5,19.5,0.064
7.2,7.2,14.6,19.6,0.056
7.2,7.2,14.7,19.7,0.044
7.2,7.2,14.8,19.8,0.04
7.2,7.2,14.9,19.9,0.056
7.2,7.2,15.0,20.0,0.048
7.3,7.3,0.0,5.0,0.89
7.3,7.3,0.1,5.1,0.89
7.3,7.3,0.2,5.2,0.896
7.3,7.3,0.3,5.3,0.898
7.3,7.3,0.4,5.4,0.92
7.3,7.3,0.5,5.5,0.926
7.3,7.3,0.6,5.6,0.918
7.3,7.3,0.7,5.7,0.904
7.3,7.3,0.8,5.8,0.922
7.3,7.3,0.9,5.9,0.918
7.3,7.3,1.0,6.0,0.93
7.3,7.3,1.1,6.1,0.902
7.3,7.3,1.2,6.2,0.916
7.3,7.3,1.3,6.3,0.924
7.3,7.3,1.4,6.4,0.92
7.3,7.3,1.5,6.5,0.934
7.3,7.3,1.6,6.6,0.942
7.3,7.3,1.7,6.7,0.9
7.3,7.3,1.8,6.8,0.918
7.3,7.3,1.9,6.9,0.928
7.3,7.3,2.0,7.0,0.922
7.3,7.3,2.1,7.1,0.904
7.3,7.3,2.2,7.2,0.9
7.3,7.3,2.3,7.3,0.91
7.3,7.3,2.4,7.4,0.914
7.3,7.3,2.5,7.5,0.878
7.3,7.3,2.6,7.6,0.882
7.3,7.3,2.7,7.7,0.868
7.3,7.3,2.8,7.8,0.85
7.3,7.3,2.9,7.9,0.864
7.3,7.3,3.0,8.0,0.82
7.3,7.3,3.1,8.1,0.84
7.3,7.3,3.2,8.2,0.82
7.3,7.3,3.3,8.3,0.764
7.3,7.3,3.4,8.4,0.762
7.3,7.3,3.5,8.5,0.798
7.3,7.3,3.6,8.6,0.706
7.3,7.3,3.7,8.7,0.7
7.3,7.3,3.8,8.8,0.672
7.3,7.3,3.9,8.9,0.65
7.3,7.3,4.0,9.0,0.58
7.3,7.3,4.1,9.1,0.54
7.3,7.3,4.2,9.2,0.486
7.3,7.3,4.3,9.3,0.472
7.3,7.3,4.4,9.4,0.438
7.3,7.3,4.5,9.5,0.356
7.3,7.3,4.6,9.6,0.352
7.3,7.3,4.7,9.7,0.3
7.3,7.3,4.8,9.8,0.298
7.3,7.3,4.9,9.9,0.256
7.3,7.3,5.0,10.0,0.22
7.3,7.3,5.1,10.1,0.212
7.3,7.3,5.2,10.2,0.21
7.3,7.3,5.3,10.3,0.188
7.3,7.3,5.4,10.4,0.204
7.3,7.3,5.5,10.5,0.176
7.3,7.3,5.6,10.6,0.154
7.3,7.3,5.7,10.7,0.142
7.3,7.3,5.8,10.8,0.14
7.3,7.3,5.9,10.9,0.138
7.3,7.3,6.0,11.0,0.122
7.3,7.3,6.1,11.1,0.116
7.3,7.3,6.2,11.2,0.108
7.3,7.3,6.3,11.3,0.132
7.3,7.3,6.4,11.4,0.118
7.3,7.3,6.5,11.5,0.114
7.3,7.3,6.6,11.6,0.118
7.3,7.3,6.7,11.7,0.142
7.3,7.3,6.8,11.8,0.13
7.3,7.3,6.9,11.9,0.102
7.3,7.3,7.0,12.0,0.094
7.3,7.3,7.1,12.1,0.096
7.3,7.3,7.2,12.2,0.124
7.3,7.3,7.3,12.3,0.106
7.3,7.3,7.4,12.4,0.086
7.3,7.3,7.5,12.5,0.116
7.3,7.3,7.6,12.6,0.11
7.3,7.3,7.7,12.7,0.08
7.3,7.3,7.8,12.8,0.104
7.3,7.3,7.9,12.9,0.114
7.3,7.3,8.0,13.0,0.098
7.3,7.3,8.1,13.1,0.1
7.3,7.3,8.2,13.2,0.096
7.3,7.3,8.3,13.3,0.082
7.3,7.3,8.4,13.4,0.08
7.3,7.3,8.5,13.5,0.072
7.3,7.3,8.6,13.6,0.108
7.3,7.3,8.7,13.7,0.094
7.3,7.3,8.8,13.8,0.096
7.3,7.3,8.9,13.9,0.122
7.3,7.3,9.0,14.0,0.072
7.3,7.3,9.1,14.1,0.092
7.3,7.3,9.2,14.2,0.082
7.3,7.3,9.3,14.3,0.074
7.3,7.3,9.4,14.4,0.09
7.3,7.3,9.5,14.5,0.058
7.3,7.3,9.6,14.6,0.086
7.3,7.3,9.7,14.7,0.066
7.3,7.3,9.8,14.8,0.088
7.3,7.3,9.9,14.9,0.094
7.3,7.3,10.0,15.0,0.08
7.3,7.3,10.1,15.1,0.058
7.3,7.3,10.2,15.2,0.052
7.3,7.3,10.3,15.3,0.086
7.3,7.3,10.4,15.4,0.086
7.3,7.3,10.5,15.5,0.058
7.3,7.3,10.6,15.6,0.066
7.3,7.3,10.7,15.7,0.048
7.3,7.3,10.8,15.8,0.052
7.3,7.3,10.9,15.9,0.058
7.3,7.3,11.0,16.0,0.06
7.3,7.3,11.1,16.1,0.046
7.3,7.3,11.2,16.2,0.046
7.3,7.3,11.3,16.3,0.056
7.3,7.3,11.4,16.4,0.058
7.3,7.3,11.5,16.5,0.058
7.3,7.3,11.6,16.6,0.078
7.3,7.3,11.7,16.7,0.044
7.3,7.3,11.8,16.8,0.046
7.3,7.3,11.9,16.9,0.048
7.3,7.3,12.0,17.0,0.05
7.3,7.3,12.1,17.1,0.046
7.3,7.3,12.2,17.2,0.054
7.3,7.3,12.3,17.3,0.042
7.3,7.3,12.4,17.4,0.05
7.3,7.3,12.5,17.5,0.06
7.3,7.3,12.6,17.6,0.05
7.3,7.3,12.7,17.7,0.062
7.3,7.3,12.8,17.8,0.056
7.3,7.3,12.9,17.9,0.062
7.3,7.3,13.0,18.0,0.062
7.3,7.3,13.1,18.1,0.054
7.3,7.3,13.2,18.2,0.068
7.3,7.3,13.3,18.3,0.072
7.3,7.3,13.4,18.4,0.046
7.3,7.3,13.5,18.5,0.044
7.3,7.3,13.6,18.6,0.032
7.3,7.3,13.7,18.7,0.06
7.3,7.3,13.8,18.8,0.058
7.3,7.3,13.9,18.9,0.052
7.3,7.3,14.0,19.0,0.042
7.3,7.3,14.1,19.1,0.048
7.3,7.3,14.2,19.2,0.052
7.3,7.3,14.3,19.3,0.05
7.3,7.3,14.4,19.4,0.058
7.3,7.3,14.5,19.5,0.052
7.3,7.3,14.6,19.6,0.05
7.3,7.3,14.7,19.7,0.064
7.3,7.3,14.8,19.8,0.05
7.3,7.3,14.9,19.9,0.06
7.3,7.3,15.0,20.0,0.054
7.4,7.4,0.0,5.0,0.884
7.4,7.4,0.1,5.1,0.896
7.4,7.4,0.2,5.2,0.886
7.4,7.4,0.3,5.3,0.91
7.4,7.4,0.4,5.4,0.928
7.4,7.4,0.5,5.5,0.9
7.4,7.4,0.6,5.6,0.914
7.4,7.4,0.7,5.7,0.9
7.4,7.4,0.8,5.8,0.926
7.4,7.4,0.9,5.9,0.928
7.4,7.4,1.0,6.0,0.92
7.4,7.4,1.1,6.1,0.922
7.4,7.4,1.2,6.2,0.918
7.4,7.4,1.3,6.3,0.95
7.4,7.4,1.4,6.4,0.948
7.4,7.4,1.5,6.5,0.918
7.4,7.4,1.6,6.6,0.94
7.4,7.4,1.7,6.7,0.906
7.4,7.4,1.8,6.8,0.92
7.4,7.4,1.9,6.9,0.918
7.4,7.4,2.0,7.0,0.92
7.4,7.4,2.1,7.1,0.912
7.4,7.4,2.2,7.2,0.918
7.4,7.4,2.3,7.3,0.894
7.4,7.4,2.4,7.4,0.916
7.4,7.4,2.5,7.5,0.908
7.4,7.4,2.6,7.6,0.906
7.4,7.4,2.7,7.7,0.868
7.4,7.4,2.8,7.8,0.846
7.4,7.4,2.9,7.9,0.866
7.4,7.4,3.0,8.0,0.848
7.4,7.4,3.1,8.1,0.828
7.4,7.4,3.2,8.2,0.818
7.4,7.4,3.3,8.3,0.812
7.4,7.4,3.4,8.4,0.812
7.4,7.4,3.5,8.5,0.774
7.4,7.4,3.6,8.6,0.752
7.4,7.4,3.7,8.7,0.716
7.4,7.4,3.8,8.8,0.66
7.4,7.4,3.9,8.9,0.626
7.4,7.4,4.0,9.0,0.63
7.4,7.4,4.1,9.1,0.57
7.4,7.4,4.2,9.2,0.554
7.4,7.4,4.3,9.3,0.48
7.4,7.4,4.4,9.4,0.468
7.4,7.4,4.5,9.5,0.45
7.4,7.4,4.6,9.6,0.398
7.4,7.4,4.7,9.7,0.362
7.4,7.4,4.8,9.8,0.338
7.4,7.4,4.9,9.9,0.34
7.4,7.4,5.0,10.0,0.266
7.4,7.4,5.1,10.1,0.276
7.4,7.4,5.2,10.2,0.244
7.4,7.4,5.3,10.3,0.202
7.4,7.4,5.4,10.4,0.204
7.4,7.4,5.5,10.5,0.164
7.4,7.4,5.6,10.6,0.16
7.4,7.4,5.7,10.7,0.178
7.4,7.4,5.8,10.8,0.168
7.4,7.4,5.9,10.9,0.144
7.4,7.4,6.0,11.0,0.122
7.4,7.4,6.1,11.1,0.132
7.4,7.4,6.2,11.2,0.1
7.4,7.4,6.3,11.3,0.114
7.4,7.4,6.4,11.4,0.138
7.4,7.4,6.5,11.5,0.118
7.4,7.4,6.6,11.6,0.116
7.4,7.4,6.7,11.7,0.098
7.4,7.4,6.8,11.8,0.126
7.4,7.4,6.9,11.9,0.112
7.4,7.4,7.0,12.0,0.124
7.4,7.4,7.1,12.1,0.116
7.4,7.4,7.2,12.2,0.1
7.4,7.4,7.3,12.3,0.114
7.4,7.4,7.4,12.4,0.118
7.4,7.4,7.5,12.5,0.104
7.4,7.4,7.6,12.6,0.112
7.4,7.4,7.7,12.7,0.11
7.4,7.4,7.8,12.8,0.11
7.4,7.4,7.9,12.9,0.09
7.4,7.4,8.0,13.0,0.132
7.4,7.4,8.1,13.1,0.104
7.4,7.4,8.2,13.2,0.102
7.4,7.4,8.3,13.3,0.11
7.4,7.4,8.4,13.4,0.086
7.4,7.4,8.5,13.5,0.09
7.4,7.4,8.6,13.6,0.1
7.4,7.4,8.7,13.7,0.07
7.4,7.4,8.8,13.8,0.086
7.4,7.4,8.9,13.9,0.106
7.4,7.4,9.0,14.0,0.096
7.4,7.4,9.1,14.1,0.094
7.4,7.4,9.2,14.2,0.076
7.4,7.4,9.3,14.3,0.086
7.4,7.4,9.4,14.4,0.082
7.4,7.4,9.5,14.5,0.076
7.4,7.4,9.6,14.6,0.088
7.4,7.4,9.7,14.7,0.08
7.4,7.4,9.8,14.8,0.09
7.4,7.4,9.9,14.9,0.07
7.4,7.4,10.0,15.0,0.074
7.4,7.4,10.1,15.1,0.058
7.4,7.4,10.2,15.2,0.074
7.4,7.4,10.3,15.3,0.06
7.4,7.4,10.4,15.4,0.066
7.4,7.4,10.5,15.5,0.062
7.4,7.4,10.6,15.6,0.07
7.4,7.4,10.7,15.7,0.064
7.4,7.4,10.8,15.8,0.056
7.4,7.4,10.9,15.9,0.046
7.4,7.4,11.0,16.0,0.036
7.4,7.4,11.1,16.1,0.066
7.4,7.4,11.2,16.2,0.068
7.4,7.4,11.3,16.3,0.054
7.4,7.4,11.4,16.4,0.06
7.4,7.4,11.5,16.5,0.054
7.4,7.4,11.6,16.6,0.058
7.4,7.4,11.7,16.7,0.052
7.4,7.4,11.8,16.8,0.048
7.4,7.4,11.9,16.9,0.052
7.4,7.4,12.0,17.0,0.046
7.4,7.4,12.1,17.1,0.05
7.4,7.4,12.2,17.2,0.07
7.4,7.4,12.3,17.3,0.036
7.4,7.4,12.4,17.4,0.032
7.4,7.4,12.5,17.5,0.042
7.4,7.4,12.6,17.6,0.046
7.4,7.4,12.7,17.7,0.036
7.4,7.4,12.8,17.8,0.064
7.4,7.4,12.9,17.9,0.04
7.4,7.4,13.0,18.0,0.042
7.4,7.4,13.1,18.1,0.05
7.4,7.4,13.2,18.2,0.044
7.4,7.4,13.3,18.3,0.082
7.4,7.4,13.4,18.4,0.03
7.4,7.4,13.5,18.5,0.048
7.4,7.4,13.6,18.6,0.058
7.4,7.4,13.7,18.7,0.04
7.4,7.4,13.8,18.8,0.05
7.4,7.4,13.9,18.9,0.054
7.4,7.4,14.0,19.0,0.066
7.4,7.4,14.1,19.1,0.048
7.4,7.4,14.2,19.2,0.054
7.4,7.4,14.3,19.3,0.044
7.4,7.4,14.4,19.4,0.04
7.4,7.4,14.5,19.5,0.048
7.4,7.4,14.6,19.6,0.054
7.4,7.4,14.7,19.7,0.052
7.4,7.4,14.8,19.8,0.046
7.4,7.4,14.9,19.9,0.054
7.4,7.4,15.0,20.0,0.06
7.5,7.5,0.0,5.0,0.896
7.5,7.5,0.1,5.1,0.892
7.5,7.5,0.2,5.2,0.92
7.5,7.5,0.3,5.3,0.916
7.5,7.5,0.4,5.4,0.92
7.5,7.5,0.5,5.5,0.91
7.5,7.5,0.6,5.6,0.92
7.5,7.5,0.7,5.7,0.912
7.5,7.5,0.8,5.8,0.91
7.5,7.5,0.9,5.9,0.924
7.5,7.5,1.0,6.0,0.912
7.5,7.5,1.1,6.1,0.912
7.5,7.5,1.2,6.2,0.906
7.5,7.5,1.3,6.3,0.932
7.5,7.5,1.4,6.4,0.924
7.5,7.5,1.5,6.5,0.916
7.5,7.5,1.6,6.6,0.912
7.5,7.5,1.7,6.7,0.918
7.5,7.5,1.8,6.8,0.922
7.5,7.5,1.9,6.9,0.918
7.5,7.5,2.0,7.0,0.922
7.5,7.5,2.1,7.1,0.906
7.5,7.5,2.2,7.2,0.92
7.5,7.5,2.3,7.3,0.908
7.5,7.5,2.4,7.4,0.912
7.5,7.5,2.5,7.5,0.876
7.5,7.5,2.6,7.6,0.884
7.5,7.5,2.7,7.7,0.894
7.5,7.5,2.8,7.8,0.87
7.5,7.5,2.9,7.9,0.854
7.5,7.5,3.0,8.0,0.852
7.5,7.5,3.1,8.1,0.844
7.5,7.5,3.2,8.2,0.828
7.5,7.5,3.3,8.3,0.842
7.5,7.5,3.4,8.4,0.832
7.5,7.5,3.5,8.5,0.816
7.5,7.5,3.6,8.6,0.758
7.5,7.5,3.7,8.7,0.712
7.5,7.5,3.8,8.8,0.722
7.5,7.5,3.9,8.9,0.704
7.5,7.5,4.0,9.0,0.626
7.5,7.5,4.1,9.1,0.6
7.5,7.5,4.2,9.2,0.556
7.5,7.5,4.3,9.3,0.524
7.5,7.5,4.4,9.4,0.496
7.5,7.5,4.5,9.5,0.442
7.5,7.5,4.6,9.6,0.37
7.5,7.5,4.7,9.7,0.394
7.5,7.5,4.8,9.8,0.362
7.5,7.5,4.9,9.9,0.34
7.5,7.5,5.0,10.0,0.306
7.5,7.5,5.1,10.1,0.274
7.5,7.5,5.2,10.2,0.258
7.5,7.5,5.3,10.3,0.228
7.5,7.5,5.4,10.4,0.234
7.5,7.5,5.5,10.5,0.204
7.5,7.5,5.6,10.6,0.19
7.5,7.5,5.7,10.7,0.15
7.5,7.5,5.8,10.8,0.184
7.5,7.5,5.9,10.9,0.16
7.5,7.5,6.0,11.0,0.158
7.5,7.5,6.1,11.1,0.144
7.5,7.5,6.2,11.2,0.182
7.5,7.5,6.3,11.3,0.134
7.5,7.5,6.4,11.4,0.12
7.5,7.5,6.5,11.5,0.124
7.5,7.5,6.6,11.6,0.106
7.5,7.5,6.7,11.7,0.122
7.5,7.5,6.8,11.8,0.12
7.5,7.5,6.9,11.9,0.104
7.5,7.5,7.0,12.0,0.114
7.5,7.5,7.1,12.1,0.118
7.5,7.5,7.2,12.2,0.108
7.5,7.5,7.3,12.3,0.108
7.5,7.5,7.4,12.4,0.112
7.5,7.5,7.5,12.5,0.104
7.5,7.5,7.6,12.6,0.102
7.5,7.5,7.7,12.7,0.106
7.5,7.5,7.8,12.8,0.114
7.5,7.5,7.9,12.9,0.076
7.5,7.5,8.0,13.0,0.094
7.5,7.5,8.1,13.1,0.104
7.5,7.5,8.2,13.2,0.082
7.5,7.5,8.3,13.3,0.122
7.5,7.5,8.4,13.4,0.096
7.5,7.5,8.5,13.5,0.092
7.5,7.5,8.6,13.6,0.128
7.5,7.5,8.7,13.7,0.12
7.5,7.5,8.8,13.8,0.108
7.5,7.5,8.9,13.9,0.108
7.5,7.5,9.0,14.0,0.088
7.5,7.5,9.1,14.1,0.106
7.5,7.5,9.2,14.2,0.094
7.5,7.5,9.3,14.3,0.094
7.5,7.5,9.4,14.4,0.094
7.5,7.5,9.5,14.5,0.092
7.5,7.5,9.6,14.6,0.078
7.5,7.5,9.7,14.7,0.1
7.5,7.5,9.8,14.8,0.094
7.5,7.5,9.9,14.9,0.08
7.5,7.5,10.0,15.0,0.05
7.5,7.5,10.1,15.1,0.072
7.5,7.5,10.2,15.2,0.064
7.5,7.5,10.3,15.3,0.078
7.5,7.5,10.4,15.4,0.076
7.5,7.5,10.5,15.5,0.074
7.5,7.5,10.6,15.6,0.076
7.5,7.5,10.7,15.7,0.048
7.5,7.5,10.8,15.8,0.048
7.5,7.5,10.9,15.9,0.062
7.5,7.5,11.0,16.0,0.04
7.5,7.5,11.1,16.1,0.046
7.5,7.5,11.2,16.2,0.042
7.5,7.5,11.3,16.3,0.076
7.5,7.5,11.4,16.4,0.056
7.5,7.5,11.5,16.5,0.052
7.5,7.5,11.6,16.6,0.058
7.5,7.5,11.7,16.7,0.054
7.5,7.5,11.8,16.8,0.056
7.5,7.5,11.9,16.9,0.05
7.5,7.5,12.0,17.0,0.044
7.5,7.5,12.1,17.1,0.05
7.5,7.5,12.2,17.2,0.07
7.5,7.5,12.3,17.3,0.058
7.5,7.5,12.4,17.4,0.034
7.5,7.5,12.5,17.5,0.076
7.5,7.5,12.6,17.6,0.056
7.5,7.5,12.7,17.7,0.046
7.5,7.5,12.8,17.8,0.048
7.5,7.5,12.9,17.9,0.04
7.5,7.5,13.0,18.0,0.054
7.5,7.5,13.1,18.1,0.044
7.5,7.5,13.2,18.2,0.046
7.5,7.5,13.3,18.3,0.058
7.5,7.5,13.4,18.4,0.042
7.5,7.5,13.5,18.5,0.052
7.5,7.5,13.6,18.6,0.072
7.5,7.5,13.7,18.7,0.038
7.5,7.5,13.8,18.8,0.046
7.5,7.5,13.9,18.9,0.048
7.5,7.5,14.0,19.0,0.052
7.5,7.5,14.1,19.1,0.054
7.5,7.5,14.2,19.2,0.044
7.5,7.5,14.3,19.3,0.042
7.5,7.5,14.4,19.4,0.048
7.5,7.5,14.5,19.5,0.062
7.5,7.5,14.6,19.6,0.054
7.5,7.5,14.7,19.7,0.034
7.5,7.5,14.8,19.8,0.04
7.5,7.5,14.9,19.9,0.054
7.5,7.5,15.0,20.0,0.058
7.6,7.6,0.0,5.0,0.864
7.6,7.6,0.1,5.1,0.886
7.6,7.6,0.2,5.2,0.888
7.6,7.6,0.3,5.3,0.904
7.6,7.6,0.4,5.4,0.892
7.6,7.6,0.5,5.5,0.914
7.6,7.6,0.6,5.6,0.902
7.6,7.6,0.7,5.7,0.92
7.6,7.6,0.8,5.8,0.902
7.6,7.6,0.9,5.9,0.892
7.6,7.6,1.0,6.0,0.902
7.6,7.6,1.1,6.1,0.932
7.6,7.6,1.2,6.2,0.914
7.6,7.6,1.3,6.3,0.924
7.6,7.6,1.4,6.4,0.922
7.6,7.6,1.5,6.5,0.918
7.6,7.6,1.6,6.6,0.9
7.6,7.6,1.7,6.7,0.942
7.6,7.6,1.8,6.8,0.926
7.6,7.6,1.9,6.9,0.932
7.6,7.6,2.0,7.0,0.92
7.6,7.6,2.1,7.1,0.908
7.6,7.6,2.2,7.2,0.918
7.6,7.6,2.3,7.3,0.902
7.6,7.6,2.4,7.4,0.886
7.6,7.6,2.5,7.5,0.902
7.6,7.6,2.6,7.6,0.898
7.6,7.6,2.7,7.7,0.908
7.6,7.6,2.8,7.8,0.886
7.6,7.6,2.9,7.9,0.882
7.6,7.6,3.0,8.0,0.842
7.6,7.6,3.1,8.1,0.84
7.6,7.6,3.2,8.2,0.848
7.6,7.6,3.3,8.3,0.83
7.6,7.6,3.4,8.4,0.83
7.6,7.6,3.5,8.5,0.814
7.6,7.6,3.6,8.6,0.758
7.6,7.6,3.7,8.7,0.734
7.6,7.6,3.8,8.8,0.71
7.6,7.6,3.9,8.9,0.704
7.6,7.6,4.0,9.0,0.656
7.6,7.6,4.1,9.1,0.662
7.6,7.6,4.2,9.2,0.624
7.6,7.6,4.3,9.3,0.572
7.6,7.6,4.4,9.4,0.536
7.6,7.6,4.5,9.5,0.474
7.6,7.6,4.6,9.6,0.478
7.6,7.6,4.7,9.7,0.486
7.6,7.6,4.8,9.8,0.408
7.6,7.6,4.9,9.9,0.364
7.6,7.6,5.0,10.0,0.314
7.6,7.6,5.1,10.1,0.31
7.6,7.6,5.2,10.2,0.276
7.6,7.6,5.3,10.3,0.25
7.6,7.6,5.4,10.4,0.214
7.6,7.6,5.5,10.5,0.228
7.6,7.6,5.6,10.6,0.198
7.6,7.6,5.7,10.7,0.172
7.6,7.6,5.8,10.8,0.156
7.6,7.6,5.9,10.9,0.146
7.6,7.6,6.0,11.0,0.176
7.6,7.6,6.1,11.1,0.14
7.6,7.6,6.2,11.2,0.136
7.6,7.6,6.3,11.3,0.126
7.6,7.6,6.4,11.4,0.148
7.6,7.6,6.5,11.5,0.158
7.6,7.6,6.6,11.6,0.136
7.6,7.6,6.7,11.7,0.118
7.6,7.6,6.8,11.8,0.124
7.6,7.6,6.9,11.9,0.102
7.6,7.6,7.0,12.0,0.114
7.6,7.6,7.1,12.1,0.112
7.6,7.6,7.2,12.2,0.11
7.6,7.6,7.3,12.3,0.11
7.6,7.6,7.4,12.4,0.114
7.6,7.6,7.5,12.5,0.102
7.6,7.6,7.6,12.6,0.102
7.6,7.6,7.7,12.7,0.122
7.6,7.6,7.8,12.8,0.1
7.6,7.6,7.9,12.9,0.114
7.6,7.6,8.0,13.0,0.096
7.6,7.6,8.1,13.1,0.122
7.6,7.6,8.2,13.2,0.106
7.6,7.6,8.3,13.3,0.104
7.6,7.6,8.4,13.4,0.096
7.6,7.6,8.5,13.5,0.1
7.6,7.6,8.6,13.6,0.09
7.6,7.6,8.7,13.7,0.098
7.6,7.6,8.8,13.8,0.092
7.6,7.6,8.9,13.9,0.108
7.6,7.6,9.0,14.0,0.082
7.6,7.6,9.1,14.1,0.088
7.6,7.6,9.2,14.2,0.08
7.6,7.6,9.3,14.3,0.106
7.6,7.6,9.4,14.4,0.12
7.6,7.6,9.5,14.5,0.112
7.6,7.6,9.6,14.6,0.082
7.6,7.6,9.7,14.7,0.06
7.6,7.6,9.8,14.8,0.056
7.6,7.6,9.9,14.9,0.078
7.6,7.6,10.0,15.0,0.092
7.6,7.6,10.1,15.1,0.098
7.6,7.6,10.2,15.2,0.08
7.6,7.6,10.3,15.3,0.066
7.6,7.6,10.4,15.4,0.092
7.6,7.6,10.5,15.5,0.068
7.6,7.6,10.6,15.6,0.066
7.6,7.6,10.7,15.7,0.05
7.6,7.6,10.8,15.8,0.064
7.6,7.6,10.9,15.9,0.064
7.6,7.6,11.0,16.0,0.062
7.6,7.6,11.1,16.1,0.068
7.6,7.6,11.2,16.2,0.056
7.6,7.6,11.3,16.3,0.06
7.6,7.6,11.4,16.4,0.05
7.6,7.6,11.5,16.5,0.046
7.6,7.6,11.6,16.6,0.06
7.6,7.6,11.7,16.7,0.056
7.6,7.6,11.8,16.8,0.07
7.6,7.6,11.9,16.9,0.044
7.6,7.6,12.0,17.0,0.068
7.6,7.6,12.1,17.1,0.062
7.6,7.6,12.2,17.2,0.03
7.6,7.6,12.3,17.3,0.074
7.6,7.6,12.4,17.4,0.042
7.6,7.6,12.5,17.5,0.042
7.6,7.6,12.6,17.6,0.036
7.6,7.6,12.7,17.7,0.032
7.6,7.6,12.8,17.8,0.05
7.6,7.6,12.9,17.9,0.062
7.6,7.6,13.0,18.0,0.038
7.6,7.6,13.1,18.1,0.052
7.6,7.6,13.2,18.2,0.072
7.6,7.6,13.3,18.3,0.056
7.6,7.6,13.4,18.4,0.046
7.6,7.6,13.5,18.5,0.04
7.6,7.6,13.6,18.6,0.034
7.6,7.6,13.7,18.7,0.044
7.6,7.6,13.8,18.8,0.028
7.6,7.6,13.9,18.9,0.062
7.6,7.6,14.0,19.0,0.048
7.6,7.6,14.1,19.1,0.056
7.6,7.6,14.2,19.2,0.064
7.6,7.6,14.3,19.3,0.052
7.6,7.6,14.4,19.4,0.05
7.6,7.6,14.5,19.5,0.036
7.6,7.6,14.6,19.6,0.048
7.6,7.6,14.7,19.7,0.036
7.6,7.6,14.8,19.8,0.044
7.6,7.6,14.9,19.9,0.05
7.6,7.6,15.0,20.0,0.04
7.7,7.7,0.0,5.0,0.88
7.7,7.7,0.1,5.1,0.884
7.7,7.7,0.2,5.2,0.892
7.7,7.7,0.3,5.3,0.89
7.7,7.7,0.4,5.4,0.906
7.7,7.7,0.5,5.5,0.916
7.7,7.7,0.6,5.6,0.898
7.7,7.7,0.7,5.7,0.91
7.7,7.7,0.8,5.8,0.906
7.7,7.7,0.9,5.9,0.9
7.7,7.7,1.0,6.0,0.916
7.7,7.7,1.1,6.1,0.916
7.7,7.7,1.2,6.2,0.926
7.7,7.7,1.3,6.3,0.906
7.7,7.7,1.4,6.4,0.944
7.7,7.7,1.5,6.5,0.924
7.7,7.7,1.6,6.6,0.924
7.7,7.7,1.7,6.7,0.92
7.7,7.7,1.8,6.8,0.918
7.7,7.7,1.9,6.9,0.91
7.7,7.7,2.0,7.0,0.924
7.7,7.7,2.1,7.1,0.91
7.7,7.7,2.2,7.2,0.932
7.7,7.7,2.3,7.3,0.914
7.7,7.7,2.4,7.4,0.896
7.7,7.7,2.5,7.5,0.918
7.7,7.7,2.6,7.6,0.894
7.7,7.7,2.7,7.7,0.912
7.7,7.7,2.8,7.8,0.892
7.7,7.7,2.9,7.9,0.856
7.7,7.7,3.0,8.0,0.872
7.7,7.7,3.1,8.1,0.85
7.7,7.7,3.2,8.2,0.866
7.7,7.7,3.3,8.3,0.868
7.7,7.7,3.4,8.4,0.852
7.7,7.7,3.5,8.5,0.834
7.7,7.7,3.6,8.6,0.794
7.7,7.7,3.7,8.7,0.772
7.7,7.7,3.8,8.8,0.792
7.7,7.7,3.9,8.9,0.748
7.7,7.7,4.0,9.0,0.718
7.7,7.7,4.1,9.1,0.71
7.7,7.7,4.2,9.2,0.642
7.7,7.7,4.3,9.3,0.642
7.7,7.7,4.4,9.4,0.524
7.7,7.7,4.5,9.5,0.562
7.7,7.7,4.6,9.6,0.548
7.7,7.7,4.7,9.7,0.476
7.7,7.7,4.8,9.8,0.414
7.7,7.7,4.9,9.9,0.37
7.7,7.7,5.0,10.0,0.32
7.7,7.7,5.1,10.1,0.336
7.7,7.7,5.2,10.2,0.3
7.7,7.7,5.3,10.3,0.244
7.7,7.7,5.4,10.4,0.262
7.7,7.7,5.5,10.5,0.266
7.7,7.7,5.6,10.6,0.232
7.7,7.7,5.7,10.7,0.18
7.7,7.7,5.8,10.8,0.182
7.7,7.7,5.9,10.9,0.18
7.7,7.7,6.0,11.0,0.16
7.7,7.7,6.1,11.1,0.156
7.7,7.7,6.2,11.2,0.126
7.7,7.7,6.3,11.3,0.13
7.7,7.7,6.4,11.4,0.122
7.7,7.7,6.5,11.5,0.138
7.7,7.7,6.6,11.6,0.148
7.7,7.7,6.7,11.7,0.134
7.7,7.7,6.8,11.8,0.132
7.7,7.7,6.9,11.9,0.114
7.7,7.7,7.0,12.0,0.118
7.7,7.7,7.1,12.1,0.122
7.7,7.7,7.2,12.2,0.106
7.7,7.7,7.3,12.3,0.11
7.7,7.7,7.4,12.4,0.094
7.7,7.7,7.5,12.5,0.118
7.7,7.7,7.6,12.6,0.122
7.7,7.7,7.7,12.7,0.112
7.7,7.7,7.8,12.8,0.118
7.7,7.7,7.9,12.9,0.11
7.7,7.7,8.0,13.0,0.112
7.7,7.7,8.1,13.1,0.094
7.7,7.7,8.2,13.2,0.106
7.7,7.7,8.3,13.3,0.108
7.7,7.7,8.4,13.4,0.1
7.7,7.7,8.5,13.5,0.09
7.7,7.7,8.6,13.6,0.112
7.7,7.7,8.7,13.7,0.096
7.7,7.7,8.8,13.8,0.07
7.7,7.7,8.9,13.9,0.102
7.7,7.7,9.0,14.0,0.084
7.7,7.7,9.1,14.1,0.082
7.7,7.7,9.2,14.2,0.092
7.7,7.7,9.3,14.3,0.076
7.7,7.7,9.4,14.4,0.086
7.7,7.7,9.5,14.5,0.07
7.7,7.7,9.6,14.6,0.06
7.7,7.7,9.7,14.7,0.08
7.7,7.7,9.8,14.8,0.064
7.7,7.7,9.9,14.9,0.072
7.7,7.7,10.0,15.0,0.094
7.7,7.7,10.1,15.1,0.096
7.7,7.7,10.2,15.2,0.06
7.7,7.7,10.3,15.3,0.068
7.7,7.7,10.4,15.4,0.058
7.7,7.7,10.5,15.5,0.076
7.7,7.7,10.6,15.6,0.076
7.7,7.7,10.7,15.7,0.066
7.7,7.7,10.8,15.8,0.048
7.7,7.7,10.9,15.9,0.052
7.7,7.7,11.0,16.0,0.06
7.7,7.7,11.1,16.1,0.06
7.7,7.7,11.2,16.2,0.076
7.7,7.7,11.3,16.3,0.046
7.7,7.7,11.4,16.4,0.072
7.7,7.7,11.5,16.5,0.058
7.7,7.7,11.6,16.6,0.052
7.7,7.7,11.7,16.7,0.048
7.7,7.7,11.8,16.8,0.052
7.7,7.7,11.9,16.9,0.07
7.7,7.7,12.0,17.0,0.046
7.7,7.7,12.1,17.1,0.052
7.7,7.7,12.2,17.2,0.05
7.7,7.7,12.3,17.3,0.038
7.7,7.7,12.4,17.4,0.06
7.7,7.7,12.5,17.5,0.044
7.7,7.7,12.6,17.6,0.04
7.7,7.7,12.7,17.7,0.064
7.7,7.7,12.8,17.8,0.052
7.7,7.7,12.9,17.9,0.06
7.7,7.7,13.0,18.0,0.046
7.7,7.7,13.1,18.1,0.068
7.7,7.7,13.2,18.2,0.066
7.7,7.7,13.3,18.3,0.052
7.7,7.7,13.4,18.4,0.064
7.7,7.7,13.5,18.5,0.05
7.7,7.7,13.6,18.6,0.056
7.7,7.7,13.7,18.7,0.044
7.7,7.7,13.8,18.8,0.056
7.7,7.7,13.9,18.9,0.048
7.7,7.7,14.0,19.0,0.058
7.7,7.7,14.1,19.1,0.058
7.7,7.7,14.2,19.2,0.058
7.7,7.7,14.3,19.3,0.056
7.7,7.7,14.4,19.4,0.022
7.7,7.7,14.5,19.5,0.044
7.7,7.7,14.6,19.6,0.052
7.7,7.7,14.7,19.7,0.048
7.7,7.7,14.8,19.8,0.042
7.7,7.7,14.9,19.9,0.044
7.7,7.7,15.0,20.0,0.052
7.8,7.8,0.0,5.0,0.86
7.8,7.8,0.1,5.1,0.864
7.8,7.8,0.2,5.2,0.872
7.8,7.8,0.3,5.3,0.88
7.8,7.8,0.4,5.4,0.938
7.8,7.8,0.5,5.5,0.884
7.8,7.8,0.6,5.6,0.902
7.8,7.8,0.7,5.7,0.906
7.8,7.8,0.8,5.8,0.908
7.8,7.8,0.9,5.9,0.912
7.8,7.8,1.0,6.0,0.926
7.8,7.8,1.1,6.1,0.906
7.8,7.8,1.2,6.2,0.926
7.8,7.8,1.3,6.3,0.91
7.8,7.8,1.4,6.4,0.926
7.8,7.8,1.5,6.5,0.918
7.8,7.8,1.6,6.6,0.914
7.8,7.8,1.7,6.7,0.9
7.8,7.8,1.8,6.8,0.934
7.8,7.8,1.9,6.9,0.924
7.8,7.8,2.0,7.0,0.926
7.8,7.8,2.1,7.1,0.92
7.8,7.8,2.2,7.2,0.904
7.8,7.8,2.3,7.3,0.928
7.8,7.8,2.4,7.4,0.896
7.8,7.8,2.5,7.5,0.926
7.8,7.8,2.6,7.6,0.912
7.8,7.8,2.7,7.7,0.888
7.8,7.8,2.8,7.8,0.904
7.8,7.8,2.9,7.9,0.878
7.8,7.8,3.0,8.0,0.856
7.8,7.8,3.1,8.1,0.894
7.8,7.8,3.2,8.2,0.87
7.8,7.8,3.3,8.3,0.87
7.8,7.8,3.4,8.4,0.848
7.8,7.8,3.5,8.5,0.858
7.8,7.8,3.6,8.6,0.812
7.8,7.8,3.7,8.7,0.81
7.8,7.8,3.8,8.8,0.794
7.8,7.8,3.9,8.9,0.772
7.8,7.8,4.0,9.0,0.756
7.8,7.8,4.1,9.1,0.716
7.8,7.8,4.2,9.2,0.668
7.8,7.8,4.3,9.3,0.694
7.8,7.8,4.4,9.4,0.582
7.8,7.8,4.5,9.5,0.584
7.8,7.8,4.6,9.6,0.546
7.8,7.8,4.7,9.7,0.47
7.8,7.8,4.8,9.8,0.428
7.8,7.8,4.9,9.9,0.434
7.8,7.8,5.0,10.0,0.384
7.8,7.8,5.1,10.1,0.356
7.8,7.8,5.2,10.2,0.322
7.8,7.8,5.3,10.3,0.278
7.8,7.8,5.4,10.4,0.274
7.8,7.8,5.5,10.5,0.256
7.8,7.8,5.6,10.6,0.226
7.8,7.8,5.7,10.7,0.2
7.8,7.8,5.8,10.8,0.154
7.8,7.8,5.9,10.9,0.19
7.8,7.8,6.0,11.0,0.156
7.8,7.8,6.1,11.1,0.162
7.8,7.8,6.2,11.2,0.162
7.8,7.8,6.3,11.3,0.156
7.8,7.8,6.4,11.4,0.126
7.8,7.8,6.5,11.5,0.128
7.8,7.8,6.6,11.6,0.132
7.8,7.8,6.7,11.7,0.122
7.8,7.8,6.8,11.8,0.116
7.8,7.8,6.9,11.9,0.11
7.8,7.8,7.0,12.0,0.154
7.8,7.8,7.1,12.1,0.142
7.8,7.8,7.2,12.2,0.122
7.8,7.8,7.3,12.3,0.09
7.8,7.8,7.4,12.4,0.104
7.8,7.8,7.5,12.5,0.098
7.8,7.8,7.6,12.6,0.088
7.8,7.8,7.7,12.7,0.132
7.8,7.8,7.8,12.8,0.082
7.8,7.8,7.9,12.9,0.088
7.8,7.8,8.0,13.0,0.1
7.8,7.8,8.1,13.1,0.11
7.8,7.8,8.2,13.2,0.09
7.8,7.8,8.3,13.3,0.102
7.8,7.8,8.4,13.4,0.116
7.8,7.8,8.5,13.5,0.098
7.8,7.8,8.6,13.6,0.106
7.8,7.8,8.7,13.7,0.102
7.8,7.8,8.8,13.8,0.094
7.8,7.8,8.9,13.9,0.1
7.8,7.8,9.0,14.0,0.132
7.8,7.8,9.1,14.1,0.1
7.8,7.8,9.2,14.2,0.108
7.8,7.8,9.3,14.3,0.108
7.8,7.8,9.4,14.4,0.074
7.8,7.8,9.5,14.5,0.104
7.8,7.8,9.6,14.6,0.08
7.8,7.8,9.7,14.7,0.088
7.8,7.8,9.8,14.8,0.058
7.8,7.8,9.9,14.9,0.076
7.8,7.8,10.0,15.0,0.062
7.8,7.8,10.1,15.1,0.064
7.8,7.8,10.2,15.2,0.076
7.8,7.8,10.3,15.3,0.07
7.8,7.8,10.4,15.4,0.082
7.8,7.8,10.5,15.5,0.082
7.8,7.8,10.6,15.6,0.072
7.8,7.8,10.7,15.7,0.062
7.8,7.8,10.8,15.8,0.064
7.8,7.8,10.9,15.9,0.07
7.8,7.8,11.0,16.0,0.06
7.8,7.8,11.1,16.1,0.062
7.8,7.8,11.2,16.2,0.03
7.8,7.8,11.3,16.3,0.068
7.8,7.8,11.4,16.4,0.04
7.8,7.8,11.5,16.5,0.054
7.8,7.8,11.6,16.6,0.06
7.8,7.8,11.7,16.7,0.056
7.8,7.8,11.8,16.8,0.042
7.8,7.8,11.9,16.9,0.072
7.8,7.8,12.0,17.0,0.04
7.8,7.8,12.1,17.1,0.05
7.8,7.8,12.2,17.2,0.036
7.8,7.8,12.3,17.3,0.064
7.8,7.8,12.4,17.4,0.06
7.8,7.8,12.5,17.5,0.068
7.8,7.8,12.6,17.6,0.056
7.8,7.8,12.7,17.7,0.044
7.8,7.8,12.8,17.8,0.042
7.8,7.8,12.9,17.9,0.05
7.8,7.8,13.0,18.0,0.056
7.8,7.8,13.1,18.1,0.052
7.8,7.8,13.2,18.2,0.046
7.8,7.8,13.3,18.3,0.06
7.8,7.8,13.4,18.4,0.024
7.8,7.8,13.5,18.5,0.056
7.8,7.8,13.6,18.6,0.062
7.8,7.8,13.7,18.7,0.064
7.8,7.8,13.8,18.8,0.03
7.8,7.8,13.9,18.9,0.05
7.8,7.8,14.0,19.0,0.068
7.8,7.8,14.1,19.1,0.044
7.8,7.8,14.2,19.2,0.046
7.8,7.8,14.3,19.3,0.062
7.8,7.8,14.4,19.4,0.044
7.8,7.8,14.5,19.5,0.048
7.8,7.8,14.6,19.6,0.046
7.8,7.8,14.7,19.7,0.058
7.8,7.8,14.8,19.8,0.052
7.8,7.8,14.9,19.9,0.034
7.8,7.8,15.0,20.0,0.038
7.9,7.9,0.0,5.0,0.852
7.9,7.9,0.1,5.1,0.86
7.9,7.9,0.2,5.2,0.874
7.9,7.9,0.3,5.3,0.884
7.9,7.9,0.4,5.4,0.852
7.9,7.9,0.5,5.5,0.89
7.9,7.9,0.6,5.6,0.9
7.9,7.9,0.7,5.7,0.906
7.9,7.9,0.8,5.8,0.884
7.9,7.9,0.9,5.9,0.892
7.9,7.9,1.0,6.0,0.926
7.9,7.9,1.1,6.1,0.912
7.9,7.9,1.2,6.2,0.906
7.9,7.9,1.3,6.3,0.902
7.9,7.9,1.4,6.4,0.94
7.9,7.9,1.5,6.5,0.936
7.9,7.9,1.6,6.6,0.918
7.9,7.9,1.7,6.7,0.918
7.9,7.9,1.8,6.8,0.916
7.9,7.9,1.9,6.9,0.916
7.9,7.9,2.0,7.0,0.94
7.9,7.9,2.1,7.1,0.916
7.9,7.9,2.2,7.2,0.922
7.9,7.9,2.3,7.3,0.914
7.9,7.9,2.4,7.4,0.938
7.9,7.9,2.5,7.5,0.892
7.9,7.9,2.6,7.6,0.912
7.9,7.9,2.7,7.7,0.912
7.9,7.9,2.8,7.8,0.9
7.9,7.9,2.9,7.9,0.908
7.9,7.9,3.0,8.0,0.898
7.9,7.9,3.1,8.1,0.902
7.9,7.9,3.2,8.2,0.86
7.9,7.9,3.3,8.3,0.856
7.9,7.9,3.4,8.4,0.868
7.9,7.9,3.5,8.5,0.826
7.9,7.9,3.6,8.6,0.822
7.9,7.9,3.7,8.7,0.824
7.9,7.9,3.8,8.8,0.818
7.9,7.9,3.9,8.9,0.8
7.9,7.9,4.0,9.0,0.75
7.9,7.9,4.1,9.1,0.742
7.9,7.9,4.2,9.2,0.708
7.9,7.9,4.3,9.3,0.684
7.9,7.9,4.4,9.4,0.644
7.9,7.9,4.5,9.5,0.594
7.9,7.9,4.6,9.6,0.532
7.9,7.9,4.7,9.7,0.548
7.9,7.9,4.8,9.8,0.52
7.9,7.9,4.9,9.9,0.442
7.9,7.9,5.0,10.0,0.422
7.9,7.9,5.1,10.1,0.43
7.9,7.9,5.2,10.2,0.354
7.9,7.9,5.3,10.3,0.322
7.9,7.9,5.4,10.4,0.254
7.9,7.9,5.5,10.5,0.246
7.9,7.9,5.6,10.6,0.256
7.9,7.9,5.7,10.7,0.232
7.9,7.9,5.8,10.8,0.222
7.9,7.9,5.9,10.9,0.2
7.9,7.9,6.0,11.0,0.188
7.9,7.9,6.1,11.1,0.184
7.9,7.9,6.2,11.2,0.156
7.9,7.9,6.3,11.3,0.156
7.9,7.9,6.4,11.4,0.16
7.9,7.9,6.5,11.5,0.148
7.9,7.9,6.6,11.6,0.142
7.9,7.9,6.7,11.7,0.13
7.9,7.9,6.8,11.8,0.126
7.9,7.9,6.9,11.9,0.116
7.9,7.9,7.0,12.0,0.154
7.9,7.9,7.1,12.1,0.122
7.9,7.9,7.2,12.2,0.104
7.9,7.9,7.3,12.3,0.138
7.9,7.9,7.4,12.4,0.11
7.9,7.9,7.5,12.5,0.096
7.9,7.9,7.6,12.6,0.142
7.9,7.9,7.7,12.7,0.106
7.9,7.9,7.8,12.8,0.128
7.9,7.9,7.9,12.9,0.132
7.9,7.9,8.0,13.0,0.076
7.9,7.9,8.1,13.1,0.124
7.9,7.9,8.2,13.2,0.096
7.9,7.9,8.3,13.3,0.104
7.9,7.9,8.4,13.4,0.102
7.9,7.9,8.5,13.5,0.078
7.9,7.9,8.6,13.6,0.122
7.9,7.9,8.7,13.7,0.104
7.9,7.9,8.8,13.8,0.096
7.9,7.9,8.9,13.9,0.084
7.9,7.9,9.0,14.0,0.118
7.9,7.9,9.1,14.1,0.09
7.9,7.9,9.2,14.2,0.098
7.9,7.9,9.3,14.3,0.096
7.9,7.9,9.4,14.4,0.096
7.9,7.9,9.5,14.5,0.082
7.9,7.9,9.6,14.6,0.068
7.9,7.9,9.7,14.7,0.08
7.9,7.9,9.8,14.8,0.082
7.9,7.9,9.9,14.9,0.088
7.9,7.9,10.0,15.0,0.072
7.9,7.9,10.1,15.1,0.086
7.9,7.9,10.2,15.2,0.094
7.9,7.9,10.3,15.3,0.064
7.9,7.9,10.4,15.4,0.076
7.9,7.9,10.5,15.5,0.07
7.9,7.9,10.6,15.6,0.05
7.9,7.9,10.7,15.7,0.082
7.9,7.9,10.8,15.8,0.072
7.9,7.9,10.9,15.9,0.072
7.9,7.9,11.0,16.0,0.066
7.9,7.9,11.1,16.1,0.054
7.9,7.9,11.2,16.2,0.058
7.9,7.9,11.3,16.3,0.042
7.9,7.9,11.4,16.4,0.052
7.9,7.9,11.5,16.5,0.066
7.9,7.9,11.6,16.6,0.06
7.9,7.9,11.7,16.7,0.058
7.9,7.9,11.8,16.8,0.05
7.9,7.9,11.9,16.9,0.048
7.9,7.9,12.0,17.0,0.052
7.9,7.9,12.1,17.1,0.03
7.9,7.9,12.2,17.2,0.06
7.9,7.9,12.3,17.3,0.05
7.9,7.9,12.4,17.4,0.052
7.9,7.9,12.5,17.5,0.058
7.9,7.9,12.6,17.6,0.072
7.9,7.9,12.7,17.7,0.046
7.9,7.9,12.8,17.8,0.048
7.9,7.9,12.9,17.9,0.056
7.9,7.9,13.0,18.0,0.054
7.9,7.9,13.1,18.1,0.036
7.9,7.9,13.2,18.2,0.044
7.9,7.9,13.3,18.3,0.062
7.9,7.9,13.4,18.4,0.05
7.9,7.9,13.5,18.5,0.058
7.9,7.9,13.6,18.6,0.05
7.9,7.9,13.7,18.7,0.06
7.9,7.9,13.8,18.8,0.044
7.9,7.9,13.9,18.9,0.064
7.9,7.9,14.0,19.0,0.058
7.9,7.9,14.1,19.1,0.034
7.9,7.9,14.2,19.2,0.048
7.9,7.9,14.3,19.3,0.052
7.9,7.9,14.4,19.4,0.046
7.9,7.9,14.5,19.5,0.054
7.9,7.9,14.6,19.6,0.05
7.9,7.9,14.7,19.7,0.052
7.9,7.9,14.8,19.8,0.056
7.9,7.9,14.9,19.9,0.068
7.9,7.9,15.0,20.0,0.066
8.0,8.0,0.0,5.0,0.83
8.0,8.0,0.1,5.1,0.862
8.0,8.0,0.2,5.2,0.836
8.0,8.0,0.3,5.3,0.878
8.0,8.0,0.4,5.4,0.898
8.0,8.0,0.5,5.5,0.89
8.0,8.0,0.6,5.6,0.882
8.0,8.0,0.7,5.7,0.878
8.0,8.0,0.8,5.8,0.894
8.0,8.0,0.9,5.9,0.916
8.0,8.0,1.0,6.0,0.886
8.0,8.0,1.1,6.1,0.928
8.0,8.0,1.2,6.2,0.9
8.0,8.0,1.3,6.3,0.93
8.0,8.0,1.4,6.4,0.936
8.0,8.0,1.5,6.5,0.91
8.0,8.0,1.6,6.6,0.932
8.0,8.0,1.7,6.7,0.91
8.0,8.0,1.8,6.8,0.922
8.0,8.0,1.9,6.9,0.902
8.0,8.0,2.0,7.0,0.928
8.0,8.0,2.1,7.1,0.926
8.0,8.0,2.2,7.2,0.92
8.0,8.0,2.3,7.3,0.932
8.0,8.0,2.4,7.4,0.904
8.0,8.0,2.5,7.5,0.91
8.0,8.0,2.6,7.6,0.912
8.0,8.0,2.7,7.7,0.894
8.0,8.0,2.8,7.8,0.912
8.0,8.0,2.9,7.9,0.924
8.0,8.0,3.0,8.0,0.894
8.0,8.0,3.1,8.1,0.892
8.0,8.0,3.2,8.2,0.878
8.0,8.0,3.3,8.3,0.886
8.0,8.0,3.4,8.4,0.882
8.0,8.0,3.5,8.5,0.822
8.0,8.0,3.6,8.6,0.838
8.0,8.0,3.7,8.7,0.834
8.0,8.0,3.8,8.8,0.82
8.0,8.0,3.9,8.9,0.79
8.0,8.0,4.0,9.0,0.768
8.0,8.0,4.1,9.1,0.79
8.0,8.0,4.2,9.2,0.742
8.0,8.0,4.3,9.3,0.72
8.0,8.0,4.4,9.4,0.682
8.0,8.0,4.5,9.5,0.636
8.0,8.0,4.6,9.6,0.602
8.0,8.0,4.7,9.7,0.614
8.0,8.0,4.8,9.8,0.564
8.0,8.0,4.9,9.9,0.498
8.0,8.0,5.0,10.0,0.456
8.0,8.0,5.1,10.1,0.438
8.0,8.0,5.2,10.2,0.4
8.0,8.0,5.3,10.3,0.356
8.0,8.0,5.4,10.4,0.338
8.0,8.0,5.5,10.5,0.336
8.0,8.0,5.6,10.6,0.268
8.0,8.0,5.7,10.7,0.25
8.0,8.0,5.8,10.8,0.248
8.0,8.0,5.9,10.9,0.2
8.0,8.0,6.0,11.0,0.206
8.0,8.0,6.1,11.1,0.174
8.0,8.0,6.2,11.2,0.176
8.0,8.0,6.3,11.3,0.168
8.0,8.0,6.4,11.4,0.142
8.0,8.0,6.5,11.5,0.146
8.0,8.0,6.6,11.6,0.13
8.0,8.0,6.7,11.7,0.13
8.0,8.0,6.8,11.8,0.122
8.0,8.0,6.9,11.9,0.108
8.0,8.0,7.0,12.0,0.126
8.0,8.0,7.1,12.1,0.138
8.0,8.0,7.2,12.2,0.122
8.0,8.0,7.3,12.3,0.136
8.0,8.0,7.4,12.4,0.098
8.0,8.0,7.5,12.5,0.108
8.0,8.0,7.6,12.6,0.108
8.0,8.0,7.7,12.7,0.112
8.0,8.0,7.8,12.8,0.106
8.0,8.0,7.9,12.9,0.132
8.0,8.0,8.0,13.0,0.088
8.0,8.0,8.1,13.1,0.084
8.0,8.0,8.2,13.2,0.106
8.0,8.0,8.3,13.3,0.122
8.0,8.0,8.4,13.4,0.076
8.0,8.0,8.5,13.5,0.078
8.0,8.0,8.6,13.6,0.092
8.0,8.0,8.7,13.7,0.092
8.0,8.0,8.8,13.8,0.13
8.0,8.0,8.9,13.9,0.088
8.0,8.0,9.0,14.0,0.092
8.0,8.0,9.1,14.1,0.108
8.0,8.0,9.2,14.2,0.102
8.0,8.0,9.3,14.3,0.092
8.0,8.0,9.4,14.4,0.082
8.0,8.0,9.5,14.5,0.082
8.0,8.0,9.6,14.6,0.104
8.0,8.0,9.7,14.7,0.106
8.0,8.0,9.8,14.8,0.104
8.0,8.0,9.9,14.9,0.08
8.0,8.0,10.0,15.0,0.062
8.0,8.0,10.1,15.1,0.092
8.0,8.0,10.2,15.2,0.104
8.0,8.0,10.3,15.3,0.086
8.0,8.0,10.4,15.4,0.08
8.0,8.0,10.5,15.5,0.078
8.0,8.0,10.6,15.6,0.06
8.0,8.0,10.7,15.7,0.066
8.0,8.0,10.8,15.8,0.07
8.0,8.0,10.9,15.9,0.084
8.0,8.0,11.0,16.0,0.066
8.0,8.0,11.1,16.1,0.054
8.0,8.0,11.2,16.2,0.056
8.0,8.0,11.3,16.3,0.066
8.0,8.0,11.4,16.4,0.052
8.0,8.0,11.5,16.5,0.06
8.0,8.0,11.6,16.6,0.054
8.0,8.0,11.7,16.7,0.048
8.0,8.0,11.8,16.8,0.044
8.0,8.0,11.9,16.9,0.064
8.0,8.0,12.0,17.0,0.046
8.0,8.0,12.1,17.1,0.044
8.0,8.0,12.2,17.2,0.056
8.0,8.0,12.3,17.3,0.046
8.0,8.0,12.4,17.4,0.054
8.0,8.0,12.5,17.5,0.05
8.0,8.0,12.6,17.6,0.05
8.0,8.0,12.7,17.7,0.044
8.0,8.0,12.8,17.8,0.064
8.0,8.0,12.9,17.9,0.058
8.0,8.0,13.0,18.0,0.052
8.0,8.0,13.1,18.1,0.046
8.0,8.0,13.2,18.2,0.052
8.0,8.0,13.3,18.3,0.07
8.0,8.0,13.4,18.4,0.056
8.0,8.0,13.5,18.5,0.07
8.0,8.0,13.6,18.6,0.052
8.0,8.0,13.7,18.7,0.062
8.0,8.0,13.8,18.8,0.048
8.0,8.0,13.9,18.9,0.054
8.0,8.0,14.0,19.0,0.046
8.0,8.0,14.1,19.1,0.048
8.0,8.0,14.2,19.2,0.04
8.0,8.0,14.3,19.3,0.042
8.0,8.0,14.4,19.4,0.054
8.0,8.0,14.5,19.5,0.048
8.0,8.0,14.6,19.6,0.068
8.0,8.0,14.7,19.7,0.038
8.0,8.0,14.8,19.8,0.052
8.0,8.0,14.9,19.9,0.052
8.0,8.0,15.0,20.0,0.042
8.1,8.1,0.0,5.0,0.826
8.1,8.1,0.1,5.1,0.834
8.1,8.1,0.2,5.2,0.834
8.1,8.1,0.3,5.3,0.872
8.1,8.1,0.4,5.4,0.852
8.1,8.1,0.5,5.5,0.884
8.1,8.1,0.6,5.6,0.88
8.1,8.1,0.7,5.7,0.89
8.1,8.1,0.8,5.8,0.89
8.1,8.1,0.9,5.9,0.88
8.1,8.1,1.0,6.0,0.898
8.1,8.1,1.1,6.1,0.908
8.1,8.1,1.2,6.2,0.91
8.1,8.1,1.3,6.3,0.918
8.1,8.1,1.4,6.4,0.9
8.1,8.1,1.5,6.5,0.93
8.1,8.1,1.6,6.6,0.92
8.1,8.1,1.7,6.7,0.924
8.1,8.1,1.8,6.8,0.936
8.1,8.1,1.9,6.9,0.928
8.1,8.1,2.0,7.0,0.94
8.1,8.1,2.1,7.1,0.906
8.1,8.1,2.2,7.2,0.936
8.1,8.1,2.3,7.3,0.936
8.1,8.1,2.4,7.4,0.904
8.1,8.1,2.5,7.5,0.91
8.1,8.1,2.6,7.6,0.916
8.1,8.1,2.7,7.7,0.896
8.1,8.1,2.8,7.8,0.904
8.1,8.1,2.9,7.9,0.91
8.1,8.1,3.0,8.0,0.894
8.1,8.1,3.1,8.1,0.902
8.1,8.1,3.2,8.2,0.932
8.1,8.1,3.3,8.3,0.914
8.1,8.1,3.4,8.4,0.894
8.1,8.1,3.5,8.5,0.852
8.1,8.1,3.6,8.6,0.868
8.1,8.1,3.7,8.7,0.846
8.1,8.1,3.8,8.8,0.832
8.1,8.1,3.9,8.9,0.816
8.1,8.1,4.0,9.0,0.802
8.1,8.1,4.1,9.1,0.77
8.1,8.1,4.2,9.2,0.744
8.1,8.1,4.3,9.3,0.76
8.1,8.1,4.4,9.4,0.718
8.1,8.1,4.5,9.5,0.734
8.1,8.1,4.6,9.6,0.636
8.1,8.1,4.7,9.7,0.624
8.1,8.1,4.8,9.8,0.566
8.1,8.1,4.9,9.9,0.522
8.1,8.1,5.0,10.0,0.504
8.1,8.1,5.1,10.1,0.47
8.1,8.1,5.2,10.2,0.404
8.1,8.1,5.3,10.3,0.412
8.1,8.1,5.4,10.4,0.328
8.1,8.1,5.5,10.5,0.312
8.1,8.1,5.6,10.6,0.36
8.1,8.1,5.7,10.7,0.292
8.1,8.1,5.8,10.8,0.216
8.1,8.1,5.9,10.9,0.206
8.1,8.1,6.0,11.0,0.216
8.1,8.1,6.1,11.1,0.218
8.1,8.1,6.2,11.2,0.16
8.1,8.1,6.3,11.3,0.166
8.1,8.1,6.4,11.4,0.174
8.1,8.1,6.5,11.5,0.184
8.1,8.1,6.6,11.6,0.16
8.1,8.1,6.7,11.7,0.16
8.1,8.1,6.8,11.8,0.134
8.1,8.1,6.9,11.9,0.14
8.1,8.1,7.0,12.0,0.108
8.1,8.1,7.1,12.1,0.13
8.1,8.1,7.2,12.2,0.12
8.1,8.1,7.3,12.3,0.112
8.1,8.1,7.4,12.4,0.096
8.1,8.1,7.5,12.5,0.106
8.1,8.1,7.6,12.6,0.096
8.1,8.1,7.7,12.7,0.144
8.1,8.1,7.8,12.8,0.126
8.1,8.1,7.9,12.9,0.1
8.1,8.1,8.0,13.0,0.096
8.1,8.1,8.1,13.1,0.104
8.1,8.1,8.2,13.2,0.092
8.1,8.1,8.3,13.3,0.106
8.1,8.1,8.4,13.4,0.124
8.1,8.1,8.5,13.5,0.106
8.1,8.1,8.6,13.6,0.114
8.1,8.1,8.7,13.7,0.09
8.1,8.1,8.8,13.8,0.08
8.1,8.1,8.9,13.9,0.114
8.1,8.1,9.0,14.0,0.096
8.1,8.1,9.1,14.1,0.11
8.1,8.1,9.2,14.2,0.092
8.1,8.1,9.3,14.3,0.102
8.1,8.1,9.4,14.4,0.086
8.1,8.1,9.5,14.5,0.098
8.1,8.1,9.6,14.6,0.102
8.1,8.1,9.7,14.7,0.096
8.1,8.1,9.8,14.8,0.076
8.1,8.1,9.9,14.9,0.104
8.1,8.1,10.0,15.0,0.076
8.1,8.1,10.1,15.1,0.068
8.1,8.1,10.2,15.2,0.068
8.1,8.1,10.3,15.3,0.068
8.1,8.1,10.4,15.4,0.078
8.1,8.1,10.5,15.5,0.076
8.1,8.1,10.6,15.6,0.076
8.1,8.1,10.7,15.7,0.07
8.1,8.1,10.8,15.8,0.062
8.1,8.1,10.9,15.9,0.062
8.1,8.1,11.0,16.0,0.038
8.1,8.1,11.1,16.1,0.062
8.1,8.1,11.2,16.2,0.066
8.1,8.1,11.3,16.3,0.06
8.1,8.1,11.4,16.4,0.054
8.1,8.1,11.5,16.5,0.064
8.1,8.1,11.6,16.6,0.058
8.1,8.1,11.7,16.7,0.068
8.1,8.1,11.8,16.8,0.056
8.1,8.1,11.9,16.9,0.054
8.1,8.1,12.0,17.0,0.052
8.1,8.1,12.1,17.1,0.04
8.1,8.1,12.2,17.2,0.038
8.1,8.1,12.3,17.3,0.052
8.1,8.1,12.4,17.4,0.036
8.1,8.1,12.5,17.5,0.06
8.1,8.1,12.6,17.6,0.046
8.1,8.1,12.7,17.7,0.062
8.1,8.1,12.8,17.8,0.024
8.1,8.1,12.9,17.9,0.06
8.1,8.1,13.0,18.0,0.044
8.1,8.1,13.1,18.1,0.036
8.1,8.1,13.2,18.2,0.056
8.1,8.1,13.3,18.3,0.054
8.1,8.1,13.4,18.4,0.062
8.1,8.1,13.5,18.5,0.052
8.1,8.1,13.6,18.6,0.046
8.1,8.1,13.7,18.7,0.044
8.1,8.1,13.8,18.8,0.048
8.1,8.1,13.9,18.9,0.044
8.1,8.1,14.0,19.0,0.064
8.1,8.1,14.1,19.1,0.068
8.1,8.1,14.2,19.2,0.04
8.1,8.1,14.3,19.3,0.036
8.1,8.1,14.4,19.4,0.054
8.1,8.1,14.5,19.5,0.05
8.1,8.1,14.6,19.6,0.05
8.1,8.1,14.7,19.7,0.062
8.1,8.1,14.8,19.8,0.036
8.1,8.1,14.9,19.9,0.062
8.1,8.1,15.0,20.0,0.052
8.2,8.2,0.0,5.0,0.806
8.2,8.2,0.1,5.1,0.818
8.2,8.2,0.2,5.2,0.816
8.2,8.2,0.3,5.3,0.826
8.2,8.2,0.4,5.4,0.874
8.2,8.2,0.5,5.5,0.87
8.2,8.2,0.6,5.6,0.884
8.2,8.2,0.7,5.7,0.894
8.2,8.2,0.8,5.8,0.868
8.2,8.2,0.9,5.9,0.904
8.2,8.2,1.0,6.0,0.886
8.2,8.2,1.1,6.1,0.924
8.2,8.2,1.2,6.2,0.91
8.2,8.2,1.3,6.3,0.914
8.2,8.2,1.4,6.4,0.908
8.2,8.2,1.5,6.5,0.916
8.2,8.2,1.6,6.6,0.912
8.2,8.2,1.7,6.7,0.936
8.2,8.2,1.8,6.8,0.922
8.2,8.2,1.9,6.9,0.928
8.2,8.2,2.0,7.0,0.942
8.2,8.2,2.1,7.1,0.948
8.2,8.2,2.2,7.2,0.936
8.2,8.2,2.3,7.3,0.942
8.2,8.2,2.4,7.4,0.912
8.2,8.2,2.5,7.5,0.912
8.2,8.2,2.6,7.6,0.91
8.2,8.2,2.7,7.7,0.898
8.2,8.2,2.8,7.8,0.92
8.2,8.2,2.9,7.9,0.908
8.2,8.2,3.0,8.0,0.91
8.2,8.2,3.1,8.1,0.876
8.2,8.2,3.2,8.2,0.918
8.2,8.2,3.3,8.3,0.89
8.2,8.2,3.4,8.4,0.9
8.2,8.2,3.5,8.5,0.87
8.2,8.2,3.6,8.6,0.854
8.2,8.2,3.7,8.7,0.86
8.2,8.2,3.8,8.8,0.872
8.2,8.2,3.9,8.9,0.844
8.2,8.2,4.0,9.0,0.828
8.2,8.2,4.1,9.1,0.818
8.2,8.2,4.2,9.2,0.808
8.2,8.2,4.3,9.3,0.788
8.2,8.2,4.4,9.4,0.746
8.2,8.2,4.5,9.5,0.71
8.2,8.2,4.6,9.6,0.682
8.2,8.2,4.7,9.7,0.664
8.2,8.2,4.8,9.8,0.602
8.2,8.2,4.9,9.9,0.588
8.2,8.2,5.0,10.0,0.542
8.2,8.2,5.1,10.1,0.49
8.2,8.2,5.2,10.2,0.488
8.2,8.2,5.3,10.3,0.408
8.2,8.2,5.4,10.4,0.398
8.2,8.2,5.5,10.5,0.35
8.2,8.2,5.6,10.6,0.332
8.2,8.2,5.7,10.7,0.31
8.2,8.2,5.8,10.8,0.296
8.2,8.2,5.9,10.9,0.248
8.2,8.2,6.0,11.0,0.266
8.2,8.2,6.1,11.1,0.2
8.2,8.2,6.2,11.2,0.212
8.2,8.2,6.3,11.3,0.142
8.2,8.2,6.4,11.4,0.174
8.2,8.2,6.5,11.5,0.158
8.2,8.2,6.6,11.6,0.146
8.2,8.2,6.7,11.7,0.116
8.2,8.2,6.8,11.8,0.144
8.2,8.2,6.9,11.9,0.15
8.2,8.2,7.0,12.0,0.142
8.2,8.2,7.1,12.1,0.142
8.2,8.2,7.2,12.2,0.11
8.2,8.2,7.3,12.3,0.142
8.2,8.2,7.4,12.4,0.124
8.2,8.2,7.5,12.5,0.162
8.2,8.2,7.6,12.6,0.108
8.2,8.2,7.7,12.7,0.118
8.2,8.2,7.8,12.8,0.104
8.2,8.2,7.9,12.9,0.108
8.2,8.2,8.0,13.0,0.108
8.2,8.2,8.1,13.1,0.118
8.2,8.2,8.2,13.2,0.102
8.2,8.2,8.3,13.3,0.1
8.2,8.2,8.4,13.4,0.1
8.2,8.2,8.5,13.5,0.118
8.2,8.2,8.6,13.6,0.116
8.2,8.2,8.7,13.7,0.118
8.2,8.2,8.8,13.8,0.082
8.2,8.2,8.9,13.9,0.102
8.2,8.2,9.0,14.0,0.09
8.2,8.2,9.1,14.1,0.098
8.2,8.2,9.2,14.2,0.096
8.2,8.2,9.3,14.3,0.098
8.2,8.2,9.4,14.4,0.09
8.2,8.2,9.5,14.5,0.082
8.2,8.2,9.6,14.6,0.084
8.2,8.2,9.7,14.7,0.086
8.2,8.2,9.8,14.8,0.084
8.2,8.2,9.9,14.9,0.098
8.2,8.2,10.0,15.0,0.09
8.2,8.2,10.1,15.1,0.096
8.2,8.2,10.2,15.2,0.104
8.2,8.2,10.3,15.3,0.086
8.2,8.2,10.4,15.4,0.078
8.2,8.2,10.5,15.5,0.054
8.2,8.2,10.6,15.6,0.066
8.2,8.2,10.7,15.7,0.062
8.2,8.2,10.8,15.8,0.076
8.2,8.2,10.9,15.9,0.06
8.2,8.2,11.0,16.0,0.064
8.2,8.2,11.1,16.1,0.064
8.2,8.2,11.2,16.2,0.062
8.2,8.2,11.3,16.3,0.07
8.2,8.2,11.4,16.4,0.064
8.2,8.2,11.5,16.5,0.056
8.2,8.2,11.6,16.6,0.046
8.2,8.2,11.7,16.7,0.06
8.2,8.2,11.8,16.8,0.058
8.2,8.2,11.9,16.9,0.05
8.2,8.2,12.0,17.0,0.062
8.2,8.2,12.1,17.1,0.052
8.2,8.2,12.2,17.2,0.07
8.2,8.2,12.3,17.3,0.048
8.2,8.2,12.4,17.4,0.028
8.2,8.2,12.5,17.5,0.04
8.2,8.2,12.6,17.6,0.078
8.2,8.2,12.7,17.7,0.052
8.2,8.2,12.8,17.8,0.056
8.2,8.2,12.9,17.9,0.052
8.2,8.2,13.0,18.0,0.052
8.2,8.2,13.1,18.1,0.048
8.2,8.2,13.2,18.2,0.04
8.2,8.2,13.3,18.3,0.048
8.2,8.2,13.4,18.4,0.064
8.2,8.2,13.5,18.5,0.04
8.2,8.2,13.6,18.6,0.05
8.2,8.2,13.7,18.7,0.064
8.2,8.2,13.8,18.8,0.062
8.2,8.2,13.9,18.9,0.054
8.2,8.2,14.0,19.0,0.056
8.2,8.2,14.1,19.1,0.054
8.2,8.2,14.2,19.2,0.052
8.2,8.2,14.3,19.3,0.048
8.2,8.2,14.4,19.4,0.054
8.2,8.2,14.5,19.5,0.042
8.2,8.2,14.6,19.6,0.054
8.2,8.2,14.7,19.7,0.066
8.2,8.2,14.8,19.8,0.058
8.2,8.2,14.9,19.9,0.042
8.2,8.2,15.0,20.0,0.044
8.3,8.3,0.0,5.0,0.788
8.3,8.3,0.1,5.1,0.792
8.3,8.3,0.2,5.2,0.814
8.3,8.3,0.3,5.3,0.824
8.3,8.3,0.4,5.4,0.856
8.3,8.3,0.5,5.5,0.846
8.3,8.3,0.6,5.6,0.866
8.3,8.3,0.7,5.7,0.882
8.3,8.3,0.8,5.8,0.91
8.3,8.3,0.9,5.9,0.87
8.3,8.3,1.0,6.0,0.9
8.3,8.3,1.1,6.1,0.908
8.3,8.3,1.2,6.2,0.9
8.3,8.3,1.3,6.3,0.912
8.3,8.3,1.4,6.4,0.938
8.3,8.3,1.5,6.5,0.932
8.3,8.3,1.6,6.6,0.9
8.3,8.3,1.7,6.7,0.918
8.3,8.3,1.8,6.8,0.916
8.3,8.3,1.9,6.9,0.904
8.3,8.3,2.0,7.0,0.916
8.3,8.3,2.1,7.1,0.916
8.3,8.3,2.2,7.2,0.926
8.3,8.3,2.3,7.3,0.906
8.3,8.3,2.4,7.4,0.932
8.3,8.3,2.5,7.5,0.922
8.3,8.3,2.6,7.6,0.908
8.3,8.3,2.7,7.7,0.924
8.3,8.3,2.8,7.8,0.892
8.3,8.3,2.9,7.9,0.918
8.3,8.3,3.0,8.0,0.938
8.3,8.3,3.1,8.1,0.934
8.3,8.3,3.2,8.2,0.918
8.3,8.3,3.3,8.3,0.892
8.3,8.3,3.4,8.4,0.88
8.3,8.3,3.5,8.5,0.876
8.3,8.3,3.6,8.6,0.886
8.3,8.3,3.7,8.7,0.864
8.3,8.3,3.8,8.8,0.874
8.3,8.3,3.9,8.9,0.854
8.3,8.3,4.0,9.0,0.858
8.3,8.3,4.1,9.1,0.838
8.3,8.3,4.2,9.2,0.834
8.3,8.3,4.3,9.3,0.79
8.3,8.3,4.4,9.4,0.756
8.3,8.3,4.5,9.5,0.718
8.3,8.3,4.6,9.6,0.688
8.3,8.3,4.7,9.7,0.702
8.3,8.3,4.8,9.8,0.666
8.3,8.3,4.9,9.9,0.604
8.3,8.3,5.0,10.0,0.608
8.3,8.3,5.1,10.1,0.538
8.3,8.3,5.2,10.2,0.486
8.3,8.3,5.3,10.3,0.464
8.3,8.3,5.4,10.4,0.402
8.3,8.3,5.5,10.5,0.386
8.3,8.3,5.6,10.6,0.404
8.3,8.3,5.7,10.7,0.346
8.3,8.3,5.8,10.8,0.306
8.3,8.3,5.9,10.9,0.286
8.3,8.3,6.0,11.0,0.258
8.3,8.3,6.1,11.1,0.28
8.3,8.3,6.2,11.2,0.214
8.3,8.3,6.3,11.3,0.2
8.3,8.3,6.4,11.4,0.164
8.3,8.3,6.5,11.5,0.18
8.3,8.3,6.6,11.6,0.168
8.3,8.3,6.7,11.7,0.164
8.3,8.3,6.8,11.8,0.16
8.3,8.3,6.9,11.9,0.102
8.3,8.3,7.0,12.0,0.142
8.3,8.3,7.1,12.1,0.112
8.3,8.3,7.2,12.2,0.132
8.3,8.3,7.3,12.3,0.124
8.3,8.3,7.4,12.4,0.124
8.3,8.3,7.5,12.5,0.112
8.3,8.3,7.6,12.6,0.112
8.3,8.3,7.7,12.7,0.126
8.3,8.3,7.8,12.8,0.128
8.3,8.3,7.9,12.9,0.126
8.3,8.3,8.0,13.0,0.12
8.3,8.3,8.1,13.1,0.106
8.3,8.3,8.2,13.2,0.104
8.3,8.3,8.3,13.3,0.102
8.3,8.3,8.4,13.4,0.104
8.3,8.3,8.5,13.5,0.092
8.3,8.3,8.6,13.6,0.114
8.3,8.3,8.7,13.7,0.088
8.3,8.3,8.8,13.8,0.12
8.3,8.3,8.9,13.9,0.104
8.3,8.3,9.0,14.0,0.11
8.3,8.3,9.1,14.1,0.106
8.3,8.3,9.2,14.2,0.11
8.3,8.3,9.3,14.3,0.074
8.3,8.3,9.4,14.4,0.096
8.3,8.3,9.5,14.5,0.098
8.3,8.3,9.6,14.6,0.118
8.3,8.3,9.7,14.7,0.104
8.3,8.3,9.8,14.8,0.106
8.3,8.3,9.9,14.9,0.11
8.3,8.3,10.0,15.0,0.088
8.3,8.3,10.1,15.1,0.062
8.3,8.3,10.2,15.2,0.082
8.3,8.3,10.3,15.3,0.07
8.3,8.3,10.4,15.4,0.052
8.3,8.3,10.5,15.5,0.062
8.3,8.3,10.6,15.6,0.08
8.3,8.3,10.7,15.7,0.076
8.3,8.3,10.8,15.8,0.078
8.3,8.3,10.9,15.9,0.088
8.3,8.3,11.0,16.0,0.066
8.3,8.3,11.1,16.1,0.052
8.3,8.3,11.2,16.2,0.068
8.3,8.3,11.3,16.3,0.058
8.3,8.3,11.4,16.4,0.06
8.3,8.3,11.5,16.5,0.044
8.3,8.3,11.6,16.6,0.058
8.3,8.3,11.7,16.7,0.06
8.3,8.3,11.8,16.8,0.076
8.3,8.3,11.9,16.9,0.054
8.3,8.3,12.0,17.0,0.046
8.3,8.3,12.1,17.1,0.052
8.3,8.3,12.2,17.2,0.046
8.3,8.3,12.3,17.3,0.07
8.3,8.3,12.4,17.4,0.048
8.3,8.3,12.5,17.5,0.05
8.3,8.3,12.6,17.6,0.044
8.3,8.3,12.7,17.7,0.066
8.3,8.3,12.8,17.8,0.062
8.3,8.3,12.9,17.9,0.044
8.3,8.3,13.0,18.0,0.026
8.3,8.3,13.1,18.1,0.06
8.3,8.3,13.2,18.2,0.06
8.3,8.3,13.3,18.3,0.036
8.3,8.3,13.4,18.4,0.054
8.3,8.3,13.5,18.5,0.05
8.3,8.3,13.6,18.6,0.044
8.3,8.3,13.7,18.7,0.052
8.3,8.3,13.8,18.8,0.058
8.3,8.3,13.9,18.9,0.058
8.3,8.3,14.0,19.0,0.056
8.3,8.3,14.1,19.1,0.046
8.3,8.3,14.2,19.2,0.05
8.3,8.3,14.3,19.3,0.058
8.3,8.3,14.4,19.4,0.076
8.3,8.3,14.5,19.5,0.046
8.3,8.3,14.6,19.6,0.046
8.3,8.3,14.7,19.7,0.048
8.3,8.3,14.8,19.8,0.054
8.3,8.3,14.9,19.9,0.05
8.3,8.3,15.0,20.0,0.04
8.4,8.4,0.0,5.0,0.758
8.4,8.4,0.1,5.1,0.792
8.4,8.4,0.2,5.2,0.788
8.4,8.4,0.3,5.3,0.812
8.4,8.4,0.4,5.4,0.818
8.4,8.4,0.5,5.5,0.856
8.4,8.4,0.6,5.6,0.88
8.4,8.4,0.7,5.7,0.868
8.4,8.4,0.8,5.8,0.862
8.4,8.4,0.9,5.9,0.906
8.4,8.4,1.0,6.0,0.876
8.4,8.4,1.1,6.1,0.91
8.4,8.4,1.2,6.2,0.886
8.4,8.4,1.3,6.3,0.902
8.4,8.4,1.4,6.4,0.91
8.4,8.4,1.5,6.5,0.902
8.4,8.4,1.6,6.6,0.898
8.4,8.4,1.7,6.7,0.914
8.4,8.4,1.8,6.8,0.922
8.4,8.4,1.9,6.9,0.902
8.4,8.4,2.0,7.0,0.914
8.4,8.4,2.1,7.1,0.934
8.4,8.4,2.2,7.2,0.924
8.4,8.4,2.3,7.3,0.924
8.4,8.4,2.4,7.4,0.924
8.4,8.4,2.5,7.5,0.918
8.4,8.4,2.6,7.6,0.93
8.4,8.4,2.7,7.7,0.92
8.4,8.4,2.8,7.8,0.952
8.4,8.4,2.9,7.9,0.892
8.4,8.4,3.0,8.0,0.922
8.4,8.4,3.1,8.1,0.946
8.4,8.4,3.2,8.2,0.92
8.4,8.4,3.3,8.3,0.92
8.4,8.4,3.4,8.4,0.878
8.4,8.4,3.5,8.5,0.882
8.4,8.4,3.6,8.6,0.89
8.4,8.4,3.7,8.7,0.868
8.4,8.4,3.8,8.8,0.874
8.4,8.4,3.9,8.9,0.87
8.4,8.4,4.0,9.0,0.848
8.4,8.4,4.1,9.1,0.836
8.4,8.4,4.2,9.2,0.836
8.4,8.4,4.3,9.3,0.804
8.4,8.4,4.4,9.4,0.796
8.4,8.4,4.5,9.5,0.718
8.4,8.4,4.6,9.6,0.784
8.4,8.4,4.7,9.7,0.718
8.4,8.4,4.8,9.8,0.708
8.4,8.4,4.9,9.9,0.668
8.4,8.4,5.0,10.0,0.626
8.4,8.4,5.1,10.1,0.574
8.4,8.4,5.2,10.2,0.514
8.4,8.4,5.3,10.3,0.478
8.4,8.4,5.4,10.4,0.478
8.4,8.4,5.5,10.5,0.43
8.4,8.4,5.6,10.6,0.392
8.4,8.4,5.7,10.7,0.394
8.4,8.4,5.8,10.8,0.306
8.4,8.4,5.9,10.9,0.322
8.4,8.4,6.0,11.0,0.29
8.4,8.4,6.1,11.1,0.278
8.4,8.4,6.2,11.2,0.214
8.4,8.4,6.3,11.3,0.2
8.4,8.4,6.4,11.4,0.188
8.4,8.4,6.5,11.5,0.166
8.4,8.4,6.6,11.6,0.202
8.4,8.4,6.7,11.7,0.152
8.4,8.4,6.8,11.8,0.142
8.4,8.4,6.9,11.9,0.158
8.4,8.4,7.0,12.0,0.156
8.4,8.4,7.1,12.1,0.158
8.4,8.4,7.2,12.2,0.14
8.4,8.4,7.3,12.3,0.13
8.4,8.4,7.4,12.4,0.116
8.4,8.4,7.5,12.5,0.128
8.4,8.4,7.6,12.6,0.114
8.4,8.4,7.7,12.7,0.098
8.4,8.4,7.8,12.8,0.092
8.4,8.4,7.9,12.9,0.11
8.4,8.4,8.0,13.0,0.13
8.4,8.4,8.1,13.1,0.132
8.4,8.4,8.2,13.2,0.114
8.4,8.4,8.3,13.3,0.074
8.4,8.4,8.4,13.4,0.122
8.4,8.4,8.5,13.5,0.09
8.4,8.4,8.6,13.6,0.108
8.4,8.4,8.7,13.7,0.116
8.4,8.4,8.8,13.8,0.106
8.4,8.4,8.9,13.9,0.1
8.4,8.4,9.0,14.0,0.102
8.4,8.4,9.1,14.1,0.116
8.4,8.4,9.2,14.2,0.12
8.4,8.4,9.3,14.3,0.108
8.4,8.4,9.4,14.4,0.09
8.4,8.4,9.5,14.5,0.124
8.4,8.4,9.6,14.6,0.102
8.4,8.4,9.7,14.7,0.104
8.4,8.4,9.8,14.8,0.108
8.4,8.4,9.9,14.9,0.088
8.4,8.4,10.0,15.0,0.09
8.4,8.4,10.1,15.1,0.07
8.4,8.4,10.2,15.2,0.08
8.4,8.4,10.3,15.3,0.088
8.4,8.4,10.4,15.4,0.054
8.4,8.4,10.5,15.5,0.068
8.4,8.4,10.6,15.6,0.072
8.4,8.4,10.7,15.7,0.078
8.4,8.4,10.8,15.8,0.076
8.4,8.4,10.9,15.9,0.068
8.4,8.4,11.0,16.0,0.068
8.4,8.4,11.1,16.1,0.084
8.4,8.4,11.2,16.2,0.076
8.4,8.4,11.3,16.3,0.056
8.4,8.4,11.4,16.4,0.058
8.4,8.4,11.5,16.5,0.054
8.4,8.4,11.6,16.6,0.054
8.4,8.4,11.7,16.7,0.064
8.4,8.4,11.8,16.8,0.07
8.4,8.4,11.9,16.9,0.046
8.4,8.4,12.0,17.0,0.058
8.4,8.4,12.1,17.1,0.054
8.4,8.4,12.2,17.2,0.052
8.4,8.4,12.3,17.3,0.064
8.4,8.4,12.4,17.4,0.068
8.4,8.4,12.5,17.5,0.056
8.4,8.4,12.6,17.6,0.048
8.4,8.4,12.7,17.7,0.032
8.4,8.4,12.8,17.8,0.054
8.4,8.4,12.9,17.9,0.07
8.4,8.4,13.0,18.0,0.056
8.4,8.4,13.1,18.1,0.038
8.4,8.4,13.2,18.2,0.056
8.4,8.4,13.3,18.3,0.038
8.4,8.4,13.4,18.4,0.056
8.4,8.4,13.5,18.5,0.052
8.4,8.4,13.6,18.6,0.048
8.4,8.4,13.7,18.7,0.06
8.4,8.4,13.8,18.8,0.038
8.4,8.4,13.9,18.9,0.052
8.4,8.4,14.0,19.0,0.05
8.4,8.4,14.1,19.1,0.054
8.4,8.4,14.2,19.2,0.062
8.4,8.4,14.3,19.3,0.048
8.4,8.4,14.4,19.4,0.05
8.4,8.4,14.5,19.5,0.044
8.4,8.4,14.6,19.6,0.05
8.4,8.4,14.7,19.7,0.062
8.4,8.4,14.8,19.8,0.05
8.4,8.4,14.9,19.9,0.05
8.4,8.4,15.0,20.0,0.034
8.5,8.5,0.0,5.0,0.724
8.5,8.5,0.1,5.1,0.794
8.5,8.5,0.2,5.2,0.796
8.5,8.5,0.3,5.3,0.8
8.5,8.5,0.4,5.4,0.822
8.5,8.5,0.5,5.5,0.844
8.5,8.5,0.6,5.6,0.816
8.5,8.5,0.7,5.7,0.874
8.5,8.5,0.8,5.8,0.87
8.5,8.5,0.9,5.9,0.894
8.5,8.5,1.0,6.0,0.886
8.5,8.5,1.1,6.1,0.876
8.5,8.5,1.2,6.2,0.892
8.5,8.5,1.3,6.3,0.89
8.5,8.5,1.4,6.4,0.914
8.5,8.5,1.5,6.5,0.906
8.5,8.5,1.6,6.6,0.886
8.5,8.5,1.7,6.7,0.934
8.5,8.5,1.8,6.8,0.922
8.5,8.5,1.9,6.9,0.916
8.5,8.5,2.0,7.0,0.95
8.5,8.5,2.1,7.1,0.912
8.5,8.5,2.2,7.2,0.94
8.5,8.5,2.3,7.3,0.936
8.5,8.5,2.4,7.4,0.916
8.5,8.5,2.5,7.5,0.944
8.5,8.5,2.6,7.6,0.93
8.5,8.5,2.7,7.7,0.932
8.5,8.5,2.8,7.8,0.924
8.5,8.5,2.9,7.9,0.902
8.5,8.5,3.0,8.0,0.91
8.5,8.5,3.1,8.1,0.91
8.5,8.5,3.2,8.2,0.906
8.5,8.5,3.3,8.3,0.908
8.5,8.5,3.4,8.4,0.894
8.5,8.5,3.5,8.5,0.896
8.5,8.5,3.6,8.6,0.874
8.5,8.5,3.7,8.7,0.894
8.5,8.5,3.8,8.8,0.866
8.5,8.5,3.9,8.9,0.876
8.5,8.5,4.0,9.0,0.834
8.5,8.5,4.1,9.1,0.85
8.5,8.5,4.2,9.2,0.848
8.5,8.5,4.3,9.3,0.808
8.5,8.5,4.4,9.4,0.804
8.5,8.5,4.5,9.5,0.776
8.5,8.5,4.6,9.6,0.718
8.5,8.5,4.7,9.7,0.752
8.5,8.5,4.8,9.8,0.718
8.5,8.5,4.9,9.9,0.672
8.5,8.5,5.0,10.0,0.676
8.5,8.5,5.1,10.1,0.638
8.5,8.5,5.2,10.2,0.618
8.5,8.5,5.3,10.3,0.52
8.5,8.5,5.4,10.4,0.508
8.5,8.5,5.5,10.5,0.458
8.5,8.5,5.6,10.6,0.424
8.5,8.5,5.7,10.7,0.364
8.5,8.5,5.8,10.8,0.352
8.5,8.5,5.9,10.9,0.292
8.5,8.5,6.0,11.0,0.322
8.5,8.5,6.1,11.1,0.258
8.5,8.5,6.2,11.2,0.224
8.5,8.5,6.3,11.3,0.224
8.5,8.5,6.4,11.4,0.178
8.5,8.5,6.5,11.5,0.176
8.5,8.5,6.6,11.6,0.208
8.5,8.5,6.7,11.7,0.146
8.5,8.5,6.8,11.8,0.162
8.5,8.5,6.9,11.9,0.152
8.5,8.5,7.0,12.0,0.152
8.5,8.5,7.1,12.1,0.136
8.5,8.5,7.2,12.2,0.148
8.5,8.5,7.3,12.3,0.122
8.5,8.5,7.4,12.4,0.122
8.5,8.5,7.5,12.5,0.132
8.5,8.5,7.6,12.6,0.122
8.5,8.5,7.7,12.7,0.112
8.5,8.5,7.8,12.8,0.126
8.5,8.5,7.9,12.9,0.098
8.5,8.5,8.0,13.0,0.118
8.5,8.5,8.1,13.1,0.104
8.5,8.5,8.2,13.2,0.104
8.5,8.5,8.3,13.3,0.126
8.5,8.5,8.4,13.4,0.114
8.5,8.5,8.5,13.5,0.118
8.5,8.5,8.6,13.6,0.122
8.5,8.5,8.7,13.7,0.084
8.5,8.5,8.8,13.8,0.108
8.5,8.5,8.9,13.9,0.092
8.5,8.5,9.0,14.0,0.12
8.5,8.5,9.1,14.1,0.102
8.5,8.5,9.2,14.2,0.114
8.5,8.5,9.3,14.3,0.1
8.5,8.5,9.4,14.4,0.082
8.5,8.5,9.5,14.5,0.1
8.5,8.5,9.6,14.6,0.104
8.5,8.5,9.7,14.7,0.098
8.5,8.5,9.8,14.8,0.082
8.5,8.5,9.9,14.9,0.07
8.5,8.5,10.0,15.0,0.104
8.5,8.5,10.1,15.1,0.1
8.5,8.5,10.2,15.2,0.09
8.5,8.5,10.3,15.3,0.09
8.5,8.5,10.4,15.4,0.086
8.5,8.5,10.5,15.5,0.088
8.5,8.5,10.6,15.6,0.08
8.5,8.5,10.7,15.7,0.074
8.5,8.5,10.8,15.8,0.072
8.5,8.5,10.9,15.9,0.072
8.5,8.5,11.0,16.0,0.088
8.5,8.5,11.1,16.1,0.062
8.5,8.5,11.2,16.2,0.064
8.5,8.5,11.3,16.3,0.042
8.5,8.5,11.4,16.4,0.062
8.5,8.5,11.5,16.5,0.056
8.5,8.5,11.6,16.6,0.058
8.5,8.5,11.7,16.7,0.046
8.5,8.5,11.8,16.8,0.046
8.5,8.5,11.9,16.9,0.058
8.5,8.5,12.0,17.0,0.058
8.5,8.5,12.1,17.1,0.05
8.5,8.5,12.2,17.2,0.068
8.5,8.5,12.3,17.3,0.058
8.5,8.5,12.4,17.4,0.06
8.5,8.5,12.5,17.5,0.04
8.5,8.5,12.6,17.6,0.05
8.5,8.5,12.7,17.7,0.052
8.5,8.5,12.8,17.8,0.042
8.5,8.5,12.9,17.9,0.056
8.5,8.5,13.0,18.0,0.068
8.5,8.5,13.1,18.1,0.056
8.5,8.5,13.2,18.2,0.04
8.5,8.5,13.3,18.3,0.056
8.5,8.5,13.4,18.4,0.076
8.5,8.5,13.5,18.5,0.078
8.5,8.5,13.6,18.6,0.03
8.5,8.5,13.7,18.7,0.038
8.5,8.5,13.8,18.8,0.066
8.5,8.5,13.9,18.9,0.034
8.5,8.5,14.0,19.0,0.056
8.5,8.5,14.1,19.1,0.054
8.5,8.5,14.2,19.2,0.058
8.5,8.5,14.3,19.3,0.06
8.5,8.5,14.4,19.4,0.06
8.5,8.5,14.5,19.5,0.048
8.5,8.5,14.6,19.6,0.04
8.5,8.5,14.7,19.7,0.044
8.5,8.5,14.8,19.8,0.052
8.5,8.5,14.9,19.9,0.05
8.5,8.5,15.0,20.0,0.07
8.6,8.6,0.0,5.0,0.706
8.6,8.6,0.1,5.1,0.712
8.6,8.6,0.2,5.2,0.774
8.6,8.6,0.3,5.3,0.776
8.6,8.6,0.4,5.4,0.802
8.6,8.6,0.5,5.5,0.832
8.6,8.6,0.6,5.6,0.846
8.6,8.6,0.7,5.7,0.862
8.6,8.6,0.8,5.8,0.844
8.6,8.6,0.9,5.9,0.876
8.6,8.6,1.0,6.0,0.872
8.6,8.6,1.1,6.1,0.884
8.6,8.6,1.2,6.2,0.898
8.6,8.6,1.3,6.3,0.88
8.6,8.6,1.4,6.4,0.884
8.6,8.6,1.5,6.5,0.908
8.6,8.6,1.6,6.6,0.906
8.6,8.6,1.7,6.7,0.908
8.6,8.6,1.8,6.8,0.896
8.6,8.6,1.9,6.9,0.93
8.6,8.6,2.0,7.0,0.916
8.6,8.6,2.1,7.1,0.918
8.6,8.6,2.2,7.2,0.92
8.6,8.6,2.3,7.3,0.902
8.6,8.6,2.4,7.4,0.922
8.6,8.6,2.5,7.5,0.918
8.6,8.6,2.6,7.6,0.902
8.6,8.6,2.7,7.7,0.934
8.6,8.6,2.8,7.8,0.902
8.6,8.6,2.9,7.9,0.914
8.6,8.6,3.0,8.0,0.914
8.6,8.6,3.1,8.1,0.924
8.6,8.6,3.2,8.2,0.932
8.6,8.6,3.3,8.3,0.918
8.6,8.6,3.4,8.4,0.89
8.6,8.6,3.5,8.5,0.874
8.6,8.6,3.6,8.6,0.908
8.6,8.6,3.7,8.7,0.884
8.6,8.6,3.8,8.8,0.902
8.6,8.6,3.9,8.9,0.88
8.6,8.6,4.0,9.0,0.88
8.6,8.6,4.1,9.1,0.88
8.6,8.6,4.2,9.2,0.836
8.6,8.6,4.3,9.3,0.832
8.6,8.6,4.4,9.4,0.828
8.6,8.6,4.5,9.5,0.83
8.6,8.6,4.6,9.6,0.772
8.6,8.6,4.7,9.7,0.78
8.6,8.6,4.8,9.8,0.742
8.6,8.6,4.9,9.9,0.694
8.6,8.6,5.0,10.0,0.66
8.6,8.6,5.1,10.1,0.672
8.6,8.6,5.2,10.2,0.63
8.6,8.6,5.3,10.3,0.594
8.6,8.6,5.4,10.4,0.554
8.6,8.6,5.5,10.5,0.51
8.6,8.6,5.6,10.6,0.476
8.6,8.6,5.7,10.7,0.44
8.6,8.6,5.8,10.8,0.358
8.6,8.6,5.9,10.9,0.386
8.6,8.6,6.0,11.0,0.336
8.6,8.6,6.1,11.1,0.302
8.6,8.6,6.2,11.2,0.274
8.6,8.6,6.3,11.3,0.248
8.6,8.6,6.4,11.4,0.202
8.6,8.6,6.5,11.5,0.21
8.6,8.6,6.6,11.6,0.22
8.6,8.6,6.7,11.7,0.204
8.6,8.6,6.8,11.8,0.16
8.6,8.6,6.9,11.9,0.166
8.6,8.6,7.0,12.0,0.146
8.6,8.6,7.1,12.1,0.132
8.6,8.6,7.2,12.2,0.144
8.6,8.6,7.3,12.3,0.148
8.6,8.6,7.4,12.4,0.112
8.6,8.6,7.5,12.5,0.126
8.6,8.6,7.6,12.6,0.108
8.6,8.6,7.7,12.7,0.118
8.6,8.6,7.8,12.8,0.132
8.6,8.6,7.9,12.9,0.116
8.6,8.6,8.0,13.0,0.108
8.6,8.6,8.1,13.1,0.13
8.6,8.6,8.2,13.2,0.084
8.6,8.6,8.3,13.3,0.092
8.6,8.6,8.4,13.4,0.11
8.6,8.6,8.5,13.5,0.098
8.6,8.6,8.6,13.6,0.122
8.6,8.6,8.7,13.7,0.094
8.6,8.6,8.8,13.8,0.102
8.6,8.6,8.9,13.9,0.118
8.6,8.6,9.0,14.0,0.092
8.6,8.6,9.1,14.1,0.094
8.6,8.6,9.2,14.2,0.098
8.6,8.6,9.3,14.3,0.128
8.6,8.6,9.4,14.4,0.098
8.6,8.6,9.5,14.5,0.096
8.6,8.6,9.6,14.6,0.096
8.6,8.6,9.7,14.7,0.094
8.6,8.6,9.8,14.8,0.092
8.6,8.6,9.9,14.9,0.092
8.6,8.6,10.0,15.0,0.09
8.6,8.6,10.1,15.1,0.108
8.6,8.6,10.2,15.2,0.1
8.6,8.6,10.3,15.3,0.072
8.6,8.6,10.4,15.4,0.08
8.6,8.6,10.5,15.5,0.092
8.6,8.6,10.6,15.6,0.104
8.6,8.6,10.7,15.7,0.06
8.6,8.6,10.8,15.8,0.088
8.6,8.6,10.9,15.9,0.082
8.6,8.6,11.0,16.0,0.082
8.6,8.6,11.1,16.1,0.088
8.6,8.6,11.2,16.2,0.084
8.6,8.6,11.3,16.3,0.108
8.6,8.6,11.4,16.4,0.05
8.6,8.6,11.5,16.5,0.058
8.6,8.6,11.6,16.6,0.052
8.6,8.6,11.7,16.7,0.042
8.6,8.6,11.8,16.8,0.084
8.6,8.6,11.9,16.9,0.066
8.6,8.6,12.0,17.0,0.054
8.6,8.6,12.1,17.1,0.068
8.6,8.6,12.2,17.2,0.042
8.6,8.6,12.3,17.3,0.072
8.6,8.6,12.4,17.4,0.056
8.6,8.6,12.5,17.5,0.06
8.6,8.6,12.6,17.6,0.052
8.6,8.6,12.7,17.7,0.068
8.6,8.6,12.8,17.8,0.068
8.6,8.6,12.9,17.9,0.056
8.6,8.6,13.0,18.0,0.036
8.6,8.6,13.1,18.1,0.042
8.6,8.6,13.2,18.2,0.048
8.6,8.6,13.3,18.3,0.058
8.6,8.6,13.4,18.4,0.054
8.6,8.6,13.5,18.5,0.054
8.6,8.6,13.6,18.6,0.058
8.6,8.6,13.7,18.7,0.04
8.6,8.6,13.8,18.8,0.04
8.6,8.6,13.9,18.9,0.026
8.6,8.6,14.0,19.0,0.056
8.6,8.6,14.1,19.1,0.044
8.6,8.6,14.2,19.2,0.04
8.6,8.6,14.3,19.3,0.06
8.6,8.6,14.4,19.4,0.062
8.6,8.6,14.5,19.5,0.034
8.6,8.6,14.6,19.6,0.058
8.6,8.6,14.7,19.7,0.038
8.6,8.6,14.8,19.8,0.048
8.6,8.6,14.9,19.9,0.046
8.6,8.6,15.0,20.0,0.058
8.7,8.7,0.0,5.0,0.696
8.7,8.7,0.1,5.1,0.694
8.7,8.7,0.2,5.2,0.744
8.7,8.7,0.3,5.3,0.78
8.7,8.7,0.4,5.4,0.796
8.7,8.7,0.5,5.5,0.78
8.7,8.7,0.6,5.6,0.78
8.7,8.7,0.7,5.7,0.828
8.7,8.7,0.8,5.8,0.81
8.7,8.7,0.9,5.9,0.864
8.7,8.7,1.0,6.0,0.878
8.7,8.7,1.1,6.1,0.856
8.7,8.7,1.2,6.2,0.896
8.7,8.7,1.3,6.3,0.882
8.7,8.7,1.4,6.4,0.88
8.7,8.7,1.5,6.5,0.904
8.7,8.7,1.6,6.6,0.878
8.7,8.7,1.7,6.7,0.902
8.7,8.7,1.8,6.8,0.91
8.7,8.7,1.9,6.9,0.912
8.7,8.7,2.0,7.0,0.908
8.7,8.7,2.1,7.1,0.908
8.7,8.7,2.2,7.2,0.926
8.7,8.7,2.3,7.3,0.942
8.7,8.7,2.4,7.4,0.892
8.7,8.7,2.5,7.5,0.93
8.7,8.7,2.6,7.6,0.924
8.7,8.7,2.7,7.7,0.916
8.7,8.7,2.8,7.8,0.92
8.7,8.7,2.9,7.9,0.944
8.7,8.7,3.0,8.0,0.932
8.7,8.7,3.1,8.1,0.922
8.7,8.7,3.2,8.2,0.928
8.7,8.7,3.3,8.3,0.914
8.7,8.7,3.4,8.4,0.892
8.7,8.7,3.5,8.5,0.886
8.7,8.7,3.6,8.6,0.888
8.7,8.7,3.7,8.7,0.904
8.7,8.7,3.8,8.8,0.91
8.7,8.7,3.9,8.9,0.886
8.7,8.7,4.0,9.0,0.872
8.7,8.7,4.1,9.1,0.912
8.7,8.7,4.2,9.2,0.842
8.7,8.7,4.3,9.3,0.868
8.7,8.7,4.4,9.4,0.816
8.7,8.7,4.5,9.5,0.84
8.7,8.7,4.6,9.6,0.774
8.7,8.7,4.7,9.7,0.776
8.7,8.7,4.8,9.8,0.738
8.7,8.7,4.9,9.9,0.744
8.7,8.7,5.0,10.0,0.71
8.7,8.7,5.1,10.1,0.66
8.7,8.7,5.2,10.2,0.656
8.7,8.7,5.3,10.3,0.62
8.7,8.7,5.4,10.4,0.6
8.7,8.7,5.5,10.5,0.518
8.7,8.7,5.6,10.6,0.534
8.7,8.7,5.7,10.7,0.478
8.7,8.7,5.8,10.8,0.442
8.7,8.7,5.9,10.9,0.402
8.7,8.7,6.0,11.0,0.3
8.7,8.7,6.1,11.1,0.32
8.7,8.7,6.2,11.2,0.282
8.7,8.7,6.3,11.3,0.286
8.7,8.7,6.4,11.4,0.242
8.7,8.7,6.5,11.5,0.244
8.7,8.7,6.6,11.6,0.226
8.7,8.7,6.7,11.7,0.21
8.7,8.7,6.8,11.8,0.194
8.7,8.7,6.9,11.9,0.176
8.7,8.7,7.0,12.0,0.182
8.7,8.7,7.1,12.1,0.158
8.7,8.7,7.2,12.2,0.134
8.7,8.7,7.3,12.3,0.152
8.7,8.7,7.4,12.4,0.122
8.7,8.7,7.5,12.5,0.128
8.7,8.7,7.6,12.6,0.108
8.7,8.7,7.7,12.7,0.12
8.7,8.7,7.8,12.8,0.112
8.7,8.7,7.9,12.9,0.112
8.7,8.7,8.0,13.0,0.134
8.7,8.7,8.1,13.1,0.1
8.7,8.7,8.2,13.2,0.094
8.7,8.7,8.3,13.3,0.12
8.7,8.7,8.4,13.4,0.098
8.7,8.7,8.5,13.5,0.106
8.7,8.7,8.6,13.6,0.112
8.7,8.7,8.7,13.7,0.104
8.7,8.7,8.8,13.8,0.084
8.7,8.7,8.9,13.9,0.098
8.7,8.7,9.0,14.0,0.126
8.7,8.7,9.1,14.1,0.098
8.7,8.7,9.2,14.2,0.096
8.7,8.7,9.3,14.3,0.122
8.7,8.7,9.4,14.4,0.09
8.7,8.7,9.5,14.5,0.102
8.7,8.7,9.6,14.6,0.1
8.7,8.7,9.7,14.7,0.076
8.7,8.7,9.8,14.8,0.09
8.7,8.7,9.9,14.9,0.084
8.7,8.7,10.0,15.0,0.082
8.7,8.7,10.1,15.1,0.114
8.7,8.7,10.2,15.2,0.07
8.7,8.7,10.3,15.3,0.112
8.7,8.7,10.4,15.4,0.1
8.7,8.7,10.5,15.5,0.076
8.7,8.7,10.6,15.6,0.08
8.7,8.7,10.7,15.7,0.072
8.7,8.7,10.8,15.8,0.09
8.7,8.7,10.9,15.9,0.066
8.7,8.7,11.0,16.0,0.08
8.7,8.7,11.1,16.1,0.076
8.7,8.7,11.2,16.2,0.072
8.7,8.7,11.3,16.3,0.052
8.7,8.7,11.4,16.4,0.052
8.7,8.7,11.5,16.5,0.064
8.7,8.7,11.6,16.6,0.058
8.7,8.7,11.7,16.7,0.056
8.7,8.7,11.8,16.8,0.06
8.7,8.7,11.9,16.9,0.044
8.7,8.7,12.0,17.0,0.058
8.7,8.7,12.1,17.1,0.07
8.7,8.7,12.2,17.2,0.034
8.7,8.7,12.3,17.3,0.052
8.7,8.7,12.4,17.4,0.054
8.7,8.7,12.5,17.5,0.066
8.7,8.7,12.6,17.6,0.044
8.7,8.7,12.7,17.7,0.058
8.7,8.7,12.8,17.8,0.058
8.7,8.7,12.9,17.9,0.052
8.7,8.7,13.0,18.0,0.05
8.7,8.7,13.1,18.1,0.054
8.7,8.7,13.2,18.2,0.05
8.7,8.7,13.3,18.3,0.042
8.7,8.7,13.4,18.4,0.05
8.7,8.7,13.5,18.5,0.062
8.7,8.7,13.6,18.6,0.042
8.7,8.7,13.7,18.7,0.036
8.7,8.7,13.8,18.8,0.038
8.7,8.7,13.9,18.9,0.044
8.7,8.7,14.0,19.0,0.064
8.7,8.7,14.1,19.1,0.048
8.7,8.7,14.2,19.2,0.038
8.7,8.7,14.3,19.3,0.08
8.7,8.7,14.4,19.4,0.064
8.7,8.7,14.5,19.5,0.046
8.7,8.7,14.6,19.6,0.058
8.7,8.7,14.7,19.7,0.042
8.7,8.7,14.8,19.8,0.042
8.7,8.7,14.9,19.9,0.038
8.7,8.7,15.0,20.0,0.066
8.8,8.8,0.0,5.0,0.666
8.8,8.8,0.1,5.1,0.66
8.8,8.8,0.2,5.2,0.704
8.8,8.8,0.3,5.3,0.71
8.8,8.8,0.4,5.4,0.774
8.8,8.8,0.5,5.5,0.8
8.8,8.8,0.6,5.6,0.792
8.8,8.8,0.7,5.7,0.836
8.8,8.8,0.8,5.8,0.826
8.8,8.8,0.9,5.9,0.858
8.8,8.8,1.0,6.0,0.87
8.8,8.8,1.1,6.1,0.866
8.8,8.8,1.2,6.2,0.882
8.8,8.8,1.3,6.3,0.886
8.8,8.8,1.4,6.4,0.886
8.8,8.8,1.5,6.5,0.924
8.8,8.8,1.6,6.6,0.886
8.8,8.8,1.7,6.7,0.912
8.8,8.8,1.8,6.8,0.898
8.8,8.8,1.9,6.9,0.912
8.8,8.8,2.0,7.0,0.888
8.8,8.8,2.1,7.1,0.934
8.8,8.8,2.2,7.2,0.92
8.8,8.8,2.3,7.3,0.916
8.8,8.8,2.4,7.4,0.936
8.8,8.8,2.5,7.5,0.92
8.8,8.8,2.6,7.6,0.918
8.8,8.8,2.7,7.7,0.92
8.8,8.8,2.8,7.8,0.914
8.8,8.8,2.9,7.9,0.91
8.8,8.8,3.0,8.0,0.926
8.8,8.8,3.1,8.1,0.896
8.8,8.8,3.2,8.2,0.936
8.8,8.8,3.3,8.3,0.908
8.8,8.8,3.4,8.4,0.922
8.8,8.8,3.5,8.5,0.93
8.8,8.8,3.6,8.6,0.918
8.8,8.8,3.7,8.7,0.902
8.8,8.8,3.8,8.8,0.898
8.8,8.8,3.9,8.9,0.892
8.8,8.8,4.0,9.0,0.88
8.8,8.8,4.1,9.1,0.894
8.8,8.8,4.2,9.2,0.846
8.8,8.8,4.3,9.3,0.874
8.8,8.8,4.4,9.4,0.886
8.8,8.8,4.5,9.5,0.836
8.8,8.8,4.6,9.6,0.8
8.8,8.8,4.7,9.7,0.796
8.8,8.8,4.8,9.8,0.792
8.8,8.8,4.9,9.9,0.742
8.8,8.8,5.0,10.0,0.714
8.8,8.8,5.1,10.1,0.714
8.8,8.8,5.2,10.2,0.722
8.8,8.8,5.3,10.3,0.636
8.8,8.8,5.4,10.4,0.598
8.8,8.8,5.5,10.5,0.572
8.8,8.8,5.6,10.6,0.494
8.8,8.8,5.7,10.7,0.482
8.8,8.8,5.8,10.8,0.448
8.8,8.8,5.9,10.9,0.408
8.8,8.8,6.0,11.0,0.412
8.8,8.8,6.1,11.1,0.366
8.8,8.8,6.2,11.2,0.338
8.8,8.8,6.3,11.3,0.29
8.8,8.8,6.4,11.4,0.272
8.8,8.8,6.5,11.5,0.212
8.8,8.8,6.6,11.6,0.202
8.8,8.8,6.7,11.7,0.196
8.8,8.8,6.8,11.8,0.192
8.8,8.8,6.9,11.9,0.176
8.8,8.8,7.0,12.0,0.136
8.8,8.8,7.1,12.1,0.158
8.8,8.8,7.2,12.2,0.15
8.8,8.8,7.3,12.3,0.144
8.8,8.8,7.4,12.4,0.136
8.8,8.8,7.5,12.5,0.142
8.8,8.8,7.6,12.6,0.12
8.8,8.8,7.7,12.7,0.1
8.8,8.8,7.8,12.8,0.116
8.8,8.8,7.9,12.9,0.108
8.8,8.8,8.0,13.0,0.106
8.8,8.8,8.1,13.1,0.12
8.8,8.8,8.2,13.2,0.126
8.8,8.8,8.3,13.3,0.136
8.8,8.8,8.4,13.4,0.114
8.8,8.8,8.5,13.5,0.098
8.8,8.8,8.6,13.6,0.13
8.8,8.8,8.7,13.7,0.104
8.8,8.8,8.8,13.8,0.102
8.8,8.8,8.9,13.9,0.098
8.8,8.8,9.0,14.0,0.126
8.8,8.8,9.1,14.1,0.14
8.8,8.8,9.2,14.2,0.124
8.8,8.8,9.3,14.3,0.092
8.8,8.8,9.4,14.4,0.118
8.8,8.8,9.5,14.5,0.1
8.8,8.8,9.6,14.6,0.116
8.8,8.8,9.7,14.7,0.09
8.8,8.8,9.8,14.8,0.102
8.8,8.8,9.9,14.9,0.1
8.8,8.8,10.0,15.0,0.082
8.8,8.8,10.1,15.1,0.098
8.8,8.8,10.2,15.2,0.1
8.8,8.8,10.3,15.3,0.076
8.8,8.8,10.4,15.4,0.106
8.8,8.8,10.5,15.5,0.08
8.8,8.8,10.6,15.6,0.082
8.8,8.8,10.7,15.7,0.08
8.8,8.8,10.8,15.8,0.078
8.8,8.8,10.9,15.9,0.072
8.8,8.8,11.0,16.0,0.074
8.8,8.8,11.1,16.1,0.076
8.8,8.8,11.2,16.2,0.096
8.8,8.8,11.3,16.3,0.086
8.8,8.8,11.4,16.4,0.06
8.8,8.8,11.5,16.5,0.08
8.8,8.8,11.6,16.6,0.05
8.8,8.8,11.7,16.7,0.054
8.8,8.8,11.8,16.8,0.066
8.8,8.8,11.9,16.9,0.07
8.8,8.8,12.0,17.0,0.066
8.8,8.8,12.1,17.1,0.052
8.8,8.8,12.2,17.2,0.05
8.8,8.8,12.3,17.3,0.056
8.8,8.8,12.4,17.4,0.06
8.8,8.8,12.5,17.5,0.066
8.8,8.8,12.6,17.6,0.06
8.8,8.8,12.7,17.7,0.044
8.8,8.8,12.8,17.8,0.066
8.8,8.8,12.9,17.9,0.08
8.8,8.8,13.0,18.0,0.06
8.8,8.8,13.1,18.1,0.054
8.8,8.8,13.2,18.2,0.056
8.8,8.8,13.3,18.3,0.054
8.8,8.8,13.4,18.4,0.046
8.8,8.8,13.5,18.5,0.058
8.8,8.8,13.6,18.6,0.036
8.8,8.8,13.7,18.7,0.074
8.8,8.8,13.8,18.8,0.062
8.8,8.8,13.9,18.9,0.068
8.8,8.8,14.0,19.0,0.04
8.8,8.8,14.1,19.1,0.056
8.8,8.8,14.2,19.2,0.05
8.8,8.8,14.3,19.3,0.052
8.8,8.8,14.4,19.4,0.054
8.8,8.8,14.5,19.5,0.052
8.8,8.8,14.6,19.6,0.044
8.8,8.8,14.7,19.7,0.05
8.8,8.8,14.8,19.8,0.05
8.8,8.8,14.9,19.9,0.064
8.8,8.8,15.0,20.0,0.068
8.9,8.9,0.0,5.0,0.626
8.9,8.9,0.1,5.1,0.648
8.9,8.9,0.2,5.2,0.68
8.9,8.9,0.3,5.3,0.692
8.9,8.9,0.4,5.4,0.766
8.9,8.9,0.5,5.5,0.778
8.9,8.9,0.6,5.6,0.79
8.9,8.9,0.7,5.7,0.792
8.9,8.9,0.8,5.8,0.796
8.9,8.9,0.9,5.9,0.824
8.9,8.9,1.0,6.0,0.838
8.9,8.9,1.1,6.1,0.874
8.9,8.9,1.2,6.2,0.876
8.9,8.9,1.3,6.3,0.882
8.9,8.9,1.4,6.4,0.884
8.9,8.9,1.5,6.5,0.88
8.9,8.9,1.6,6.6,0.892
8.9,8.9,1.7,6.7,0.886
8.9,8.9,1.8,6.8,0.886
8.9,8.9,1.9,6.9,0.91
8.9,8.9,2.0,7.0,0.892
8.9,8.9,2.1,7.1,0.922
8.9,8.9,2.2,7.2,0.916
8.9,8.9,2.3,7.3,0.926
8.9,8.9,2.4,7.4,0.934
8.9,8.9,2.5,7.5,0.928
8.9,8.9,2.6,7.6,0.922
8.9,8.9,2.7,7.7,0.906
8.9,8.9,2.8,7.8,0.914
8.9,8.9,2.9,7.9,0.93
8.9,8.9,3.0,8.0,0.91
8.9,8.9,3.1,8.1,0.914
8.9,8.9,3.2,8.2,0.932
8.9,8.9,3.3,8.3,0.928
8.9,8.9,3.4,8.4,0.928
8.9,8.9,3.5,8.5,0.908
8.9,8.9,3.6,8.6,0.918
8.9,8.9,3.7,8.7,0.894
8.9,8.9,3.8,8.8,0.914
8.9,8.9,3.9,8.9,0.908
8.9,8.9,4.0,9.0,0.904
8.9,8.9,4.1,9.1,0.864
8.9,8.9,4.2,9.2,0.862
8.9,8.9,4.3,9.3,0.88
8.9,8.9,4.4,9.4,0.882
8.9,8.9,4.5,9.5,0.854
8.9,8.9,4.6,9.6,0.84
8.9,8.9,4.7,9.7,0.846
8.9,8.9,4.8,9.8,0.774
8.9,8.9,4.9,9.9,0.782
8.9,8.9,5.0,10.0,0.748
8.9,8.9,5.1,10.1,0.744
8.9,8.9,5.2,10.2,0.738
8.9,8.9,5.3,10.3,0.668
8.9,8.9,5.4,10.4,0.642
8.9,8.9,5.5,10.5,0.636
8.9,8.9,5.6,10.6,0.582
8.9,8.9,5.7,10.7,0.526
8.9,8.9,5.8,10.8,0.492
8.9,8.9,5.9,10.9,0.486
8.9,8.9,6.0,11.0,0.41
8.9,8.9,6.1,11.1,0.396
8.9,8.9,6.2,11.2,0.374
8.9,8.9,6.3,11.3,0.296
8.9,8.9,6.4,11.4,0.28
8.9,8.9,6.5,11.5,0.29
8.9,8.9,6.6,11.6,0.234
8.9,8.9,6.7,11.7,0.27
8.9,8.9,6.8,11.8,0.198
8.9,8.9,6.9,11.9,0.184
8.9,8.9,7.0,12.0,0.168
8.9,8.9,7.1,12.1,0.174
8.9,8.9,7.2,12.2,0.148
8.9,8.9,7.3,12.3,0.174
8.9,8.9,7.4,12.4,0.168
8.9,8.9,7.5,12.5,0.144
8.9,8.9,7.6,12.6,0.132
8.9,8.9,7.7,12.7,0.12
8.9,8.9,7.8,12.8,0.136
8.9,8.9,7.9,12.9,0.126
8.9,8.9,8.0,13.0,0.116
8.9,8.9,8.1,13.1,0.108
8.9,8.9,8.2,13.2,0.092
8.9,8.9,8.3,13.3,0.14
8.9,8.9,8.4,13.4,0.118
8.9,8.9,8.5,13.5,0.124
8.9,8.9,8.6,13.6,0.132
8.9,8.9,8.7,13.7,0.1
8.9,8.9,8.8,13.8,0.114
8.9,8.9,8.9,13.9,0.132
8.9,8.9,9.0,14.0,0.114
8.9,8.9,9.1,14.1,0.08
8.9,8.9,9.2,14.2,0.09
8.9,8.9,9.3,14.3,0.1
8.9,8.9,9.4,14.4,0.112
8.9,8.9,9.5,14.5,0.108
8.9,8.9,9.6,14.6,0.132
8.9,8.9,9.7,14.7,0.09
8.9,8.9,9.8,14.8,0.094
8.9,8.9,9.9,14.9,0.078
8.9,8.9,10.0,15.0,0.096
8.9,8.9,10.1,15.1,0.1
8.9,8.9,10.2,15.2,0.084
8.9,8.9,10.3,15.3,0.084
8.9,8.9,10.4,15.4,0.066
8.9,8.9,10.5,15.5,0.082
8.9,8.9,10.6,15.6,0.106
8.9,8.9,10.7,15.7,0.094
8.9,8.9,10.8,15.8,0.082
8.9,8.9,10.9,15.9,0.074
8.9,8.9,11.0,16.0,0.1
8.9,8.9,11.1,16.1,0.068
8.9,8.9,11.2,16.2,0.07
8.9,8.9,11.3,16.3,0.074
8.9,8.9,11.4,16.4,0.076
8.9,8.9,11.5,16.5,0.052
8.9,8.9,11.6,16.6,0.064
8.9,8.9,11.7,16.7,0.076
8.9,8.9,11.8,16.8,0.064
8.9,8.9,11.9,16.9,0.07
8.9,8.9,12.0,17.0,0.062
8.9,8.9,12.1,17.1,0.056
8.9,8.9,12.2,17.2,0.044
8.9,8.9,12.3,17.3,0.056
8.9,8.9,12.4,17.4,0.032
8.9,8.9,12.5,17.5,0.058
8.9,8.9,12.6,17.6,0.052
8.9,8.9,12.7,17.7,0.064
8.9,8.9,12.8,17.8,0.06
8.9,8.9,12.9,17.9,0.062
8.9,8.9,13.0,18.0,0.036
8.9,8.9,13.1,18.1,0.056
8.9,8.9,13.2,18.2,0.038
8.9,8.9,13.3,18.3,0.054
8.9,8.9,13.4,18.4,0.05
8.9,8.9,13.5,18.5,0.062
8.9,8.9,13.6,18.6,0.042
8.9,8.9,13.7,18.7,0.054
8.9,8.9,13.8,18.8,0.048
8.9,8.9,13.9,18.9,0.048
8.9,8.9,14.0,19.0,0.048
8.9,8.9,14.1,19.1,0.046
8.9,8.9,14.2,19.2,0.046
8.9,8.9,14.3,19.3,0.054
8.9,8.9,14.4,19.4,0.048
8.9,8.9,14.5,19.5,0.054
8.9,8.9,14.6,19.6,0.038
8.9,8.9,14.7,19.7,0.04
8.9,8.9,14.8,19.8,0.05
8.9,8.9,14.9,19.9,0.042
8.9,8.9,15.0,20.0,0.048
9.0,9.0,0.0,5.0,0.582
9.0,9.0,0.1,5.1,0.646
9.0,9.0,0.2,5.2,0.674
9.0,9.0,0.3,5.3,0.672
9.0,9.0,0.4,5.4,0.694
9.0,9.0,0.5,5.5,0.75
9.0,9.0,0.6,5.6,0.76
9.0,9.0,0.7,5.7,0.786
9.0,9.0,0.8,5.8,0.778
9.0,9.0,0.9,5.9,0.824
9.0,9.0,1.0,6.0,0.838
9.0,9.0,1.1,6.1,0.86
9.0,9.0,1.2,6.2,0.862
9.0,9.0,1.3,6.3,0.874
9.0,9.0,1.4,6.4,0.884
9.0,9.0,1.5,6.5,0.878
9.0,9.0,1.6,6.6,0.88
9.0,9.0,1.7,6.7,0.9
9.0,9.0,1.8,6.8,0.886
9.0,9.0,1.9,6.9,0.91
9.0,9.0,2.0,7.0,0.904
9.0,9.0,2.1,7.1,0.924
9.0,9.0,2.2,7.2,0.906
9.0,9.0,2.3,7.3,0.924
9.0,9.0,2.4,7.4,0.936
9.0,9.0,2.5,7.5,0.92
9.0,9.0,2.6,7.6,0.906
9.0,9.0,2.7,7.7,0.922
9.0,9.0,2.8,7.8,0.936
9.0,9.0,2.9,7.9,0.934
9.0,9.0,3.0,8.0,0.892
9.0,9.0,3.1,8.1,0.932
9.0,9.0,3.2,8.2,0.93
9.0,9.0,3.3,8.3,0.928
9.0,9.0,3.4,8.4,0.926
9.0,9.0,3.5,8.5,0.92
9.0,9.0,3.6,8.6,0.912
9.0,9.0,3.7,8.7,0.926
9.0,9.0,3.8,8.8,0.892
9.0,9.0,3.9,8.9,0.908
9.0,9.0,4.0,9.0,0.908
9.0,9.0,4.1,9.1,0.886
9.0,9.0,4.2,9.2,0.884
9.0,9.0,4.3,9.3,0.91
9.0,9.0,4.4,9.4,0.874
9.0,9.0,4.5,9.5,0.838
9.0,9.0,4.6,9.6,0.848
9.0,9.0,4.7,9.7,0.858
9.0,9.0,4.8,9.8,0.844
9.0,9.0,4.9,9.9,0.824
9.0,9.0,5.0,10.0,0.77
9.0,9.0,5.1,10.1,0.788
9.0,9.0,5.2,10.2,0.762
9.0,9.0,5.3,10.3,0.728
9.0,9.0,5.4,10.4,0.668
9.0,9.0,5.5,10.5,0.614
9.0,9.0,5.6,10.6,0.614
9.0,9.0,5.7,10.7,0.59
9.0,9.0,5.8,10.8,0.53
9.0,9.0,5.9,10.9,0.496
9.0,9.0,6.0,11.0,0.428
9.0,9.0,6.1,11.1,0.394
9.0,9.0,6.2,11.2,0.36
9.0,9.0,6.3,11.3,0.34
9.0,9.0,6.4,11.4,0.33
9.0,9.0,6.5,11.5,0.3
9.0,9.0,6.6,11.6,0.25
9.0,9.0,6.7,11.7,0.25
9.0,9.0,6.8,11.8,0.232
9.0,9.0,6.9,11.9,0.202
9.0,9.0,7.0,12.0,0.198
9.0,9.0,7.1,12.1,0.204
9.0,9.0,7.2,12.2,0.162
9.0,9.0,7.3,12.3,0.186
9.0,9.0,7.4,12.4,0.17
9.0,9.0,7.5,12.5,0.144
9.0,9.0,7.6,12.6,0.126
9.0,9.0,7.7,12.7,0.116
9.0,9.0,7.8,12.8,0.126
9.0,9.0,7.9,12.9,0.148
9.0,9.0,8.0,13.0,0.142
9.0,9.0,8.1,13.1,0.106
9.0,9.0,8.2,13.2,0.098
9.0,9.0,8.3,13.3,0.122
9.0,9.0,8.4,13.4,0.13
9.0,9.0,8.5,13.5,0.142
9.0,9.0,8.6,13.6,0.112
9.0,9.0,8.7,13.7,0.136
9.0,9.0,8.8,13.8,0.102
9.0,9.0,8.9,13.9,0.096
9.0,9.0,9.0,14.0,0.098
9.0,9.0,9.1,14.1,0.108
9.0,9.0,9.2,14.2,0.106
9.0,9.0,9.3,14.3,0.138
9.0,9.0,9.4,14.4,0.122
9.0,9.0,9.5,14.5,0.102
9.0,9.0,9.6,14.6,0.12
9.0,9.0,9.7,14.7,0.096
9.0,9.0,9.8,14.8,0.102
9.0,9.0,9.9,14.9,0.1
9.0,9.0,10.0,15.0,0.094
9.0,9.0,10.1,15.1,0.086
9.0,9.0,10.2,15.2,0.112
9.0,9.0,10.3,15.3,0.094
9.0,9.0,10.4,15.4,0.094
9.0,9.0,10.5,15.5,0.082
9.0,9.0,10.6,15.6,0.088
9.0,9.0,10.7,15.7,0.116
9.0,9.0,10.8,15.8,0.088
9.0,9.0,10.9,15.9,0.098
9.0,9.0,11.0,16.0,0.072
9.0,9.0,11.1,16.1,0.082
9.0,9.0,11.2,16.2,0.088
9.0,9.0,11.3,16.3,0.066
9.0,9.0,11.4,16.4,0.06
9.0,9.0,11.5,16.5,0.094
9.0,9.0,11.6,16.6,0.084
9.0,9.0,11.7,16.7,0.042
9.0,9.0,11.8,16.8,0.062
9.0,9.0,11.9,16.9,0.058
9.0,9.0,12.0,17.0,0.062
9.0,9.0,12.1,17.1,0.048
9.0,9.0,12.2,17.2,0.048
9.0,9.0,12.3,17.3,0.042
9.0,9.0,12.4,17.4,0.042
9.0,9.0,12.5,17.5,0.044
9.0,9.0,12.6,17.6,0.062
9.0,9.0,12.7,17.7,0.048
9.0,9.0,12.8,17.8,0.07
9.0,9.0,12.9,17.9,0.064
9.0,9.0,13.0,18.0,0.064
9.0,9.0,13.1,18.1,0.056
9.0,9.0,13.2,18.2,0.058
9.0,9.0,13.3,18.3,0.062
9.0,9.0,13.4,18.4,0.056
9.0,9.0,13.5,18.5,0.046
9.0,9.0,13.6,18.6,0.048
9.0,9.0,13.7,18.7,0.052
9.0,9.0,13.8,18.8,0.048
9.0,9.0,13.9,18.9,0.052
9.0,9.0,14.0,19.0,0.044
9.0,9.0,14.1,19.1,0.048
9.0,9.0,14.2,19.2,0.06
9.0,9.0,14.3,19.3,0.05
9.0,9.0,14.4,19.4,0.056
9.0,9.0,14.5,19.5,0.034
9.0,9.0,14.6,19.6,0.066
9.0,9.0,14.7,19.7,0.05
9.0,9.0,14.8,19.8,0.044
9.0,9.0,14.9,19.9,0.052
9.0,9.0,15.0,20.0,0.048
9.1,9.1,0.0,5.0,0.534
9.1,9.1,0.1,5.1,0.574
9.1,9.1,0.2,5.2,0.56
9.1,9.1,0.3,5.3,0.662
9.1,9.1,0.4,5.4,0.664
9.1,9.1,0.5,5.5,0.744
9.1,9.1,0.6,5.6,0.734
9.1,9.1,0.7,5.7,0.794
9.1,9.1,0.8,5.8,0.778
9.1,9.1,0.9,5.9,0.778
9.1,9.1,1.0,6.0,0.83
9.1,9.1,1.1,6.1,0.818
9.1,9.1,1.2,6.2,0.866
9.1,9.1,1.3,6.3,0.84
9.1,9.1,1.4,6.4,0.886
9.1,9.1,1.5,6.5,0.874
9.1,9.1,1.6,6.6,0.852
9.1,9.1,1.7,6.7,0.88
9.1,9.1,1.8,6.8,0.894
9.1,9.1,1.9,6.9,0.888
9.1,9.1,2.0,7.0,0.896
9.1,9.1,2.1,7.1,0.91
9.1,9.1,2.2,7.2,0.9
9.1,9.1,2.3,7.3,0.906
9.1,9.1,2.4,7.4,0.904
9.1,9.1,2.5,7.5,0.908
9.1,9.1,2.6,7.6,0.914
9.1,9.1,2.7,7.7,0.916
9.1,9.1,2.8,7.8,0.906
9.1,9.1,2.9,7.9,0.936
9.1,9.1,3.0,8.0,0.914
9.1,9.1,3.1,8.1,0.91
9.1,9.1,3.2,8.2,0.928
9.1,9.1,3.3,8.3,0.916
9.1,9.1,3.4,8.4,0.902
9.1,9.1,3.5,8.5,0.924
9.1,9.1,3.6,8.6,0.928
9.1,9.1,3.7,8.7,0.906
9.1,9.1,3.8,8.8,0.902
9.1,9.1,3.9,8.9,0.902
9.1,9.1,4.0,9.0,0.886
9.1,9.1,4.1,9.1,0.9
9.1,9.1,4.2,9.2,0.898
9.1,9.1,4.3,9.3,0.894
9.1,9.1,4.4,9.4,0.894
9.1,9.1,4.5,9.5,0.884
9.1,9.1,4.6,9.6,0.892
9.1,9.1,4.7,9.7,0.858
9.1,9.1,4.8,9.8,0.834
9.1,9.1,4.9,9.9,0.804
9.1,9.1,5.0,10.0,0.808
9.1,9.1,5.1,10.1,0.79
9.1,9.1,5.2,10.2,0.726
9.1,9.1,5.3,10.3,0.73
9.1,9.1,5.4,10.4,0.71
9.1,9.1,5.5,10.5,0.692
9.1,9.1,5.6,10.6,0.626
9.1,9.1,5.7,10.7,0.606
9.1,9.1,5.8,10.8,0.6
9.1,9.1,5.9,10.9,0.554
9.1,9.1,6.0,11.0,0.518
9.1,9.1,6.1,11.1,0.456
9.1,9.1,6.2,11.2,0.444
9.1,9.1,6.3,11.3,0.358
9.1,9.1,6.4,11.4,0.344
9.1,9.1,6.5,11.5,0.31
9.1,9.1,6.6,11.6,0.258
9.1,9.1,6.7,11.7,0.254
9.1,9.1,6.8,11.8,0.278
9.1,9.1,6.9,11.9,0.228
9.1,9.1,7.0,12.0,0.196
9.1,9.1,7.1,12.1,0.19
9.1,9.1,7.2,12.2,0.186
9.1,9.1,7.3,12.3,0.172
9.1,9.1,7.4,12.4,0.176
9.1,9.1,7.5,12.5,0.132
9.1,9.1,7.6,12.6,0.142
9.1,9.1,7.7,12.7,0.114
9.1,9.1,7.8,12.8,0.128
9.1,9.1,7.9,12.9,0.142
9.1,9.1,8.0,13.0,0.126
9.1,9.1,8.1,13.1,0.108
9.1,9.1,8.2,13.2,0.124
9.1,9.1,8.3,13.3,0.1
9.1,9.1,8.4,13.4,0.098
9.1,9.1,8.5,13.5,0.122
9.1,9.1,8.6,13.6,0.1
9.1,9.1,8.7,13.7,0.104
9.1,9.1,8.8,13.8,0.108
9.1,9.1,8.9,13.9,0.114
9.1,9.1,9.0,14.0,0.116
9.1,9.1,9.1,14.1,0.102
9.1,9.1,9.2,14.2,0.102
9.1,9.1,9.3,14.3,0.098
9.1,9.1,9.4,14.4,0.13
9.1,9.1,9.5,14.5,0.128
9.1,9.1,9.6,14.6,0.104
9.1,9.1,9.7,14.7,0.106
9.1,9.1,9.8,14.8,0.08
9.1,9.1,9.9,14.9,0.098
9.1,9.1,10.0,15.0,0.108
9.1,9.1,10.1,15.1,0.11
9.1,9.1,10.2,15.2,0.122
9.1,9.1,10.3,15.3,0.11
9.1,9.1,10.4,15.4,0.092
9.1,9.1,10.5,15.5,0.078
9.1,9.1,10.6,15.6,0.096
9.1,9.1,10.7,15.7,0.092
9.1,9.1,10.8,15.8,0.072
9.1,9.1,10.9,15.9,0.102
9.1,9.1,11.0,16.0,0.082
9.1,9.1,11.1,16.1,0.078
9.1,9.1,11.2,16.2,0.074
9.1,9.1,11.3,16.3,0.078
9.1,9.1,11.4,16.4,0.082
9.1,9.1,11.5,16.5,0.092
9.1,9.1,11.6,16.6,0.076
9.1,9.1,11.7,16.7,0.076
9.1,9.1,11.8,16.8,0.076
9.1,9.1,11.9,16.9,0.06
9.1,9.1,12.0,17.0,0.058
9.1,9.1,12.1,17.1,0.048
9.1,9.1,12.2,17.2,0.06
9.1,9.1,12.3,17.3,0.034
9.1,9.1,12.4,17.4,0.06
9.1,9.1,12.5,17.5,0.052
9.1,9.1,12.6,17.6,0.058
9.1,9.1,12.7,17.7,0.058
9.1,9.1,12.8,17.8,0.04
9.1,9.1,12.9,17.9,0.048
9.1,9.1,13.0,18.0,0.064
9.1,9.1,13.1,18.1,0.064
9.1,9.1,13.2,18.2,0.054
9.1,9.1,13.3,18.3,0.066
9.1,9.1,13.4,18.4,0.056
9.1,9.1,13.5,18.5,0.056
9.1,9.1,13.6,18.6,0.032
9.1,9.1,13.7,18.7,0.054
9.1,9.1,13.8,18.8,0.05
9.1,9.1,13.9,18.9,0.05
9.1,9.1,14.0,19.0,0.046
9.1,9.1,14.1,19.1,0.042
9.1,9.1,14.2,19.2,0.06
9.1,9.1,14.3,19.3,0.062
9.1,9.1,14.4,19.4,0.058
9.1,9.1,14.5,19.5,0.04
9.1,9.1,14.6,19.6,0.048
9.1,9.1,14.7,19.7,0.034
9.1,9.1,14.8,19.8,0.06
9.1,9.1,14.9,19.9,0.038
9.1,9.1,15.0,20.0,0.046
9.2,9.2,0.0,5.0,0.48
9.2,9.2,0.1,5.1,0.514
9.2,9.2,0.2,5.2,0.556
9.2,9.2,0.3,5.3,0.592
9.2,9.2,0.4,5.4,0.656
9.2,9.2,0.5,5.5,0.716
9.2,9.2,0.6,5.6,0.692
9.2,9.2,0.7,5.7,0.756
9.2,9.2,0.8,5.8,0.766
9.2,9.2,0.9,5.9,0.76
9.2,9.2,1.0,6.0,0.816
9.2,9.2,1.1,6.1,0.802
9.2,9.2,1.2,6.2,0.81
9.2,9.2,1.3,6.3,0.854
9.2,9.2,1.4,6.4,0.85
9.2,9.2,1.5,6.5,0.87
9.2,9.2,1.6,6.6,0.862
9.2,9.2,1.7,6.7,0.876
9.2,9.2,1.8,6.8,0.88
9.2,9.2,1.9,6.9,0.896
9.2,9.2,2.0,7.0,0.882
9.2,9.2,2.1,7.1,0.908
9.2,9.2,2.2,7.2,0.926
9.2,9.2,2.3,7.3,0.92
9.2,9.2,2.4,7.4,0.912
9.2,9.2,2.5,7.5,0.924
9.2,9.2,2.6,7.6,0.914
9.2,9.2,2.7,7.7,0.928
9.2,9.2,2.8,7.8,0.914
9.2,9.2,2.9,7.9,0.93
9.2,9.2,3.0,8.0,0.944
9.2,9.2,3.1,8.1,0.932
9.2,9.2,3.2,8.2,0.932
9.2,9.2,3.3,8.3,0.936
9.2,9.2,3.4,8.4,0.928
9.2,9.2,3.5,8.5,0.912
9.2,9.2,3.6,8.6,0.914
9.2,9.2,3.7,8.7,0.93
9.2,9.2,3.8,8.8,0.898
9.2,9.2,3.9,8.9,0.93
9.2,9.2,4.0,9.0,0.91
9.2,9.2,4.1,9.1,0.9
9.2,9.2,4.2,9.2,0.892
9.2,9.2,4.3,9.3,0.928
9.2,9.2,4.4,9.4,0.908
9.2,9.2,4.5,9.5,0.876
9.2,9.2,4.6,9.6,0.854
9.2,9.2,4.7,9.7,0.854
9.2,9.2,4.8,9.8,0.866
9.2,9.2,4.9,9.9,0.838
9.2,9.2,5.0,10.0,0.826
9.2,9.2,5.1,10.1,0.826
9.2,9.2,5.2,10.2,0.764
9.2,9.2,5.3,10.3,0.746
9.2,9.2,5.4,10.4,0.74
9.2,9.2,5.5,10.5,0.722
9.2,9.2,5.6,10.6,0.638
9.2,9.2,5.7,10.7,0.638
9.2,9.2,5.8,10.8,0.612
9.2,9.2,5.9,10.9,0.56
9.2,9.2,6.0,11.0,0.486
9.2,9.2,6.1,11.1,0.514
9.2,9.2,6.2,11.2,0.458
9.2,9.2,6.3,11.3,0.408
9.2,9.2,6.4,11.4,0.39
9.2,9.2,6.5,11.5,0.394
9.2,9.2,6.6,11.6,0.316
9.2,9.2,6.7,11.7,0.308
9.2,9.2,6.8,11.8,0.284
9.2,9.2,6.9,11.9,0.26
9.2,9.2,7.0,12.0,0.232
9.2,9.2,7.1,12.1,0.204
9.2,9.2,7.2,12.2,0.19
9.2,9.2,7.3,12.3,0.148
9.2,9.2,7.4,12.4,0.156
9.2,9.2,7.5,12.5,0.158
9.2,9.2,7.6,12.6,0.132
9.2,9.2,7.7,12.7,0.14
9.2,9.2,7.8,12.8,0.142
9.2,9.2,7.9,12.9,0.14
9.2,9.2,8.0,13.0,0.134
9.2,9.2,8.1,13.1,0.128
9.2,9.2,8.2,13.2,0.12
9.2,9.2,8.3,13.3,0.134
9.2,9.2,8.4,13.4,0.114
9.2,9.2,8.5,13.5,0.104
9.2,9.2,8.6,13.6,0.128
9.2,9.2,8.7,13.7,0.11
9.2,9.2,8.8,13.8,0.104
9.2,9.2,8.9,13.9,0.122
9.2,9.2,9.0,14.0,0.1
9.2,9.2,9.1,14.1,0.104
9.2,9.2,9.2,14.2,0.104
9.2,9.2,9.3,14.3,0.114
9.2,9.2,9.4,14.4,0.108
9.2,9.2,9.5,14.5,0.1
9.2,9.2,9.6,14.6,0.106
9.2,9.2,9.7,14.7,0.102
9.2,9.2,9.8,14.8,0.106
9.2,9.2,9.9,14.9,0.132
9.2,9.2,10.0,15.0,0.122
9.2,9.2,10.1,15.1,0.084
9.2,9.2,10.2,15.2,0.08
9.2,9.2,10.3,15.3,0.11
9.2,9.2,10.4,15.4,0.094
9.2,9.2,10.5,15.5,0.1
9.2,9.2,10.6,15.6,0.068
9.2,9.2,10.7,15.7,0.106
9.2,9.2,10.8,15.8,0.082
9.2,9.2,10.9,15.9,0.09
9.2,9.2,11.0,16.0,0.084
9.2,9.2,11.1,16.1,0.094
9.2,9.2,11.2,16.2,0.094
9.2,9.2,11.3,16.3,0.086
9.2,9.2,11.4,16.4,0.074
9.2,9.2,11.5,16.5,0.09
9.2,9.2,11.6,16.6,0.07
9.2,9.2,11.7,16.7,0.056
9.2,9.2,11.8,16.8,0.076
9.2,9.2,11.9,16.9,0.064
9.2,9.2,12.0,17.0,0.072
9.2,9.2,12.1,17.1,0.064
9.2,9.2,12.2,17.2,0.06
9.2,9.2,12.3,17.3,0.06
9.2,9.2,12.4,17.4,0.05
9.2,9.2,12.5,17.5,0.046
9.2,9.2,12.6,17.6,0.064
9.2,9.2,12.7,17.7,0.044
9.2,9.2,12.8,17.8,0.066
9.2,9.2,12.9,17.9,0.042
9.2,9.2,13.0,18.0,0.06
9.2,9.2,13.1,18.1,0.06
9.2,9.2,13.2,18.2,0.054
9.2,9.2,13.3,18.3,0.076
9.2,9.2,13.4,18.4,0.048
9.2,9.2,13.5,18.5,0.056
9.2,9.2,13.6,18.6,0.034
9.2,9.2,13.7,18.7,0.054
9.2,9.2,13.8,18.8,0.07
9.2,9.2,13.9,18.9,0.06
9.2,9.2,14.0,19.0,0.048
9.2,9.2,14.1,19.1,0.052
9.2,9.2,14.2,19.2,0.038
9.2,9.2,14.3,19.3,0.054
9.2,9.2,14.4,19.4,0.052
9.2,9.2,14.5,19.5,0.052
9.2,9.2,14.6,19.6,0.056
9.2,9.2,14.7,19.7,0.042
9.2,9.2,14.8,19.8,0.044
9.2,9.2,14.9,19.9,0.056
9.2,9.2,15.0,20.0,0.05
9.3,9.3,0.0,5.0,0.46
9.3,9.3,0.1,5.1,0.494
9.3,9.3,0.2,5.2,0.55
9.3,9.3,0.3,5.3,0.57
9.3,9.3,0.4,5.4,0.598
9.3,9.3,0.5,5.5,0.652
9.3,9.3,0.6,5.6,0.716
9.3,9.3,0.7,5.7,0.694
9.3,9.3,0.8,5.8,0.74
9.3,9.3,0.9,5.9,0.752
9.3,9.3,1.0,6.0,0.796
9.3,9.3,1.1,6.1,0.776
9.3,9.3,1.2,6.2,0.826
9.3,9.3,1.3,6.3,0.794
9.3,9.3,1.4,6.4,0.834
9.3,9.3,1.5,6.5,0.862
9.3,9.3,1.6,6.6,0.892
9.3,9.3,1.7,6.7,0.888
9.3,9.3,1.8,6.8,0.886
9.3,9.3,1.9,6.9,0.872
9.3,9.3,2.0,7.0,0.902
9.3,9.3,2.1,7.1,0.916
9.3,9.3,2.2,7.2,0.892
9.3,9.3,2.3,7.3,0.912
9.3,9.3,2.4,7.4,0.91
9.3,9.3,2.5,7.5,0.904
9.3,9.3,2.6,7.6,0.926
9.3,9.3,2.7,7.7,0.924
9.3,9.3,2.8,7.8,0.93
9.3,9.3,2.9,7.9,0.922
9.3,9.3,3.0,8.0,0.918
9.3,9.3,3.1,8.1,0.886
9.3,9.3,3.2,8.2,0.924
9.3,9.3,3.3,8.3,0.932
9.3,9.3,3.4,8.4,0.908
9.3,9.3,3.5,8.5,0.926
9.3,9.3,3.6,8.6,0.936
9.3,9.3,3.7,8.7,0.92
9.3,9.3,3.8,8.8,0.892
9.3,9.3,3.9,8.9,0.894
9.3,9.3,4.0,9.0,0.912
9.3,9.3,4.1,9.1,0.916
9.3,9.3,4.2,9.2,0.888
9.3,9.3,4.3,9.3,0.882
9.3,9.3,4.4,9.4,0.868
9.3,9.3,4.5,9.5,0.89
9.3,9.3,4.6,9.6,0.874
9.3,9.3,4.7,9.7,0.9
9.3,9.3,4.8,9.8,0.866
9.3,9.3,4.9,9.9,0.854
9.3,9.3,5.0,10.0,0.854
9.3,9.3,5.1,10.1,0.832
9.3,9.3,5.2,10.2,0.796
9.3,9.3,5.3,10.3,0.782
9.3,9.3,5.4,10.4,0.77
9.3,9.3,5.5,10.5,0.732
9.3,9.3,5.6,10.6,0.722
9.3,9.3,5.7,10.7,0.674
9.3,9.3,5.8,10.8,0.66
9.3,9.3,5.9,10.9,0.62
9.3,9.3,6.0,11.0,0.548
9.3,9.3,6.1,11.1,0.538
9.3,9.3,6.2,11.2,0.484
9.3,9.3,6.3,11.3,0.446
9.3,9.3,6.4,11.4,0.442
9.3,9.3,6.5,11.5,0.372
9.3,9.3,6.6,11.6,0.346
9.3,9.3,6.7,11.7,0.306
9.3,9.3,6.8,11.8,0.298
9.3,9.3,6.9,11.9,0.256
9.3,9.3,7.0,12.0,0.222
9.3,9.3,7.1,12.1,0.218
9.3,9.3,7.2,12.2,0.224
9.3,9.3,7.3,12.3,0.196
9.3,9.3,7.4,12.4,0.16
9.3,9.3,7.5,12.5,0.16
9.3,9.3,7.6,12.6,0.18
9.3,9.3,7.7,12.7,0.178
9.3,9.3,7.8,12.8,0.162
9.3,9.3,7.9,12.9,0.136
9.3,9.3,8.0,13.0,0.132
9.3,9.3,8.1,13.1,0.124
9.3,9.3,8.2,13.2,0.146
9.3,9.3,8.3,13.3,0.116
9.3,9.3,8.4,13.4,0.124
9.3,9.3,8.5,13.5,0.084
9.3,9.3,8.6,13.6,0.122
9.3,9.3,8.7,13.7,0.118
9.3,9.3,8.8,13.8,0.128
9.3,9.3,8.9,13.9,0.118
9.3,9.3,9.0,14.0,0.114
9.3,9.3,9.1,14.1,0.112
9.3,9.3,9.2,14.2,0.092
9.3,9.3,9.3,14.3,0.112
9.3,9.3,9.4,14.4,0.118
9.3,9.3,9.5,14.5,0.122
9.3,9.3,9.6,14.6,0.094
9.3,9.3,9.7,14.7,0.116
9.3,9.3,9.8,14.8,0.094
9.3,9.3,9.9,14.9,0.094
9.3,9.3,10.0,15.0,0.122
9.3,9.3,10.1,15.1,0.094
9.3,9.3,10.2,15.2,0.114
9.3,9.3,10.3,15.3,0.102
9.3,9.3,10.4,15.4,0.104
9.3,9.3,10.5,15.5,0.114
9.3,9.3,10.6,15.6,0.094
9.3,9.3,10.7,15.7,0.082
9.3,9.3,10.8,15.8,0.098
9.3,9.3,10.9,15.9,0.076
9.3,9.3,11.0,16.0,0.086
9.3,9.3,11.1,16.1,0.082
9.3,9.3,11.2,16.2,0.086
9.3,9.3,11.3,16.3,0.062
9.3,9.3,11.4,16.4,0.094
9.3,9.3,11.5,16.5,0.074
9.3,9.3,11.6,16.6,0.06
9.3,9.3,11.7,16.7,0.104
9.3,9.3,11.8,16.8,0.07
9.3,9.3,11.9,16.9,0.082
9.3,9.3,12.0,17.0,0.066
9.3,9.3,12.1,17.1,0.082
9.3,9.3,12.2,17.2,0.08
9.3,9.3,12.3,17.3,0.076
9.3,9.3,12.4,17.4,0.074
9.3,9.3,12.5,17.5,0.074
9.3,9.3,12.6,17.6,0.052
9.3,9.3,12.7,17.7,0.05
9.3,9.3,12.8,17.8,0.044
9.3,9.3,12.9,17.9,0.066
9.3,9.3,13.0,18.0,0.07
9.3,9.3,13.1,18.1,0.058
9.3,9.3,13.2,18.2,0.052
9.3,9.3,13.3,18.3,0.066
9.3,9.3,13.4,18.4,0.052
9.3,9.3,13.5,18.5,0.034
9.3,9.3,13.6,18.6,0.044
9.3,9.3,13.7,18.7,0.05
9.3,9.3,13.8,18.8,0.05
9.3,9.3,13.9,18.9,0.03
9.3,9.3,14.0,19.0,0.058
9.3,9.3,14.1,19.1,0.044
9.3,9.3,14.2,19.2,0.048
9.3,9.3,14.3,19.3,0.044
9.3,9.3,14.4,19.4,0.032
9.3,9.3,14.5,19.5,0.042
9.3,9.3,14.6,19.6,0.048
9.3,9.3,14.7,19.7,0.056
9.3,9.3,14.8,19.8,0.072
9.3,9.3,14.9,19.9,0.056
9.3,9.3,15.0,20.0,0.032
9.4,9.4,0.0,5.0,0.408
9.4,9.4,0.1,5.1,0.45
9.4,9.4,0.2,5.2,0.508
9.4,9.4,0.3,5.3,0.512
9.4,9.4,0.4,5.4,0.574
9.4,9.4,0.5,5.5,0.64
9.4,9.4,0.6,5.6,0.654
9.4,9.4,0.7,5.7,0.692
9.4,9.4,0.8,5.8,0.696
9.4,9.4,0.9,5.9,0.726
9.4,9.4,1.0,6.0,0.774
9.4,9.4,1.1,6.1,0.812
9.4,9.4,1.2,6.2,0.806
9.4,9.4,1.3,6.3,0.824
9.4,9.4,1.4,6.4,0.844
9.4,9.4,1.5,6.5,0.86
9.4,9.4,1.6,6.6,0.86
9.4,9.4,1.7,6.7,0.888
9.4,9.4,1.8,6.8,0.88
9.4,9.4,1.9,6.9,0.89
9.4,9.4,2.0,7.0,0.888
9.4,9.4,2.1,7.1,0.892
9.4,9.4,2.2,7.2,0.912
9.4,9.4,2.3,7.3,0.902
9.4,9.4,2.4,7.4,0.91
9.4,9.4,2.5,7.5,0.898
9.4,9.4,2.6,7.6,0.91
9.4,9.4,2.7,7.7,0.922
9.4,9.4,2.8,7.8,0.914
9.4,9.4,2.9,7.9,0.902
9.4,9.4,3.0,8.0,0.92
9.4,9.4,3.1,8.1,0.914
9.4,9.4,3.2,8.2,0.922
9.4,9.4,3.3,8.3,0.926
9.4,9.4,3.4,8.4,0.918
9.4,9.4,3.5,8.5,0.928
9.4,9.4,3.6,8.6,0.908
9.4,9.4,3.7,8.7,0.924
9.4,9.4,3.8,8.8,0.912
9.4,9.4,3.9,8.9,0.902
9.4,9.4,4.0,9.0,0.942
9.4,9.4,4.1,9.1,0.88
9.4,9.4,4.2,9.2,0.896
9.4,9.4,4.3,9.3,0.9
9.4,9.4,4.4,9.4,0.904
9.4,9.4,4.5,9.5,0.9
9.4,9.4,4.6,9.6,0.886
9.4,9.4,4.7,9.7,0.884
9.4,9.4,4.8,9.8,0.866
9.4,9.4,4.9,9.9,0.878
9.4,9.4,5.0,10.0,0.854
9.4,9.4,5.1,10.1,0.836
9.4,9.4,5.2,10.2,0.834
9.4,9.4,5.3,10.3,0.79
9.4,9.4,5.4,10.4,0.756
9.4,9.4,5.5,10.5,0.754
9.4,9.4,5.6,10.6,0.766
9.4,9.4,5.7,10.7,0.738
9.4,9.4,5.8,10.8,0.714
9.4,9.4,5.9,10.9,0.656
9.4,9.4,6.0,11.0,0.62
9.4,9.4,6.1,11.1,0.592
9.4,9.4,6.2,11.2,0.548
9.4,9.4,6.3,11.3,0.474
9.4,9.4,6.4,11.4,0.432
9.4,9.4,6.5,11.5,0.388
9.4,9.4,6.6,11.6,0.378
9.4,9.4,6.7,11.7,0.358
9.4,9.4,6.8,11.8,0.34
9.4,9.4,6.9,11.9,0.332
9.4,9.4,7.0,12.0,0.268
9.4,9.4,7.1,12.1,0.232
9.4,9.4,7.2,12.2,0.204
9.4,9.4,7.3,12.3,0.244
9.4,9.4,7.4,12.4,0.216
9.4,9.4,7.5,12.5,0.168
9.4,9.4,7.6,12.6,0.18
9.4,9.4,7.7,12.7,0.156
9.4,9.4,7.8,12.8,0.12
9.4,9.4,7.9,12.9,0.144
9.4,9.4,8.0,13.0,0.136
9.4,9.4,8.1,13.1,0.138
9.4,9.4,8.2,13.2,0.138
9.4,9.4,8.3,13.3,0.132
9.4,9.4,8.4,13.4,0.146
9.4,9.4,8.5,13.5,0.122
9.4,9.4,8.6,13.6,0.152
9.4,9.4,8.7,13.7,0.102
9.4,9.4,8.8,13.8,0.116
9.4,9.4,8.9,13.9,0.1
9.4,9.4,9.0,14.0,0.114
9.4,9.4,9.1,14.1,0.1
9.4,9.4,9.2,14.2,0.11
9.4,9.4,9.3,14.3,0.104
9.4,9.4,9.4,14.4,0.108
9.4,9.4,9.5,14.5,0.114
9.4,9.4,9.6,14.6,0.1
9.4,9.4,9.7,14.7,0.112
9.4,9.4,9.8,14.8,0.118
9.4,9.4,9.9,14.9,0.122
9.4,9.4,10.0,15.0,0.072
9.4,9.4,10.1,15.1,0.114
9.4,9.4,10.2,15.2,0.09
9.4,9.4,10.3,15.3,0.082
9.4,9.4,10.4,15.4,0.114
9.4,9.4,10.5,15.5,0.102
9.4,9.4,10.6,15.6,0.112
9.4,9.4,10.7,15.7,0.1
9.4,9.4,10.8,15.8,0.11
9.4,9.4,10.9,15.9,0.09
9.4,9.4,11.0,16.0,0.082
9.4,9.4,11.1,16.1,0.084
9.4,9.4,11.2,16.2,0.112
9.4,9.4,11.3,16.3,0.096
9.4,9.4,11.4,16.4,0.058
9.4,9.4,11.5,16.5,0.096
9.4,9.4,11.6,16.6,0.09
9.4,9.4,11.7,16.7,0.076
9.4,9.4,11.8,16.8,0.076
9.4,9.4,11.9,16.9,0.094
9.4,9.4,12.0,17.0,0.062
9.4,9.4,12.1,17.1,0.062
9.4,9.4,12.2,17.2,0.06
9.4,9.4,12.3,17.3,0.066
9.4,9.4,12.4,17.4,0.066
9.4,9.4,12.5,17.5,0.072
9.4,9.4,12.6,17.6,0.042
9.4,9.4,12.7,17.7,0.062
9.4,9.4,12.8,17.8,0.058
9.4,9.4,12.9,17.9,0.054
9.4,9.4,13.0,18.0,0.052
9.4,9.4,13.1,18.1,0.066
9.4,9.4,13.2,18.2,0.052
9.4,9.4,13.3,18.3,0.07
9.4,9.4,13.4,18.4,0.048
9.4,9.4,13.5,18.5,0.042
9.4,9.4,13.6,18.6,0.056
9.4,9.4,13.7,18.7,0.054
9.4,9.4,13.8,18.8,0.058
9.4,9.4,13.9,18.9,0.04
9.4,9.4,14.0,19.0,0.072
9.4,9.4,14.1,19.1,0.05
9.4,9.4,14.2,19.2,0.062
9.4,9.4,14.3,19.3,0.042
9.4,9.4,14.4,19.4,0.064
9.4,9.4,14.5,19.5,0.046
9.4,9.4,14.6,19.6,0.032
9.4,9.4,14.7,19.7,0.068
9.4,9.4,14.8,19.8,0.038
9.4,9.4,14.9,19.9,0.06
9.4,9.4,15.0,20.0,0.08
9.5,9.5,0.0,5.0,0.354
9.5,9.5,0.1,5.1,0.388
9.5,9.5,0.2,5.2,0.434
9.5,9.5,0.3,5.3,0.516
9.5,9.5,0.4,5.4,0.46
9.5,9.5,0.5,5.5,0.524
9.5,9.5,0.6,5.6,0.634
9.5,9.5,0.7,5.7,0.62
9.5,9.5,0.8,5.8,0.696
9.5,9.5,0.9,5.9,0.74
9.5,9.5,1.0,6.0,0.72
9.5,9.5,1.1,6.1,0.766
9.5,9.5,1.2,6.2,0.762
9.5,9.5,1.3,6.3,0.806
9.5,9.5,1.4,6.4,0.818
9.5,9.5,1.5,6.5,0.818
9.5,9.5,1.6,6.6,0.85
9.5,9.5,1.7,6.7,0.842
9.5,9.5,1.8,6.8,0.886
9.5,9.5,1.9,6.9,0.866
9.5,9.5,2.0,7.0,0.888
9.5,9.5,2.1,7.1,0.908
9.5,9.5,2.2,7.2,0.878
9.5,9.5,2.3,7.3,0.894
9.5,9.5,2.4,7.4,0.906
9.5,9.5,2.5,7.5,0.922
9.5,9.5,2.6,7.6,0.9
9.5,9.5,2.7,7.7,0.93
9.5,9.5,2.8,7.8,0.922
9.5,9.5,2.9,7.9,0.9
9.5,9.5,3.0,8.0,0.902
9.5,9.5,3.1,8.1,0.902
9.5,9.5,3.2,8.2,0.932
9.5,9.5,3.3,8.3,0.934
9.5,9.5,3.4,8.4,0.898
9.5,9.5,3.5,8.5,0.924
9.5,9.5,3.6,8.6,0.932
9.5,9.5,3.7,8.7,0.932
9.5,9.5,3.8,8.8,0.932
9.5,9.5,3.9,8.9,0.89
9.5,9.5,4.0,9.0,0.902
9.5,9.5,4.1,9.1,0.928
9.5,9.5,4.2,9.2,0.92
9.5,9.5,4.3,9.3,0.91
9.5,9.5,4.4,9.4,0.914
9.5,9.5,4.5,9.5,0.884
9.5,9.5,4.6,9.6,0.878
9.5,9.5,4.7,9.7,0.904
9.5,9.5,4.8,9.8,0.896
9.5,9.5,4.9,9.9,0.86
9.5,9.5,5.0,10.0,0.884
9.5,9.5,5.1,10.1,0.836
9.5,9.5,5.2,10.2,0.856
9.5,9.5,5.3,10.3,0.832
9.5,9.5,5.4,10.4,0.83
9.5,9.5,5.5,10.5,0.816
9.5,9.5,5.6,10.6,0.768
9.5,9.5,5.7,10.7,0.744
9.5,9.5,5.8,10.8,0.708
9.5,9.5,5.9,10.9,0.658
9.5,9.5,6.0,11.0,0.694
9.5,9.5,6.1,11.1,0.602
9.5,9.5,6.2,11.2,0.556
9.5,9.5,6.3,11.3,0.548
9.5,9.5,6.4,11.4,0.504
9.5,9.5,6.5,11.5,0.464
9.5,9.5,6.6,11.6,0.43
9.5,9.5,6.7,11.7,0.434
9.5,9.5,6.8,11.8,0.328
9.5,9.5,6.9,11.9,0.324
9.5,9.5,7.0,12.0,0.3
9.5,9.5,7.1,12.1,0.28
9.5,9.5,7.2,12.2,0.256
9.5,9.5,7.3,12.3,0.236
9.5,9.5,7.4,12.4,0.18
9.5,9.5,7.5,12.5,0.184
9.5,9.5,7.6,12.6,0.174
9.5,9.5,7.7,12.7,0.176
9.5,9.5,7.8,12.8,0.162
9.5,9.5,7.9,12.9,0.14
9.5,9.5,8.0,13.0,0.148
9.5,9.5,8.1,13.1,0.128
9.5,9.5,8.2,13.2,0.132
9.5,9.5,8.3,13.3,0.148
9.5,9.5,8.4,13.4,0.11
9.5,9.5,8.5,13.5,0.124
9.5,9.5,8.6,13.6,0.1
9.5,9.5,8.7,13.7,0.1
9.5,9.5,8.8,13.8,0.126
9.5,9.5,8.9,13.9,0.112
9.5,9.5,9.0,14.0,0.14
9.5,9.5,9.1,14.1,0.092
9.5,9.5,9.2,14.2,0.138
9.5,9.5,9.3,14.3,0.13
9.5,9.5,9.4,14.4,0.102
9.5,9.5,9.5,14.5,0.1
9.5,9.5,9.6,14.6,0.13
9.5,9.5,9.7,14.7,0.124
9.5,9.5,9.8,14.8,0.084
9.5,9.5,9.9,14.9,0.102
9.5,9.5,10.0,15.0,0.11
9.5,9.5,10.1,15.1,0.134
9.5,9.5,10.2,15.2,0.1
9.5,9.5,10.3,15.3,0.1
9.5,9.5,10.4,15.4,0.086
9.5,9.5,10.5,15.5,0.072
9.5,9.5,10.6,15.6,0.104
9.5,9.5,10.7,15.7,0.124
9.5,9.5,10.8,15.8,0.098
9.5,9.5,10.9,15.9,0.084
9.5,9.5,11.0,16.0,0.082
9.5,9.5,11.1,16.1,0.082
9.5,9.5,11.2,16.2,0.108
9.5,9.5,11.3,16.3,0.076
9.5,9.5,11.4,16.4,0.082
9.5,9.5,11.5,16.5,0.078
9.5,9.5,11.6,16.6,0.098
9.5,9.5,11.7,16.7,0.082
9.5,9.5,11.8,16.8,0.062
9.5,9.5,11.9,16.9,0.086
9.5,9.5,12.0,17.0,0.086
9.5,9.5,12.1,17.1,0.086
9.5,9.5,12.2,17.2,0.046
9.5,9.5,12.3,17.3,0.062
9.5,9.5,12.4,17.4,0.078
9.5,9.5,12.5,17.5,0.076
9.5,9.5,12.6,17.6,0.06
9.5,9.5,12.7,17.7,0.082
9.5,9.5,12.8,17.8,0.07
9.5,9.5,12.9,17.9,0.054
9.5,9.5,13.0,18.0,0.058
9.5,9.5,13.1,18.1,0.046
9.5,9.5,13.2,18.2,0.066
9.5,9.5,13.3,18.3,0.062
9.5,9.5,13.4,18.4,0.042
9.5,9.5,13.5,18.5,0.06
9.5,9.5,13.6,18.6,0.066
9.5,9.5,13.7,18.7,0.058
9.5,9.5,13.8,18.8,0.058
9.5,9.5,13.9,18.9,0.054
9.5,9.5,14.0,19.0,0.078
9.5,9.5,14.1,19.1,0.056
9.5,9.5,14.2,19.2,0.052
9.5,9.5,14.3,19.3,0.072
9.5,9.5,14.4,19.4,0.028
9.5,9.5,14.5,19.5,0.036
9.5,9.5,14.6,19.6,0.044
9.5,9.5,14.7,19.7,0.04
9.5,9.5,14.8,19.8,0.052
9.5,9.5,14.9,19.9,0.054
9.5,9.5,15.0,20.0,0.058
9.6,9.6,0.0,5.0,0.366
9.6,9.6,0.1,5.1,0.406
9.6,9.6,0.2,5.2,0.394
9.6,9.6,0.3,5.3,0.45
9.6,9.6,0.4,5.4,0.442
9.6,9.6,0.5,5.5,0.52
9.6,9.6,0.6,5.6,0.564
9.6,9.6,0.7,5.7,0.644
9.6,9.6,0.8,5.8,0.664
9.6,9.6,0.9,5.9,0.69
9.6,9.6,1.0,6.0,0.72
9.6,9.6,1.1,6.1,0.748
9.6,9.6,1.2,6.2,0.772
9.6,9.6,1.3,6.3,0.772
9.6,9.6,1.4,6.4,0.83
9.6,9.6,1.5,6.5,0.838
9.6,9.6,1.6,6.6,0.86
9.6,9.6,1.7,6.7,0.824
9.6,9.6,1.8,6.8,0.854
9.6,9.6,1.9,6.9,0.886
9.6,9.6,2.0,7.0,0.888
9.6,9.6,2.1,7.1,0.91
9.6,9.6,2.2,7.2,0.884
9.6,9.6,2.3,7.3,0.882
9.6,9.6,2.4,7.4,0.912
9.6,9.6,2.5,7.5,0.91
9.6,9.6,2.6,7.6,0.904
9.6,9.6,2.7,7.7,0.902
9.6,9.6,2.8,7.8,0.906
9.6,9.6,2.9,7.9,0.9
9.6,9.6,3.0,8.0,0.918
9.6,9.6,3.1,8.1,0.912
9.6,9.6,3.2,8.2,0.922
9.6,9.6,3.3,8.3,0.924
9.6,9.6,3.4,8.4,0.93
9.6,9.6,3.5,8.5,0.92
9.6,9.6,3.6,8.6,0.928
9.6,9.6,3.7,8.7,0.91
9.6,9.6,3.8,8.8,0.936
9.6,9.6,3.9,8.9,0.926
9.6,9.6,4.0,9.0,0.894
9.6,9.6,4.1,9.1,0.926
9.6,9.6,4.2,9.2,0.918
9.6,9.6,4.3,9.3,0.906
9.6,9.6,4.4,9.4,0.944
9.6,9.6,4.5,9.5,0.886
9.6,9.6,4.6,9.6,0.892
9.6,9.6,4.7,9.7,0.916
9.6,9.6,4.8,9.8,0.878
9.6,9.6,4.9,9.9,0.878
9.6,9.6,5.0,10.0,0.9
9.6,9.6,5.1,10.1,0.86
9.6,9.6,5.2,10.2,0.85
9.6,9.6,5.3,10.3,0.834
9.6,9.6,5.4,10.4,0.848
9.6,9.6,5.5,10.5,0.802
9.6,9.6,5.6,10.6,0.784
9.6,9.6,5.7,10.7,0.766
9.6,9.6,5.8,10.8,0.742
9.6,9.6,5.9,10.9,0.732
9.6,9.6,6.0,11.0,0.706
9.6,9.6,6.1,11.1,0.678
9.6,9.6,6.2,11.2,0.636
9.6,9.6,6.3,11.3,0.61
9.6,9.6,6.4,11.4,0.578
9.6,9.6,6.5,11.5,0.548
9.6,9.6,6.6,11.6,0.414
9.6,9.6,6.7,11.7,0.396
9.6,9.6,6.8,11.8,0.358
9.6,9.6,6.9,11.9,0.342
9.6,9.6,7.0,12.0,0.328
9.6,9.6,7.1,12.1,0.296
9.6,9.6,7.2,12.2,0.24
9.6,9.6,7.3,12.3,0.286
9.6,9.6,7.4,12.4,0.224
9.6,9.6,7.5,12.5,0.202
9.6,9.6,7.6,12.6,0.17
9.6,9.6,7.7,12.7,0.182
9.6,9.6,7.8,12.8,0.144
9.6,9.6,7.9,12.9,0.14
9.6,9.6,8.0,13.0,0.154
9.6,9.6,8.1,13.1,0.136
9.6,9.6,8.2,13.2,0.15
9.6,9.6,8.3,13.3,0.124
9.6,9.6,8.4,13.4,0.122
9.6,9.6,8.5,13.5,0.11
9.6,9.6,8.6,13.6,0.108
9.6,9.6,8.7,13.7,0.116
9.6,9.6,8.8,13.8,0.118
9.6,9.6,8.9,13.9,0.106
9.6,9.6,9.0,14.0,0.086
9.6,9.6,9.1,14.1,0.132
9.6,9.6,9.2,14.2,0.108
9.6,9.6,9.3,14.3,0.098
9.6,9.6,9.4,14.4,0.118
9.6,9.6,9.5,14.5,0.114
9.6,9.6,9.6,14.6,0.1
9.6,9.6,9.7,14.7,0.102
9.6,9.6,9.8,14.8,0.116
9.6,9.6,9.9,14.9,0.08
9.6,9.6,10.0,15.0,0.106
9.6,9.6,10.1,15.1,0.122
9.6,9.6,10.2,15.2,0.11
9.6,9.6,10.3,15.3,0.1
9.6,9.6,10.4,15.4,0.102
9.6,9.6,10.5,15.5,0.1
9.6,9.6,10.6,15.6,0.11
9.6,9.6,10.7,15.7,0.076
9.6,9.6,10.8,15.8,0.094
9.6,9.6,10.9,15.9,0.116
9.6,9.6,11.0,16.0,0.11
9.6,9.6,11.1,16.1,0.082
9.6,9.6,11.2,16.2,0.072
9.6,9.6,11.3,16.3,0.07
9.6,9.6,11.4,16.4,0.09
9.6,9.6,11.5,16.5,0.076
9.6,9.6,11.6,16.6,0.076
9.6,9.6,11.7,16.7,0.088
9.6,9.6,11.8,16.8,0.074
9.6,9.6,11.9,16.9,0.064
9.6,9.6,12.0,17.0,0.068
9.6,9.6,12.1,17.1,0.066
9.6,9.6,12.2,17.2,0.064
9.6,9.6,12.3,17.3,0.066
9.6,9.6,12.4,17.4,0.044
9.6,9.6,12.5,17.5,0.066
9.6,9.6,12.6,17.6,0.066
9.6,9.6,12.7,17.7,0.064
9.6,9.6,12.8,17.8,0.076
9.6,9.6,12.9,17.9,0.062
9.6,9.6,13.0,18.0,0.05
9.6,9.6,13.1,18.1,0.054
9.6,9.6,13.2,18.2,0.054
9.6,9.6,13.3,18.3,0.064
9.6,9.6,13.4,18.4,0.068
9.6,9.6,13.5,18.5,0.042
9.6,9.6,13.6,18.6,0.058
9.6,9.6,13.7,18.7,0.034
9.6,9.6,13.8,18.8,0.052
9.6,9.6,13.9,18.9,0.064
9.6,9.6,14.0,19.0,0.07
9.6,9.6,14.1,19.1,0.042
9.6,9.6,14.2,19.2,0.058
9.6,9.6,14.3,19.3,0.046
9.6,9.6,14.4,19.4,0.042
9.6,9.6,14.5,19.5,0.036
9.6,9.6,14.6,19.6,0.04
9.6,9.6,14.7,19.7,0.04
9.6,9.6,14.8,19.8,0.046
9.6,9.6,14.9,19.9,0.07
9.6,9.6,15.0,20.0,0.056
9.7,9.7,0.0,5.0,0.262
9.7,9.7,0.1,5.1,0.316
9.7,9.7,0.2,5.2,0.336
9.7,9.7,0.3,5.3,0.376
9.7,9.7,0.4,5.4,0.43
9.7,9.7,0.5,5.5,0.5
9.7,9.7,0.6,5.6,0.534
9.7,9.7,0.7,5.7,0.592
9.7,9.7,0.8,5.8,0.624
9.7,9.7,0.9,5.9,0.64
9.7,9.7,1.0,6.0,0.702
9.7,9.7,1.1,6.1,0.694
9.7,9.7,1.2,6.2,0.712
9.7,9.7,1.3,6.3,0.742
9.7,9.7,1.4,6.4,0.784
9.7,9.7,1.5,6.5,0.812
9.7,9.7,1.6,6.6,0.828
9.7,9.7,1.7,6.7,0.852
9.7,9.7,1.8,6.8,0.852
9.7,9.7,1.9,6.9,0.844
9.7,9.7,2.0,7.0,0.87
9.7,9.7,2.1,7.1,0.912
9.7,9.7,2.2,7.2,0.882
9.7,9.7,2.3,7.3,0.874
9.7,9.7,2.4,7.4,0.904
9.7,9.7,2.5,7.5,0.9
9.7,9.7,2.6,7.6,0.898
9.7,9.7,2.7,7.7,0.906
9.7,9.7,2.8,7.8,0.934
9.7,9.7,2.9,7.9,0.912
9.7,9.7,3.0,8.0,0.912
9.7,9.7,3.1,8.1,0.888
9.7,9.7,3.2,8.2,0.916
9.7,9.7,3.3,8.3,0.928
9.7,9.7,3.4,8.4,0.93
9.7,9.7,3.5,8.5,0.928
9.7,9.7,3.6,8.6,0.92
9.7,9.7,3.7,8.7,0.93
9.7,9.7,3.8,8.8,0.906
9.7,9.7,3.9,8.9,0.932
9.7,9.7,4.0,9.0,0.91
9.7,9.7,4.1,9.1,0.938
9.7,9.7,4.2,9.2,0.916
9.7,9.7,4.3,9.3,0.904
9.7,9.7,4.4,9.4,0.892
9.7,9.7,4.5,9.5,0.908
9.7,9.7,4.6,9.6,0.888
9.7,9.7,4.7,9.7,0.898
9.7,9.7,4.8,9.8,0.884
9.7,9.7,4.9,9.9,0.886
9.7,9.7,5.0,10.0,0.874
9.7,9.7,5.1,10.1,0.868
9.7,9.7,5.2,10.2,0.898
9.7,9.7,5.3,10.3,0.848
9.7,9.7,5.4,10.4,0.818
9.7,9.7,5.5,10.5,0.822
9.7,9.7,5.6,10.6,0.778
9.7,9.7,5.7,10.7,0.784
9.7,9.7,5.8,10.8,0.73
9.7,9.7,5.9,10.9,0.772
9.7,9.7,6.0,11.0,0.724
9.7,9.7,6.1,11.1,0.656
9.7,9.7,6.2,11.2,0.658
9.7,9.7,6.3,11.3,0.602
9.7,9.7,6.4,11.4,0.6
9.7,9.7,6.5,11.5,0.546
9.7,9.7,6.6,11.6,0.502
9.7,9.7,6.7,11.7,0.462
9.7,9.7,6.8,11.8,0.414
9.7,9.7,6.9,11.9,0.362
9.7,9.7,7.0,12.0,0.364
9.7,9.7,7.1,12.1,0.326
9.7,9.7,7.2,12.2,0.266
9.7,9.7,7.3,12.3,0.248
9.7,9.7,7.4,12.4,0.242
9.7,9.7,7.5,12.5,0.212
9.7,9.7,7.6,12.6,0.224
9.7,9.7,7.7,12.7,0.2
9.7,9.7,7.8,12.8,0.19
9.7,9.7,7.9,12.9,0.168
9.7,9.7,8.0,13.0,0.144
9.7,9.7,8.1,13.1,0.186
9.7,9.7,8.2,13.2,0.148
9.7,9.7,8.3,13.3,0.122
9.7,9.7,8.4,13.4,0.136
9.7,9.7,8.5,13.5,0.148
9.7,9.7,8.6,13.6,0.126
9.7,9.7,8.7,13.7,0.118
9.7,9.7,8.8,13.8,0.124
9.7,9.7,8.9,13.9,0.082
9.7,9.7,9.0,14.0,0.106
9.7,9.7,9.1,14.1,0.114
9.7,9.7,9.2,14.2,0.104
9.7,9.7,9.3,14.3,0.09
9.7,9.7,9.4,14.4,0.11
9.7,9.7,9.5,14.5,0.086
9.7,9.7,9.6,14.6,0.076
9.7,9.7,9.7,14.7,0.11
9.7,9.7,9.8,14.8,0.102
9.7,9.7,9.9,14.9,0.088
9.7,9.7,10.0,15.0,0.104
9.7,9.7,10.1,15.1,0.11
9.7,9.7,10.2,15.2,0.074
9.7,9.7,10.3,15.3,0.1
9.7,9.7,10.4,15.4,0.102
9.7,9.7,10.5,15.5,0.108
9.7,9.7,10.6,15.6,0.1
9.7,9.7,10.7,15.7,0.088
9.7,9.7,10.8,15.8,0.114
9.7,9.7,10.9,15.9,0.104
9.7,9.7,11.0,16.0,0.094
9.7,9.7,11.1,16.1,0.098
9.7,9.7,11.2,16.2,0.094
9.7,9.7,11.3,16.3,0.104
9.7,9.7,11.4,16.4,0.104
9.7,9.7,11.5,16.5,0.072
9.7,9.7,11.6,16.6,0.102
9.7,9.7,11.7,16.7,0.1
9.7,9.7,11.8,16.8,0.08
9.7,9.7,11.9,16.9,0.084
9.7,9.7,12.0,17.0,0.072
9.7,9.7,12.1,17.1,0.098
9.7,9.7,12.2,17.2,0.066
9.7,9.7,12.3,17.3,0.084
9.7,9.7,12.4,17.4,0.054
9.7,9.7,12.5,17.5,0.062
9.7,9.7,12.6,17.6,0.06
9.7,9.7,12.7,17.7,0.048
9.7,9.7,12.8,17.8,0.046
9.7,9.7,12.9,17.9,0.07
9.7,9.7,13.0,18.0,0.066
9.7,9.7,13.1,18.1,0.044
9.7,9.7,13.2,18.2,0.064
9.7,9.7,13.3,18.3,0.042
9.7,9.7,13.4,18.4,0.064
9.7,9.7,13.5,18.5,0.044
9.7,9.7,13.6,18.6,0.05
9.7,9.7,13.7,18.7,0.078
9.7,9.7,13.8,18.8,0.064
9.7,9.7,13.9,18.9,0.042
9.7,9.7,14.0,19.0,0.044
9.7,9.7,14.1,19.1,0.048
9.7,9.7,14.2,19.2,0.07
9.7,9.7,14.3,19.3,0.05
9.7,9.7,14.4,19.4,0.056
9.7,9.7,14.5,19.5,0.05
9.7,9.7,14.6,19.6,0.04
9.7,9.7,14.7,19.7,0.048
9.7,9.7,14.8,19.8,0.03
9.7,9.7,14.9,19.9,0.064
9.7,9.7,15.0,20.0,0.054
9.8,9.8,0.0,5.0,0.266
9.8,9.8,0.1,5.1,0.28
9.8,9.8,0.2,5.2,0.29
9.8,9.8,0.3,5.3,0.396
9.8,9.8,0.4,5.4,0.368
9.8,9.8,0.5,5.5,0.438
9.8,9.8,0.6,5.6,0.504
9.8,9.8,0.7,5.7,0.534
9.8,9.8,0.8,5.8,0.586
9.8,9.8,0.9,5.9,0.614
9.8,9.8,1.0,6.0,0.646
9.8,9.8,1.1,6.1,0.682
9.8,9.8,1.2,6.2,0.68
9.8,9.8,1.3,6.3,0.742
9.8,9.8,1.4,6.4,0.766
9.8,9.8,1.5,6.5,0.768
9.8,9.8,1.6,6.6,0.8
9.8,9.8,1.7,6.7,0.812
9.8,9.8,1.8,6.8,0.836
9.8,9.8,1.9,6.9,0.838
9.8,9.8,2.0,7.0,0.822
9.8,9.8,2.1,7.1,0.862
9.8,9.8,2.2,7.2,0.866
9.8,9.8,2.3,7.3,0.87
9.8,9.8,2.4,7.4,0.866
9.8,9.8,2.5,7.5,0.924
9.8,9.8,2.6,7.6,0.904
9.8,9.8,2.7,7.7,0.914
9.8,9.8,2.8,7.8,0.896
9.8,9.8,2.9,7.9,0.9
9.8,9.8,3.0,8.0,0.914
9.8,9.8,3.1,8.1,0.918
9.8,9.8,3.2,8.2,0.922
9.8,9.8,3.3,8.3,0.922
9.8,9.8,3.4,8.4,0.906
9.8,9.8,3.5,8.5,0.922
9.8,9.8,3.6,8.6,0.938
9.8,9.8,3.7,8.7,0.928
9.8,9.8,3.8,8.8,0.912
9.8,9.8,3.9,8.9,0.924
9.8,9.8,4.0,9.0,0.912
9.8,9.8,4.1,9.1,0.91
9.8,9.8,4.2,9.2,0.916
9.8,9.8,4.3,9.3,0.914
9.8,9.8,4.4,9.4,0.926
9.8,9.8,4.5,9.5,0.916
9.8,9.8,4.6,9.6,0.91
9.8,9.8,4.7,9.7,0.876
9.8,9.8,4.8,9.8,0.884
9.8,9.8,4.9,9.9,0.878
9.8,9.8,5.0,10.0,0.92
9.8,9.8,5.1,10.1,0.896
9.8,9.8,5.2,10.2,0.872
9.8,9.8,5.3,10.3,0.866
9.8,9.8,5.4,10.4,0.834
9.8,9.8,5.5,10.5,0.838
9.8,9.8,5.6,10.6,0.834
9.8,9.8,5.7,10.7,0.776
9.8,9.8,5.8,10.8,0.788
9.8,9.8,5.9,10.9,0.752
9.8,9.8,6.0,11.0,0.744
9.8,9.8,6.1,11.1,0.732
9.8,9.8,6.2,11.2,0.688
9.8,9.8,6.3,11.3,0.704
9.8,9.8,6.4,11.4,0.602
9.8,9.8,6.5,11.5,0.548
9.8,9.8,6.6,11.6,0.538
9.8,9.8,6.7,11.7,0.53
9.8,9.8,6.8,11.8,0.472
9.8,9.8,6.9,11.9,0.4
9.8,9.8,7.0,12.0,0.404
9.8,9.8,7.1,12.1,0.318
9.8,9.8,7.2,12.2,0.312
9.8,9.8,7.3,12.3,0.28
9.8,9.8,7.4,12.4,0.24
9.8,9.8,7.5,12.5,0.26
9.8,9.8,7.6,12.6,0.23
9.8,9.8,7.7,12.7,0.222
9.8,9.8,7.8,12.8,0.194
9.8,9.8,7.9,12.9,0.166
9.8,9.8,8.0,13.0,0.152
9.8,9.8,8.1,13.1,0.172
9.8,9.8,8.2,13.2,0.154
9.8,9.8,8.3,13.3,0.136
9.8,9.8,8.4,13.4,0.148
9.8,9.8,8.5,13.5,0.148
9.8,9.8,8.6,13.6,0.132
9.8,9.8,8.7,13.7,0.13
9.8,9.8,8.8,13.8,0.122
9.8,9.8,8.9,13.9,0.128
9.8,9.8,9.0,14.0,0.108
9.8,9.8,9.1,14.1,0.096
9.8,9.8,9.2,14.2,0.11
9.8,9.8,9.3,14.3,0.09
9.8,9.8,9.4,14.4,0.088
9.8,9.8,9.5,14.5,0.12
9.8,9.8,9.6,14.6,0.12
9.8,9.8,9.7,14.7,0.09
9.8,9.8,9.8,14.8,0.13
9.8,9.8,9.9,14.9,0.092
9.8,9.8,10.0,15.0,0.104
9.8,9.8,10.1,15.1,0.124
9.8,9.8,10.2,15.2,0.11
9.8,9.8,10.3,15.3,0.096
9.8,9.8,10.4,15.4,0.074
9.8,9.8,10.5,15.5,0.12
9.8,9.8,10.6,15.6,0.092
9.8,9.8,10.7,15.7,0.092
9.8,9.8,10.8,15.8,0.12
9.8,9.8,10.9,15.9,0.1
9.8,9.8,11.0,16.0,0.092
9.8,9.8,11.1,16.1,0.092
9.8,9.8,11.2,16.2,0.07
9.8,9.8,11.3,16.3,0.08
9.8,9.8,11.4,16.4,0.068
9.8,9.8,11.5,16.5,0.108
9.8,9.8,11.6,16.6,0.086
9.8,9.8,11.7,16.7,0.106
9.8,9.8,11.8,16.8,0.078
9.8,9.8,11.9,16.9,0.09
9.8,9.8,12.0,17.0,0.088
9.8,9.8,12.1,17.1,0.074
9.8,9.8,12.2,17.2,0.092
9.8,9.8,12.3,17.3,0.08
9.8,9.8,12.4,17.4,0.068
9.8,9.8,12.5,17.5,0.074
9.8,9.8,12.6,17.6,0.056
9.8,9.8,12.7,17.7,0.076
9.8,9.8,12.8,17.8,0.04
9.8,9.8,12.9,17.9,0.082
9.8,9.8,13.0,18.0,0.076
9.8,9.8,13.1,18.1,0.066
9.8,9.8,13.2,18.2,0.076
9.8,9.8,13.3,18.3,0.07
9.8,9.8,13.4,18.4,0.048
9.8,9.8,13.5,18.5,0.046
9.8,9.8,13.6,18.6,0.068
9.8,9.8,13.7,18.7,0.06
9.8,9.8,13.8,18.8,0.052
9.8,9.8,13.9,18.9,0.042
9.8,9.8,14.0,19.0,0.044
9.8,9.8,14.1,19.1,0.04
9.8,9.8,14.2,19.2,0.046
9.8,9.8,14.3,19.3,0.06
9.8,9.8,14.4,19.4,0.046
9.8,9.8,14.5,19.5,0.062
9.8,9.8,14.6,19.6,0.064
9.8,9.8,14.7,19.7,0.046
9.8,9.8,14.8,19.8,0.05
9.8,9.8,14.9,19.9,0.052
9.8,9.8,15.0,20.0,0.054
9.9,9.9,0.0,5.0,0.21
9.9,9.9,0.1,5.1,0.254
9.9,9.9,0.2,5.2,0.276
9.9,9.9,0.3,5.3,0.326
9.9,9.9,0.4,5.4,0.316
9.9,9.9,0.5,5.5,0.402
9.9,9.9,0.6,5.6,0.434
9.9,9.9,0.7,5.7,0.52
9.9,9.9,0.8,5.8,0.566
9.9,9.9,0.9,5.9,0.564
9.9,9.9,1.0,6.0,0.634
9.9,9.9,1.1,6.1,0.648
9.9,9.9,1.2,6.2,0.7
9.9,9.9,1.3,6.3,0.712
9.9,9.9,1.4,6.4,0.736
9.9,9.9,1.5,6.5,0.736
9.9,9.9,1.6,6.6,0.776
9.9,9.9,1.7,6.7,0.816
9.9,9.9,1.8,6.8,0.806
9.9,9.9,1.9,6.9,0.85
9.9,9.9,2.0,7.0,0.848
9.9,9.9,2.1,7.1,0.83
9.9,9.9,2.2,7.2,0.876
9.9,9.9,2.3,7.3,0.87
9.9,9.9,2.4,7.4,0.904
9.9,9.9,2.5,7.5,0.886
9.9,9.9,2.6,7.6,0.874
9.9,9.9,2.7,7.7,0.908
9.9,9.9,2.8,7.8,0.89
9.9,9.9,2.9,7.9,0.904
9.9,9.9,3.0,8.0,0.926
9.9,9.9,3.1,8.1,0.912
9.9,9.9,3.2,8.2,0.918
9.9,9.9,3.3,8.3,0.908
9.9,9.9,3.4,8.4,0.9
9.9,9.9,3.5,8.5,0.926
9.9,9.9,3.6,8.6,0.922
9.9,9.9,3.7,8.7,0.924
9.9,9.9,3.8,8.8,0.91
9.9,9.9,3.9,8.9,0.92
9.9,9.9,4.0,9.0,0.93
9.9,9.9,4.1,9.1,0.93
9.9,9.9,4.2,9.2,0.926
9.9,9.9,4.3,9.3,0.908
9.9,9.9,4.4,9.4,0.916
9.9,9.9,4.5,9.5,0.892
9.9,9.9,4.6,9.6,0.918
9.9,9.9,4.7,9.7,0.888
9.9,9.9,4.8,9.8,0.89
9.9,9.9,4.9,9.9,0.904
9.9,9.9,5.0,10.0,0.906
9.9,9.9,5.1,10.1,0.892
9.9,9.9,5.2,10.2,0.872
9.9,9.9,5.3,10.3,0.866
9.9,9.9,5.4,10.4,0.878
9.9,9.9,5.5,10.5,0.83
9.9,9.9,5.6,10.6,0.828
9.9,9.9,5.7,10.7,0.806
9.9,9.9,5.8,10.8,0.804
9.9,9.9,5.9,10.9,0.8
9.9,9.9,6.0,11.0,0.76
9.9,9.9,6.1,11.1,0.722
9.9,9.9,6.2,11.2,0.732
9.9,9.9,6.3,11.3,0.714
9.9,9.9,6.4,11.4,0.654
9.9,9.9,6.5,11.5,0.614
9.9,9.9,6.6,11.6,0.596
9.9,9.9,6.7,11.7,0.534
9.9,9.9,6.8,11.8,0.526
9.9,9.9,6.9,11.9,0.466
9.9,9.9,7.0,12.0,0.408
9.9,9.9,7.1,12.1,0.37
9.9,9.9,7.2,12.2,0.324
9.9,9.9,7.3,12.3,0.372
9.9,9.9,7.4,12.4,0.284
9.9,9.9,7.5,12.5,0.264
9.9,9.9,7.6,12.6,0.224
9.9,9.9,7.7,12.7,0.216
9.9,9.9,7.8,12.8,0.174
9.9,9.9,7.9,12.9,0.206
9.9,9.9,8.0,13.0,0.164
9.9,9.9,8.1,13.1,0.168
9.9,9.9,8.2,13.2,0.18
9.9,9.9,8.3,13.3,0.134
9.9,9.9,8.4,13.4,0.126
9.9,9.9,8.5,13.5,0.12
9.9,9.9,8.6,13.6,0.126
9.9,9.9,8.7,13.7,0.132
9.9,9.9,8.8,13.8,0.134
9.9,9.9,8.9,13.9,0.094
9.9,9.9,9.0,14.0,0.09
9.9,9.9,9.1,14.1,0.112
9.9,9.9,9.2,14.2,0.142
9.9,9.9,9.3,14.3,0.118
9.9,9.9,9.4,14.4,0.12
9.9,9.9,9.5,14.5,0.12
9.9,9.9,9.6,14.6,0.098
9.9,9.9,9.7,14.7,0.108
9.9,9.9,9.8,14.8,0.104
9.9,9.9,9.9,14.9,0.126
9.9,9.9,10.0,15.0,0.094
9.9,9.9,10.1,15.1,0.098
9.9,9.9,10.2,15.2,0.124
9.9,9.9,10.3,15.3,0.112
9.9,9.9,10.4,15.4,0.102
9.9,9.9,10.5,15.5,0.1
9.9,9.9,10.6,15.6,0.122
9.9,9.9,10.7,15.7,0.102
9.9,9.9,10.8,15.8,0.108
9.9,9.9,10.9,15.9,0.132
9.9,9.9,11.0,16.0,0.104
9.9,9.9,11.1,16.1,0.088
9.9,9.9,11.2,16.2,0.096
9.9,9.9,11.3,16.3,0.088
9.9,9.9,11.4,16.4,0.1
9.9,9.9,11.5,16.5,0.088
9.9,9.9,11.6,16.6,0.086
9.9,9.9,11.7,16.7,0.084
9.9,9.9,11.8,16.8,0.07
9.9,9.9,11.9,16.9,0.054
9.9,9.9,12.0,17.0,0.098
9.9,9.9,12.1,17.1,0.084
9.9,9.9,12.2,17.2,0.068
9.9,9.9,12.3,17.3,0.074
9.9,9.9,12.4,17.4,0.082
9.9,9.9,12.5,17.5,0.072
9.9,9.9,12.6,17.6,0.084
9.9,9.9,12.7,17.7,0.06
9.9,9.9,12.8,17.8,0.064
9.9,9.9,12.9,17.9,0.072
9.9,9.9,13.0,18.0,0.078
9.9,9.9,13.1,18.1,0.062
9.9,9.9,13.2,18.2,0.084
9.9,9.9,13.3,18.3,0.056
9.9,9.9,13.4,18.4,0.064
9.9,9.9,13.5,18.5,0.062
9.9,9.9,13.6,18.6,0.042
9.9,9.9,13.7,18.7,0.054
9.9,9.9,13.8,18.8,0.06
9.9,9.9,13.9,18.9,0.06
9.9,9.9,14.0,19.0,0.04
9.9,9.9,14.1,19.1,0.048
9.9,9.9,14.2,19.2,0.034
9.9,9.9,14.3,19.3,0.048
9.9,9.9,14.4,19.4,0.046
9.9,9.9,14.5,19.5,0.052
9.9,9.9,14.6,19.6,0.05
9.9,9.9,14.7,19.7,0.072
9.9,9.9,14.8,19.8,0.064
9.9,9.9,14.9,19.9,0.042
9.9,9.9,15.0,20.0,0.068
10.0,10.0,0.0,5.0,0.202
10.0,10.0,0.1,5.1,0.212
10.0,10.0,0.2,5.2,0.254
10.0,10.0,0.3,5.3,0.262
10.0,10.0,0.4,5.4,0.31
10.0,10.0,0.5,5.5,0.358
10.0,10.0,0.6,5.6,0.382
10.0,10.0,0.7,5.7,0.438
10.0,10.0,0.8,5.8,0.512
10.0,10.0,0.9,5.9,0.548
10.0,10.0,1.0,6.0,0.548
10.0,10.0,1.1,6.1,0.634
10.0,10.0,1.2,6.2,0.63
10.0,10.0,1.3,6.3,0.732
10.0,10.0,1.4,6.4,0.71
10.0,10.0,1.5,6.5,0.754
10.0,10.0,1.6,6.6,0.76
10.0,10.0,1.7,6.7,0.796
10.0,10.0,1.8,6.8,0.818
10.0,10.0,1.9,6.9,0.832
10.0,10.0,2.0,7.0,0.856
10.0,10.0,2.1,7.1,0.87
10.0,10.0,2.2,7.2,0.838
10.0,10.0,2.3,7.3,0.886
10.0,10.0,2.4,7.4,0.878
10.0,10.0,2.5,7.5,0.862
10.0,10.0,2.6,7.6,0.918
10.0,10.0,2.7,7.7,0.9
10.0,10.0,2.8,7.8,0.91
10.0,10.0,2.9,7.9,0.92
10.0,10.0,3.0,8.0,0.902
10.0,10.0,3.1,8.1,0.918
10.0,10.0,3.2,8.2,0.93
10.0,10.0,3.3,8.3,0.902
10.0,10.0,3.4,8.4,0.906
10.0,10.0,3.5,8.5,0.912
10.0,10.0,3.6,8.6,0.922
10.0,10.0,3.7,8.7,0.938
10.0,10.0,3.8,8.8,0.93
10.0,10.0,3.9,8.9,0.922
10.0,10.0,4.0,9.0,0.91
10.0,10.0,4.1,9.1,0.948
10.0,10.0,4.2,9.2,0.914
10.0,10.0,4.3,9.3,0.906
10.0,10.0,4.4,9.4,0.886
10.0,10.0,4.5,9.5,0.922
10.0,10.0,4.6,9.6,0.916
10.0,10.0,4.7,9.7,0.91
10.0,10.0,4.8,9.8,0.93
10.0,10.0,4.9,9.9,0.882
10.0,10.0,5.0,10.0,0.89
10.0,10.0,5.1,10.1,0.886
10.0,10.0,5.2,10.2,0.86
10.0,10.0,5.3,10.3,0.872
10.0,10.0,5.4,10.4,0.854
10.0,10.0,5.5,10.5,0.85
10.0,10.0,5.6,10.6,0.85
10.0,10.0,5.7,10.7,0.832
10.0,10.0,5.8,10.8,0.828
10.0,10.0,5.9,10.9,0.838
10.0,10.0,6.0,11.0,0.816
10.0,10.0,6.1,11.1,0.736
10.0,10.0,6.2,11.2,0.726
10.0,10.0,6.3,11.3,0.734
10.0,10.0,6.4,11.4,0.706
10.0,10.0,6.5,11.5,0.664
10.0,10.0,6.6,11.6,0.624
10.0,10.0,6.7,11.7,0.592
10.0,10.0,6.8,11.8,0.576
10.0,10.0,6.9,11.9,0.526
10.0,10.0,7.0,12.0,0.48
10.0,10.0,7.1,12.1,0.418
10.0,10.0,7.2,12.2,0.39
10.0,10.0,7.3,12.3,0.368
10.0,10.0,7.4,12.4,0.336
10.0,10.0,7.5,12.5,0.306
10.0,10.0,7.6,12.6,0.268
10.0,10.0,7.7,12.7,0.248
10.0,10.0,7.8,12.8,0.21
10.0,10.0,7.9,12.9,0.194
10.0,10.0,8.0,13.0,0.192
10.0,10.0,8.1,13.1,0.214
10.0,10.0,8.2,13.2,0.168
10.0,10.0,8.3,13.3,0.114
10.0,10.0,8.4,13.4,0.148
10.0,10.0,8.5,13.5,0.16
10.0,10.0,8.6,13.6,0.152
10.0,10.0,8.7,13.7,0.116
10.0,10.0,8.8,13.8,0.136
10.0,10.0,8.9,13.9,0.124
10.0,10.0,9.0,14.0,0.148
10.0,10.0,9.1,14.1,0.122
10.0,10.0,9.2,14.2,0.134
10.0,10.0,9.3,14.3,0.094
10.0,10.0,9.4,14.4,0.124
10.0,10.0,9.5,14.5,0.104
10.0,10.0,9.6,14.6,0.106
10.0,10.0,9.7,14.7,0.128
10.0,10.0,9.8,14.8,0.116
10.0,10.0,9.9,14.9,0.098
10.0,10.0,10.0,15.0,0.132
10.0,10.0,10.1,15.1,0.11
10.0,10.0,10.2,15.2,0.122
10.0,10.0,10.3,15.3,0.094
10.0,10.0,10.4,15.4,0.114
10.0,10.0,10.5,15.5,0.116
10.0,10.0,10.6,15.6,0.096
10.0,10.0,10.7,15.7,0.116
10.0,10.0,10.8,15.8,0.116
10.0,10.0,10.9,15.9,0.084
10.0,10.0,11.0,16.0,0.08
10.0,10.0,11.1,16.1,0.102
10.0,10.0,11.2,16.2,0.106
10.0,10.0,11.3,16.3,0.082
10.0,10.0,11.4,16.4,0.106
10.0,10.0,11.5,16.5,0.11
10.0,10.0,11.6,16.6,0.082
10.0,10.0,11.7,16.7,0.074
10.0,10.0,11.8,16.8,0.104
10.0,10.0,11.9,16.9,0.074
10.0,10.0,12.0,17.0,0.086
10.0,10.0,12.1,17.1,0.07
10.0,10.0,12.2,17.2,0.072
10.0,10.0,12.3,17.3,0.086
10.0,10.0,12.4,17.4,0.076
10.0,10.0,12.5,17.5,0.066
10.0,10.0,12.6,17.6,0.068
10.0,10.0,12.7,17.7,0.072
10.0,10.0,12.8,17.8,0.066
10.0,10.0,12.9,17.9,0.074
10.0,10.0,13.0,18.0,0.066
10.0,10.0,13.1,18.1,0.058
10.0,10.0,13.2,18.2,0.066
10.0,10.0,13.3,18.3,0.054
10.0,10.0,13.4,18.4,0.06
10.0,10.0,13.5,18.5,0.058
10.0,10.0,13.6,18.6,0.064
10.0,10.0,13.7,18.7,0.062
10.0,10.0,13.8,18.8,0.044
10.0,10.0,13.9,18.9,0.048
10.0,10.0,14.0,19.0,0.058
10.0,10.0,14.1,19.1,0.056
10.0,10.0,14.2,19.2,0.056
10.0,10.0,14.3,19.3,0.056
10.0,10.0,14.4,19.4,0.05
10.0,10.0,14.5,19.5,0.066
10.0,10.0,14.6,19.6,0.05
10.0,10.0,14.7,19.7,0.048
10.0,10.0,14.8,19.8,0.05
10.0,10.0,14.9,19.9,0.056
10.0,10.0,15.0,20.0,0.05
10.1,10.1,0.0,5.0,0.162
10.1,10.1,0.1,5.1,0.19
10.1,10.1,0.2,5.2,0.244
10.1,10.1,0.3,5.3,0.248
10.1,10.1,0.4,5.4,0.264
10.1,10.1,0.5,5.5,0.338
10.1,10.1,0.6,5.6,0.348
10.1,10.1,0.7,5.7,0.428
10.1,10.1,0.8,5.8,0.44
10.1,10.1,0.9,5.9,0.476
10.1,10.1,1.0,6.0,0.56
10.1,10.1,1.1,6.1,0.558
10.1,10.1,1.2,6.2,0.628
10.1,10.1,1.3,6.3,0.674
10.1,10.1,1.4,6.4,0.694
10.1,10.1,1.5,6.5,0.732
10.1,10.1,1.6,6.6,0.71
10.1,10.1,1.7,6.7,0.758
10.1,10.1,1.8,6.8,0.776
10.1,10.1,1.9,6.9,0.822
10.1,10.1,2.0,7.0,0.796
10.1,10.1,2.1,7.1,0.842
10.1,10.1,2.2,7.2,0.854
10.1,10.1,2.3,7.3,0.878
10.1,10.1,2.4,7.4,0.872
10.1,10.1,2.5,7.5,0.862
10.1,10.1,2.6,7.6,0.88
10.1,10.1,2.7,7.7,0.878
10.1,10.1,2.8,7.8,0.878
10.1,10.1,2.9,7.9,0.884
10.1,10.1,3.0,8.0,0.918
10.1,10.1,3.1,8.1,0.902
10.1,10.1,3.2,8.2,0.904
10.1,10.1,3.3,8.3,0.888
10.1,10.1,3.4,8.4,0.926
10.1,10.1,3.5,8.5,0.912
10.1,10.1,3.6,8.6,0.932
10.1,10.1,3.7,8.7,0.912
10.1,10.1,3.8,8.8,0.92
10.1,10.1,3.9,8.9,0.922
10.1,10.1,4.0,9.0,0.918
10.1,10.1,4.1,9.1,0.916
10.1,10.1,4.2,9.2,0.922
10.1,10.1,4.3,9.3,0.91
10.1,10.1,4.4,9.4,0.908
10.1,10.1,4.5,9.5,0.938
10.1,10.1,4.6,9.6,0.904
10.1,10.1,4.7,9.7,0.92
10.1,10.1,4.8,9.8,0.924
10.1,10.1,4.9,9.9,0.926
10.1,10.1,5.0,10.0,0.91
10.1,10.1,5.1,10.1,0.926
10.1,10.1,5.2,10.2,0.89
10.1,10.1,5.3,10.3,0.888
10.1,10.1,5.4,10.4,0.874
10.1,10.1,5.5,10.5,0.88
10.1,10.1,5.6,10.6,0.87
10.1,10.1,5.7,10.7,0.86
10.1,10.1,5.8,10.8,0.864
10.1,10.1,5.9,10.9,0.826
10.1,10.1,6.0,11.0,0.804
10.1,10.1,6.1,11.1,0.792
10.1,10.1,6.2,11.2,0.764
10.1,10.1,6.3,11.3,0.74
10.1,10.1,6.4,11.4,0.71
10.1,10.1,6.5,11.5,0.728
10.1,10.1,6.6,11.6,0.66
10.1,10.1,6.7,11.7,0.63
10.1,10.1,6.8,11.8,0.618
10.1,10.1,6.9,11.9,0.56
10.1,10.1,7.0,12.0,0.5
10.1,10.1,7.1,12.1,0.478
10.1,10.1,7.2,12.2,0.404
10.1,10.1,7.3,12.3,0.414
10.1,10.1,7.4,12.4,0.376
10.1,10.1,7.5,12.5,0.31
10.1,10.1,7.6,12.6,0.33
10.1,10.1,7.7,12.7,0.242
10.1,10.1,7.8,12.8,0.276
10.1,10.1,7.9,12.9,0.214
10.1,10.1,8.0,13.0,0.222
10.1,10.1,8.1,13.1,0.21
10.1,10.1,8.2,13.2,0.204
10.1,10.1,8.3,13.3,0.17
10.1,10.1,8.4,13.4,0.154
10.1,10.1,8.5,13.5,0.176
10.1,10.1,8.6,13.6,0.148
10.1,10.1,8.7,13.7,0.144
10.1,10.1,8.8,13.8,0.1
10.1,10.1,8.9,13.9,0.14
10.1,10.1,9.0,14.0,0.122
10.1,10.1,9.1,14.1,0.126
10.1,10.1,9.2,14.2,0.12
10.1,10.1,9.3,14.3,0.114
10.1,10.1,9.4,14.4,0.1
10.1,10.1,9.5,14.5,0.09
10.1,10.1,9.6,14.6,0.114
10.1,10.1,9.7,14.7,0.108
10.1,10.1,9.8,14.8,0.112
10.1,10.1,9.9,14.9,0.106
10.1,10.1,10.0,15.0,0.106
10.1,10.1,10.1,15.1,0.114
10.1,10.1,10.2,15.2,0.104
10.1,10.1,10.3,15.3,0.114
10.1,10.1,10.4,15.4,0.078
10.1,10.1,10.5,15.5,0.12
10.1,10.1,10.6,15.6,0.088
10.1,10.1,10.7,15.7,0.094
10.1,10.1,10.8,15.8,0.098
10.1,10.1,10.9,15.9,0.102
10.1,10.1,11.0,16.0,0.092
10.1,10.1,11.1,16.1,0.106
10.1,10.1,11.2,16.2,0.1
10.1,10.1,11.3,16.3,0.07
10.1,10.1,11.4,16.4,0.122
10.1,10.1,11.5,16.5,0.108
10.1,10.1,11.6,16.6,0.094
10.1,10.1,11.7,16.7,0.098
10.1,10.1,11.8,16.8,0.068
10.1,10.1,11.9,16.9,0.072
10.1,10.1,12.0,17.0,0.086
10.1,10.1,12.1,17.1,0.1
10.1,10.1,12.2,17.2,0.082
10.1,10.1,12.3,17.3,0.072
10.1,10.1,12.4,17.4,0.07
10.1,10.1,12.5,17.5,0.06
10.1,10.1,12.6,17.6,0.072
10.1,10.1,12.7,17.7,0.054
10.1,10.1,12.8,17.8,0.058
10.1,10.1,12.9,17.9,0.084
10.1,10.1,13.0,18.0,0.056
10.1,10.1,13.1,18.1,0.076
10.1,10.1,13.2,18.2,0.068
10.1,10.1,13.3,18.3,0.056
10.1,10.1,13.4,18.4,0.052
10.1,10.1,13.5,18.5,0.052
10.1,10.1,13.6,18.6,0.062
10.1,10.1,13.7,18.7,0.066
10.1,10.1,13.8,18.8,0.062
10.1,10.1,13.9,18.9,0.06
10.1,10.1,14.0,19.0,0.044
10.1,10.1,14.1,19.1,0.06
10.1,10.1,14.2,19.2,0.048
10.1,10.1,14.3,19.3,0.052
10.1,10.1,14.4,19.4,0.036
10.1,10.1,14.5,19.5,0.048
10.1,10.1,14.6,19.6,0.04
10.1,10.1,14.7,19.7,0.046
10.1,10.1,14.8,19.8,0.034
10.1,10.1,14.9,19.9,0.05
10.1,10.1,15.0,20.0,0.044
10.2,10.2,0.0,5.0,0.142
10.2,10.2,0.1,5.1,0.164
10.2,10.2,0.2,5.2,0.212
10.2,10.2,0.3,5.3,0.206
10.2,10.2,0.4,5.4,0.26
10.2,10.2,0.5,5.5,0.276
10.2,10.2,0.6,5.6,0.328
10.2,10.2,0.7,5.7,0.354
10.2,10.2,0.8,5.8,0.416
10.2,10.2,0.9,5.9,0.432
10.2,10.2,1.0,6.0,0.468
10.2,10.2,1.1,6.1,0.536
10.2,10.2,1.2,6.2,0.566
10.2,10.2,1.3,6.3,0.596
10.2,10.2,1.4,6.4,0.632
10.2,10.2,1.5,6.5,0.702
10.2,10.2,1.6,6.6,0.722
10.2,10.2,1.7,6.7,0.764
10.2,10.2,1.8,6.8,0.78
10.2,10.2,1.9,6.9,0.776
10.2,10.2,2.0,7.0,0.844
10.2,10.2,2.1,7.1,0.81
10.2,10.2,2.2,7.2,0.824
10.2,10.2,2.3,7.3,0.844
10.2,10.2,2.4,7.4,0.848
10.2,10.2,2.5,7.5,0.854
10.2,10.2,2.6,7.6,0.878
10.2,10.2,2.7,7.7,0.858
10.2,10.2,2.8,7.8,0.894
10.2,10.2,2.9,7.9,0.902
10.2,10.2,3.0,8.0,0.89
10.2,10.2,3.1,8.1,0.89
10.2,10.2,3.2,8.2,0.922
10.2,10.2,3.3,8.3,0.93
10.2,10.2,3.4,8.4,0.918
10.2,10.2,3.5,8.5,0.912
10.2,10.2,3.6,8.6,0.912
10.2,10.2,3.7,8.7,0.916
10.2,10.2,3.8,8.8,0.91
10.2,10.2,3.9,8.9,0.93
10.2,10.2,4.0,9.0,0.914
10.2,10.2,4.1,9.1,0.914
10.2,10.2,4.2,9.2,0.922
10.2,10.2,4.3,9.3,0.916
10.2,10.2,4.4,9.4,0.936
10.2,10.2,4.5,9.5,0.926
10.2,10.2,4.6,9.6,0.902
10.2,10.2,4.7,9.7,0.92
10.2,10.2,4.8,9.8,0.918
10.2,10.2,4.9,9.9,0.92
10.2,10.2,5.0,10.0,0.916
10.2,10.2,5.1,10.1,0.886
10.2,10.2,5.2,10.2,0.88
10.2,10.2,5.3,10.3,0.878
10.2,10.2,5.4,10.4,0.898
10.2,10.2,5.5,10.5,0.874
10.2,10.2,5.6,10.6,0.87
10.2,10.2,5.7,10.7,0.878
10.2,10.2,5.8,10.8,0.842
10.2,10.2,5.9,10.9,0.87
10.2,10.2,6.0,11.0,0.826
10.2,10.2,6.1,11.1,0.8
10.2,10.2,6.2,11.2,0.794
10.2,10.2,6.3,11.3,0.762
10.2,10.2,6.4,11.4,0.754
10.2,10.2,6.5,11.5,0.672
10.2,10.2,6.6,11.6,0.684
10.2,10.2,6.7,11.7,0.668
10.2,10.2,6.8,11.8,0.592
10.2,10.2,6.9,11.9,0.544
10.2,10.2,7.0,12.0,0.546
10.2,10.2,7.1,12.1,0.51
10.2,10.2,7.2,12.2,0.492
10.2,10.2,7.3,12.3,0.444
10.2,10.2,7.4,12.4,0.408
10.2,10.2,7.5,12.5,0.346
10.2,10.2,7.6,12.6,0.286
10.2,10.2,7.7,12.7,0.3
10.2,10.2,7.8,12.8,0.234
10.2,10.2,7.9,12.9,0.26
10.2,10.2,8.0,13.0,0.18
10.2,10.2,8.1,13.1,0.176
10.2,10.2,8.2,13.2,0.196
10.2,10.2,8.3,13.3,0.176
10.2,10.2,8.4,13.4,0.178
10.2,10.2,8.5,13.5,0.184
10.2,10.2,8.6,13.6,0.148
10.2,10.2,8.7,13.7,0.176
10.2,10.2,8.8,13.8,0.176
10.2,10.2,8.9,13.9,0.128
10.2,10.2,9.0,14.0,0.112
10.2,10.2,9.1,14.1,0.14
10.2,10.2,9.2,14.2,0.14
10.2,10.2,9.3,14.3,0.12
10.2,10.2,9.4,14.4,0.124
10.2,10.2,9.5,14.5,0.086
10.2,10.2,9.6,14.6,0.118
10.2,10.2,9.7,14.7,0.1
10.2,10.2,9.8,14.8,0.098
10.2,10.2,9.9,14.9,0.12
10.2,10.2,10.0,15.0,0.136
10.2,10.2,10.1,15.1,0.072
10.2,10.2,10.2,15.2,0.112
10.2,10.2,10.3,15.3,0.122
10.2,10.2,10.4,15.4,0.112
10.2,10.2,10.5,15.5,0.106
10.2,10.2,10.6,15.6,0.108
10.2,10.2,10.7,15.7,0.108
10.2,10.2,10.8,15.8,0.094
10.2,10.2,10.9,15.9,0.064
10.2,10.2,11.0,16.0,0.088
10.2,10.2,11.1,16.1,0.112
10.2,10.2,11.2,16.2,0.096
10.2,10.2,11.3,16.3,0.114
10.2,10.2,11.4,16.4,0.082
10.2,10.2,11.5,16.5,0.106
10.2,10.2,11.6,16.6,0.126
10.2,10.2,11.7,16.7,0.08
10.2,10.2,11.8,16.8,0.08
10.2,10.2,11.9,16.9,0.08
10.2,10.2,12.0,17.0,0.11
10.2,10.2,12.1,17.1,0.072
10.2,10.2,12.2,17.2,0.068
10.2,10.2,12.3,17.3,0.066
10.2,10.2,12.4,17.4,0.082
10.2,10.2,12.5,17.5,0.058
10.2,10.2,12.6,17.6,0.09
10.2,10.2,12.7,17.7,0.072
10.2,10.2,12.8,17.8,0.098
10.2,10.2,12.9,17.9,0.096
10.2,10.2,13.0,18.0,0.068
10.2,10.2,13.1,18.1,0.052
10.2,10.2,13.2,18.2,0.064
10.2,10.2,13.3,18.3,0.056
10.2,10.2,13.4,18.4,0.048
10.2,10.2,13.5,18.5,0.08
10.2,10.2,13.6,18.6,0.056
10.2,10.2,13.7,18.7,0.058
10.2,10.2,13.8,18.8,0.04
10.2,10.2,13.9,18.9,0.062
10.2,10.2,14.0,19.0,0.05
10.2,10.2,14.1,19.1,0.062
10.2,10.2,14.2,19.2,0.05
10.2,10.2,14.3,19.3,0.056
10.2,10.2,14.4,19.4,0.058
10.2,10.2,14.5,19.5,0.046
10.2,10.2,14.6,19.6,0.062
10.2,10.2,14.7,19.7,0.05
10.2,10.2,14.8,19.8,0.058
10.2,10.2,14.9,19.9,0.054
10.2,10.2,15.0,20.0,0.05
10.3,10.3,0.0,5.0,0.152
10.3,10.3,0.1,5.1,0.148
10.3,10.3,0.2,5.2,0.168
10.3,10.3,0.3,5.3,0.2
10.3,10.3,0.4,5.4,0.21
10.3,10.3,0.5,5.5,0.264
10.3,10.3,0.6,5.6,0.272
10.3,10.3,0.7,5.7,0.34
10.3,10.3,0.8,5.8,0.348
10.3,10.3,0.9,5.9,0.394
10.3,10.3,1.0,6.0,0.478
10.3,10.3,1.1,6.1,0.496
10.3,10.3,1.2,6.2,0.512
10.3,10.3,1.3,6.3,0.588
10.3,10.3,1.4,6.4,0.624
10.3,10.3,1.5,6.5,0.632
10.3,10.3,1.6,6.6,0.676
10.3,10.3,1.7,6.7,0.708
10.3,10.3,1.8,6.8,0.764
10.3,10.3,1.9,6.9,0.746
10.3,10.3,2.0,7.0,0.798
10.3,10.3,2.1,7.1,0.822
10.3,10.3,2.2,7.2,0.828
10.3,10.3,2.3,7.3,0.854
10.3,10.3,2.4,7.4,0.818
10.3,10.3,2.5,7.5,0.86
10.3,10.3,2.6,7.6,0.872
10.3,10.3,2.7,7.7,0.888
10.3,10.3,2.8,7.8,0.862
10.3,10.3,2.9,7.9,0.88
10.3,10.3,3.0,8.0,0.894
10.3,10.3,3.1,8.1,0.906
10.3,10.3,3.2,8.2,0.908
10.3,10.3,3.3,8.3,0.926
10.3,10.3,3.4,8.4,0.934
10.3,10.3,3.5,8.5,0.916
10.3,10.3,3.6,8.6,0.92
10.3,10.3,3.7,8.7,0.906
10.3,10.3,3.8,8.8,0.928
10.3,10.3,3.9,8.9,0.918
10.3,10.3,4.0,9.0,0.926
10.3,10.3,4.1,9.1,0.914
10.3,10.3,4.2,9.2,0.908
10.3,10.3,4.3,9.3,0.936
10.3,10.3,4.4,9.4,0.916
10.3,10.3,4.5,9.5,0.916
10.3,10.3,4.6,9.6,0.916
10.3,10.3,4.7,9.7,0.918
10.3,10.3,4.8,9.8,0.908
10.3,10.3,4.9,9.9,0.904
10.3,10.3,5.0,10.0,0.912
10.3,10.3,5.1,10.1,0.886
10.3,10.3,5.2,10.2,0.916
10.3,10.3,5.3,10.3,0.886
10.3,10.3,5.4,10.4,0.926
10.3,10.3,5.5,10.5,0.888
10.3,10.3,5.6,10.6,0.88
10.3,10.3,5.7,10.7,0.868
10.3,10.3,5.8,10.8,0.86
10.3,10.3,5.9,10.9,0.85
10.3,10.3,6.0,11.0,0.85
10.3,10.3,6.1,11.1,0.818
10.3,10.3,6.2,11.2,0.804
10.3,10.3,6.3,11.3,0.802
10.3,10.3,6.4,11.4,0.762
10.3,10.3,6.5,11.5,0.744
10.3,10.3,6.6,11.6,0.722
10.3,10.3,6.7,11.7,0.686
10.3,10.3,6.8,11.8,0.634
10.3,10.3,6.9,11.9,0.612
10.3,10.3,7.0,12.0,0.588
10.3,10.3,7.1,12.1,0.562
10.3,10.3,7.2,12.2,0.5
10.3,10.3,7.3,12.3,0.442
10.3,10.3,7.4,12.4,0.436
10.3,10.3,7.5,12.5,0.35
10.3,10.3,7.6,12.6,0.324
10.3,10.3,7.7,12.7,0.278
10.3,10.3,7.8,12.8,0.284
10.3,10.3,7.9,12.9,0.276
10.3,10.3,8.0,13.0,0.248
10.3,10.3,8.1,13.1,0.252
10.3,10.3,8.2,13.2,0.2
10.3,10.3,8.3,13.3,0.18
10.3,10.3,8.4,13.4,0.178
10.3,10.3,8.5,13.5,0.182
10.3,10.3,8.6,13.6,0.16
10.3,10.3,8.7,13.7,0.136
10.3,10.3,8.8,13.8,0.168
10.3,10.3,8.9,13.9,0.118
10.3,10.3,9.0,14.0,0.12
10.3,10.3,9.1,14.1,0.122
10.3,10.3,9.2,14.2,0.13
10.3,10.3,9.3,14.3,0.134
10.3,10.3,9.4,14.4,0.15
10.3,10.3,9.5,14.5,0.106
10.3,10.3,9.6,14.6,0.118
10.3,10.3,9.7,14.7,0.116
10.3,10.3,9.8,14.8,0.11
10.3,10.3,9.9,14.9,0.114
10.3,10.3,10.0,15.0,0.108
10.3,10.3,10.1,15.1,0.108
10.3,10.3,10.2,15.2,0.132
10.3,10.3,10.3,15.3,0.088
10.3,10.3,10.4,15.4,0.084
10.3,10.3,10.5,15.5,0.104
10.3,10.3,10.6,15.6,0.096
10.3,10.3,10.7,15.7,0.102
10.3,10.3,10.8,15.8,0.096
10.3,10.3,10.9,15.9,0.124
10.3,10.3,11.0,16.0,0.086
10.3,10.3,11.1,16.1,0.102
10.3,10.3,11.2,16.2,0.104
10.3,10.3,11.3,16.3,0.098
10.3,10.3,11.4,16.4,0.088
10.3,10.3,11.5,16.5,0.094
10.3,10.3,11.6,16.6,0.09
10.3,10.3,11.7,16.7,0.086
10.3,10.3,11.8,16.8,0.088
10.3,10.3,11.9,16.9,0.068
10.3,10.3,12.0,17.0,0.076
10.3,10.3,12.1,17.1,0.08
10.3,10.3,12.2,17.2,0.088
10.3,10.3,12.3,17.3,0.084
10.3,10.3,12.4,17.4,0.066
10.3,10.3,12.5,17.5,0.082
10.3,10.3,12.6,17.6,0.062
10.3,10.3,12.7,17.7,0.102
10.3,10.3,12.8,17.8,0.046
10.3,10.3,12.9,17.9,0.084
10.3,10.3,13.0,18.0,0.064
10.3,10.3,13.1,18.1,0.07
10.3,10.3,13.2,18.2,0.058
10.3,10.3,13.3,18.3,0.064
10.3,10.3,13.4,18.4,0.064
10.3,10.3,13.5,18.5,0.058
10.3,10.3,13.6,18.6,0.06
10.3,10.3,13.7,18.7,0.06
10.3,10.3,13.8,18.8,0.06
10.3,10.3,13.9,18.9,0.048
10.3,10.3,14.0,19.0,0.054
10.3,10.3,14.1,19.1,0.044
10.3,10.3,14.2,19.2,0.064
10.3,10.3,14.3,19.3,0.066
10.3,10.3,14.4,19.4,0.044
10.3,10.3,14.5,19.5,0.054
10.3,10.3,14.6,19.6,0.036
10.3,10.3,14.7,19.7,0.068
10.3,10.3,14.8,19.8,0.04
10.3,10.3,14.9,19.9,0.064
10.3,10.3,15.0,20.0,0.048
10.4,10.4,0.0,5.0,0.088
10.4,10.4,0.1,5.1,0.132
10.4,10.4,0.2,5.2,0.178
10.4,10.4,0.3,5.3,0.116
10.4,10.4,0.4,5.4,0.198
10.4,10.4,0.5,5.5,0.21
10.4,10.4,0.6,5.6,0.242
10.4,10.4,0.7,5.7,0.288
10.4,10.4,0.8,5.8,0.326
10.4,10.4,0.9,5.9,0.324
10.4,10.4,1.0,6.0,0.394
10.4,10.4,1.1,6.1,0.46
10.4,10.4,1.2,6.2,0.448
10.4,10.4,1.3,6.3,0.532
10.4,10.4,1.4,6.4,0.536
10.4,10.4,1.5,6.5,0.646
10.4,10.4,1.6,6.6,0.684
10.4,10.4,1.7,6.7,0.664
10.4,10.4,1.8,6.8,0.69
10.4,10.4,1.9,6.9,0.782
10.4,10.4,2.0,7.0,0.76
10.4,10.4,2.1,7.1,0.814
10.4,10.4,2.2,7.2,0.804
10.4,10.4,2.3,7.3,0.834
10.4,10.4,2.4,7.4,0.85
10.4,10.4,2.5,7.5,0.824
10.4,10.4,2.6,7.6,0.852
10.4,10.4,2.7,7.7,0.854
10.4,10.4,2.8,7.8,0.882
10.4,10.4,2.9,7.9,0.86
10.4,10.4,3.0,8.0,0.896
10.4,10.4,3.1,8.1,0.872
10.4,10.4,3.2,8.2,0.906
10.4,10.4,3.3,8.3,0.912
10.4,10.4,3.4,8.4,0.92
10.4,10.4,3.5,8.5,0.918
10.4,10.4,3.6,8.6,0.904
10.4,10.4,3.7,8.7,0.936
10.4,10.4,3.8,8.8,0.922
10.4,10.4,3.9,8.9,0.93
10.4,10.4,4.0,9.0,0.922
10.4,10.4,4.1,9.1,0.932
10.4,10.4,4.2,9.2,0.936
10.4,10.4,4.3,9.3,0.91
10.4,10.4,4.4,9.4,0.926
10.4,10.4,4.5,9.5,0.906
10.4,10.4,4.6,9.6,0.91
10.4,10.4,4.7,9.7,0.918
10.4,10.4,4.8,9.8,0.912
10.4,10.4,4.9,9.9,0.912
10.4,10.4,5.0,10.0,0.922
10.4,10.4,5.1,10.1,0.91
10.4,10.4,5.2,10.2,0.908
10.4,10.4,5.3,10.3,0.91
10.4,10.4,5.4,10.4,0.892
10.4,10.4,5.5,10.5,0.924
10.4,10.4,5.6,10.6,0.872
10.4,10.4,5.7,10.7,0.864
10.4,10.4,5.8,10.8,0.888
10.4,10.4,5.9,10.9,0.87
10.4,10.4,6.0,11.0,0.838
10.4,10.4,6.1,11.1,0.864
10.4,10.4,6.2,11.2,0.806
10.4,10.4,6.3,11.3,0.792
10.4,10.4,6.4,11.4,0.772
10.4,10.4,6.5,11.5,0.778
10.4,10.4,6.6,11.6,0.714
10.4,10.4,6.7,11.7,0.73
10.4,10.4,6.8,11.8,0.688
10.4,10.4,6.9,11.9,0.652
10.4,10.4,7.0,12.0,0.588
10.4,10.4,7.1,12.1,0.584
10.4,10.4,7.2,12.2,0.548
10.4,10.4,7.3,12.3,0.498
10.4,10.4,7.4,12.4,0.464
10.4,10.4,7.5,12.5,0.422
10.4,10.4,7.6,12.6,0.392
10.4,10.4,7.7,12.7,0.358
10.4,10.4,7.8,12.8,0.316
10.4,10.4,7.9,12.9,0.318
10.4,10.4,8.0,13.0,0.284
10.4,10.4,8.1,13.1,0.228
10.4,10.4,8.2,13.2,0.232
10.4,10.4,8.3,13.3,0.202
10.4,10.4,8.4,13.4,0.188
10.4,10.4,8.5,13.5,0.148
10.4,10.4,8.6,13.6,0.15
10.4,10.4,8.7,13.7,0.134
10.4,10.4,8.8,13.8,0.164
10.4,10.4,8.9,13.9,0.124
10.4,10.4,9.0,14.0,0.134
10.4,10.4,9.1,14.1,0.126
10.4,10.4,9.2,14.2,0.136
10.4,10.4,9.3,14.3,0.134
10.4,10.4,9.4,14.4,0.142
10.4,10.4,9.5,14.5,0.094
10.4,10.4,9.6,14.6,0.12
10.4,10.4,9.7,14.7,0.116
10.4,10.4,9.8,14.8,0.138
10.4,10.4,9.9,14.9,0.112
10.4,10.4,10.0,15.0,0.128
10.4,10.4,10.1,15.1,0.092
10.4,10.4,10.2,15.2,0.104
10.4,10.4,10.3,15.3,0.116
10.4,10.4,10.4,15.4,0.112
10.4,10.4,10.5,15.5,0.114
10.4,10.4,10.6,15.6,0.122
10.4,10.4,10.7,15.7,0.102
10.4,10.4,10.8,15.8,0.122
10.4,10.4,10.9,15.9,0.096
10.4,10.4,11.0,16.0,0.116
10.4,10.4,11.1,16.1,0.128
10.4,10.4,11.2,16.2,0.102
10.4,10.4,11.3,16.3,0.098
10.4,10.4,11.4,16.4,0.092
10.4,10.4,11.5,16.5,0.096
10.4,10.4,11.6,16.6,0.102
10.4,10.4,11.7,16.7,0.1
10.4,10.4,11.8,16.8,0.084
10.4,10.4,11.9,16.9,0.096
10.4,10.4,12.0,17.0,0.078
10.4,10.4,12.1,17.1,0.088
10.4,10.4,12.2,17.2,0.08
10.4,10.4,12.3,17.3,0.08
10.4,10.4,12.4,17.4,0.084
10.4,10.4,12.5,17.5,0.094
10.4,10.4,12.6,17.6,0.07
10.4,10.4,12.7,17.7,0.06
10.4,10.4,12.8,17.8,0.082
10.4,10.4,12.9,17.9,0.06
10.4,10.4,13.0,18.0,0.084
10.4,10.4,13.1,18.1,0.088
10.4,10.4,13.2,18.2,0.084
10.4,10.4,13.3,18.3,0.048
10.4,10.4,13.4,18.4,0.062
10.4,10.4,13.5,18.5,0.074
10.4,10.4,13.6,18.6,0.062
10.4,10.4,13.7,18.7,0.058
10.4,10.4,13.8,18.8,0.05
10.4,10.4,13.9,18.9,0.056
10.4,10.4,14.0,19.0,0.068
10.4,10.4,14.1,19.1,0.068
10.4,10.4,14.2,19.2,0.04
10.4,10.4,14.3,19.3,0.054
10.4,10.4,14.4,19.4,0.046
10.4,10.4,14.5,19.5,0.06
10.4,10.4,14.6,19.6,0.036
10.4,10.4,14.7,19.7,0.068
10.4,10.4,14.8,19.8,0.07
10.4,10.4,14.9,19.9,0.058
10.4,10.4,15.0,20.0,0.048
10.5,10.5,0.0,5.0,0.1
10.5,10.5,0.1,5.1,0.122
10.5,10.5,0.2,5.2,0.126
10.5,10.5,0.3,5.3,0.172
10.5,10.5,0.4,5.4,0.172
10.5,10.5,0.5,5.5,0.176
10.5,10.5,0.6,5.6,0.248
10.5,10.5,0.7,5.7,0.282
10.5,10.5,0.8,5.8,0.272
10.5,10.5,0.9,5.9,0.322
10.5,10.5,1.0,6.0,0.318
10.5,10.5,1.1,6.1,0.394
10.5,10.5,1.2,6.2,0.432
10.5,10.5,1.3,6.3,0.5
10.5,10.5,1.4,6.4,0.506
10.5,10.5,1.5,6.5,0.55
10.5,10.5,1.6,6.6,0.648
10.5,10.5,1.7,6.7,0.606
10.5,10.5,1.8,6.8,0.676
10.5,10.5,1.9,6.9,0.724
10.5,10.5,2.0,7.0,0.732
10.5,10.5,2.1,7.1,0.788
10.5,10.5,2.2,7.2,0.782
10.5,10.5,2.3,7.3,0.792
10.5,10.5,2.4,7.4,0.822
10.5,10.5,2.5,7.5,0.832
10.5,10.5,2.6,7.6,0.846
10.5,10.5,2.7,7.7,0.864
10.5,10.5,2.8,7.8,0.882
10.5,10.5,2.9,7.9,0.894
10.5,10.5,3.0,8.0,0.886
10.5,10.5,3.1,8.1,0.904
10.5,10.5,3.2,8.2,0.892
10.5,10.5,3.3,8.3,0.89
10.5,10.5,3.4,8.4,0.906
10.5,10.5,3.5,8.5,0.892
10.5,10.5,3.6,8.6,0.9
10.5,10.5,3.7,8.7,0.896
10.5,10.5,3.8,8.8,0.922
10.5,10.5,3.9,8.9,0.93
10.5,10.5,4.0,9.0,0.922
10.5,10.5,4.1,9.1,0.912
10.5,10.5,4.2,9.2,0.918
10.5,10.5,4.3,9.3,0.926
10.5,10.5,4.4,9.4,0.938
10.5,10.5,4.5,9.5,0.906
10.5,10.5,4.6,9.6,0.92
10.5,10.5,4.7,9.7,0.914
10.5,10.5,4.8,9.8,0.922
10.5,10.5,4.9,9.9,0.906
10.5,10.5,5.0,10.0,0.894
10.5,10.5,5.1,10.1,0.926
10.5,10.5,5.2,10.2,0.904
10.5,10.5,5.3,10.3,0.914
10.5,10.5,5.4,10.4,0.898
10.5,10.5,5.5,10.5,0.892
10.5,10.5,5.6,10.6,0.904
10.5,10.5,5.7,10.7,0.862
10.5,10.5,5.8,10.8,0.882
10.5,10.5,5.9,10.9,0.854
10.5,10.5,6.0,11.0,0.872
10.5,10.5,6.1,11.1,0.86
10.5,10.5,6.2,11.2,0.83
10.5,10.5,6.3,11.3,0.844
10.5,10.5,6.4,11.4,0.774
10.5,10.5,6.5,11.5,0.798
10.5,10.5,6.6,11.6,0.746
10.5,10.5,6.7,11.7,0.74
10.5,10.5,6.8,11.8,0.714
10.5,10.5,6.9,11.9,0.67
10.5,10.5,7.0,12.0,0.692
10.5,10.5,7.1,12.1,0.676
10.5,10.5,7.2,12.2,0.55
10.5,10.5,7.3,12.3,0.53
10.5,10.5,7.4,12.4,0.476
10.5,10.5,7.5,12.5,0.5
10.5,10.5,7.6,12.6,0.394
10.5,10.5,7.7,12.7,0.404
10.5,10.5,7.8,12.8,0.354
10.5,10.5,7.9,12.9,0.298
10.5,10.5,8.0,13.0,0.274
10.5,10.5,8.1,13.1,0.256
10.5,10.5,8.2,13.2,0.252
10.5,10.5,8.3,13.3,0.228
10.5,10.5,8.4,13.4,0.212
10.5,10.5,8.5,13.5,0.206
10.5,10.5,8.6,13.6,0.158
10.5,10.5,8.7,13.7,0.172
10.5,10.5,8.8,13.8,0.15
10.5,10.5,8.9,13.9,0.164
10.5,10.5,9.0,14.0,0.17
10.5,10.5,9.1,14.1,0.112
10.5,10.5,9.2,14.2,0.14
10.5,10.5,9.3,14.3,0.13
10.5,10.5,9.4,14.4,0.13
10.5,10.5,9.5,14.5,0.126
10.5,10.5,9.6,14.6,0.148
10.5,10.5,9.7,14.7,0.132
10.5,10.5,9.8,14.8,0.084
10.5,10.5,9.9,14.9,0.112
10.5,10.5,10.0,15.0,0.14
10.5,10.5,10.1,15.1,0.128
10.5,10.5,10.2,15.2,0.072
10.5,10.5,10.3,15.3,0.104
10.5,10.5,10.4,15.4,0.126
10.5,10.5,10.5,15.5,0.09
10.5,10.5,10.6,15.6,0.116
10.5,10.5,10.7,15.7,0.082
10.5,10.5,10.8,15.8,0.112
10.5,10.5,10.9,15.9,0.096
10.5,10.5,11.0,16.0,0.1
10.5,10.5,11.1,16.1,0.1
10.5,10.5,11.2,16.2,0.094
10.5,10.5,11.3,16.3,0.072
10.5,10.5,11.4,16.4,0.09
10.5,10.5,11.5,16.5,0.094
10.5,10.5,11.6,16.6,0.116
10.5,10.5,11.7,16.7,0.086
10.5,10.5,11.8,16.8,0.092
10.5,10.5,11.9,16.9,0.074
10.5,10.5,12.0,17.0,0.106
10.5,10.5,12.1,17.1,0.094
10.5,10.5,12.2,17.2,0.112
10.5,10.5,12.3,17.3,0.078
10.5,10.5,12.4,17.4,0.094
10.5,10.5,12.5,17.5,0.084
10.5,10.5,12.6,17.6,0.1
10.5,10.5,12.7,17.7,0.07
10.5,10.5,12.8,17.8,0.08
10.5,10.5,12.9,17.9,0.058
10.5,10.5,13.0,18.0,0.07
10.5,10.5,13.1,18.1,0.058
10.5,10.5,13.2,18.2,0.076
10.5,10.5,13.3,18.3,0.06
10.5,10.5,13.4,18.4,0.054
10.5,10.5,13.5,18.5,0.056
10.5,10.5,13.6,18.6,0.076
10.5,10.5,13.7,18.7,0.076
10.5,10.5,13.8,18.8,0.054
10.5,10.5,13.9,18.9,0.05
10.5,10.5,14.0,19.0,0.066
10.5,10.5,14.1,19.1,0.046
10.5,10.5,14.2,19.2,0.07
10.5,10.5,14.3,19.3,0.046
10.5,10.5,14.4,19.4,0.056
10.5,10.5,14.5,19.5,0.034
10.5,10.5,14.6,19.6,0.044
10.5,10.5,14.7,19.7,0.028
10.5,10.5,14.8,19.8,0.05
10.5,10.5,14.9,19.9,0.042
10.5,10.5,15.0,20.0,0.07
10.6,10.6,0.0,5.0,0.094
10.6,10.6,0.1,5.1,0.116
10.6,10.6,0.2,5.2,0.114
10.6,10.6,0.3,5.3,0.14
10.6,10.6,0.4,5.4,0.132
10.6,10.6,0.5,5.5,0.152
10.6,10.6,0.6,5.6,0.19
10.6,10.6,0.7,5.7,0.212
10.6,10.6,0.8,5.8,0.25
10.6,10.6,0.9,5.9,0.282
10.6,10.6,1.0,6.0,0.322
10.6,10.6,1.1,6.1,0.366
10.6,10.6,1.2,6.2,0.406
10.6,10.6,1.3,6.3,0.446
10.6,10.6,1.4,6.4,0.448
10.6,10.6,1.5,6.5,0.524
10.6,10.6,1.6,6.6,0.554
10.6,10.6,1.7,6.7,0.598
10.6,10.6,1.8,6.8,0.646
10.6,10.6,1.9,6.9,0.706
10.6,10.6,2.0,7.0,0.688
10.6,10.6,2.1,7.1,0.71
10.6,10.6,2.2,7.2,0.788
10.6,10.6,2.3,7.3,0.802
10.6,10.6,2.4,7.4,0.798
10.6,10.6,2.5,7.5,0.83
10.6,10.6,2.6,7.6,0.818
10.6,10.6,2.7,7.7,0.856
10.6,10.6,2.8,7.8,0.85
10.6,10.6,2.9,7.9,0.866
10.6,10.6,3.0,8.0,0.878
10.6,10.6,3.1,8.1,0.908
10.6,10.6,3.2,8.2,0.886
10.6,10.6,3.3,8.3,0.91
10.6,10.6,3.4,8.4,0.884
10.6,10.6,3.5,8.5,0.904
10.6,10.6,3.6,8.6,0.918
10.6,10.6,3.7,8.7,0.912
10.6,10.6,3.8,8.8,0.922
10.6,10.6,3.9,8.9,0.904
10.6,10.6,4.0,9.0,0.912
10.6,10.6,4.1,9.1,0.916
10.6,10.6,4.2,9.2,0.93
10.6,10.6,4.3,9.3,0.93
10.6,10.6,4.4,9.4,0.896
10.6,10.6,4.5,9.5,0.928
10.6,10.6,4.6,9.6,0.932
10.6,10.6,4.7,9.7,0.916
10.6,10.6,4.8,9.8,0.924
10.6,10.6,4.9,9.9,0.916
10.6,10.6,5.0,10.0,0.91
10.6,10.6,5.1,10.1,0.908
10.6,10.6,5.2,10.2,0.93
10.6,10.6,5.3,10.3,0.932
10.6,10.6,5.4,10.4,0.918
10.6,10.6,5.5,10.5,0.886
10.6,10.6,5.6,10.6,0.892
10.6,10.6,5.7,10.7,0.882
10.6,10.6,5.8,10.8,0.894
10.6,10.6,5.9,10.9,0.884
10.6,10.6,6.0,11.0,0.862
10.6,10.6,6.1,11.1,0.854
10.6,10.6,6.2,11.2,0.85
10.6,10.6,6.3,11.3,0.866
10.6,10.6,6.4,11.4,0.826
10.6,10.6,6.5,11.5,0.788
10.6,10.6,6.6,11.6,0.766
10.6,10.6,6.7,11.7,0.762
10.6,10.6,6.8,11.8,0.748
10.6,10.6,6.9,11.9,0.722
10.6,10.6,7.0,12.0,0.69
10.6,10.6,7.1,12.1,0.596
10.6,10.6,7.2,12.2,0.636
10.6,10.6,7.3,12.3,0.576
10.6,10.6,7.4,12.4,0.502
10.6,10.6,7.5,12.5,0.498
10.6,10.6,7.6,12.6,0.46
10.6,10.6,7.7,12.7,0.42
10.6,10.6,7.8,12.8,0.394
10.6,10.6,7.9,12.9,0.352
10.6,10.6,8.0,13.0,0.344
10.6,10.6,8.1,13.1,0.294
10.6,10.6,8.2,13.2,0.256
10.6,10.6,8.3,13.3,0.242
10.6,10.6,8.4,13.4,0.22
10.6,10.6,8.5,13.5,0.208
10.6,10.6,8.6,13.6,0.212
10.6,10.6,8.7,13.7,0.212
10.6,10.6,8.8,13.8,0.176
10.6,10.6,8.9,13.9,0.134
10.6,10.6,9.0,14.0,0.164
10.6,10.6,9.1,14.1,0.138
10.6,10.6,9.2,14.2,0.138
10.6,10.6,9.3,14.3,0.144
10.6,10.6,9.4,14.4,0.144
10.6,10.6,9.5,14.5,0.126
10.6,10.6,9.6,14.6,0.134
10.6,10.6,9.7,14.7,0.138
10.6,10.6,9.8,14.8,0.144
10.6,10.6,9.9,14.9,0.138
10.6,10.6,10.0,15.0,0.104
10.6,10.6,10.1,15.1,0.11
10.6,10.6,10.2,15.2,0.136
10.6,10.6,10.3,15.3,0.112
10.6,10.6,10.4,15.4,0.132
10.6,10.6,10.5,15.5,0.142
10.6,10.6,10.6,15.6,0.116
10.6,10.6,10.7,15.7,0.094
10.6,10.6,10.8,15.8,0.114
10.6,10.6,10.9,15.9,0.114
10.6,10.6,11.0,16.0,0.108
10.6,10.6,11.1,16.1,0.098
10.6,10.6,11.2,16.2,0.1
10.6,10.6,11.3,16.3,0.118
10.6,10.6,11.4,16.4,0.108
10.6,10.6,11.5,16.5,0.096
10.6,10.6,11.6,16.6,0.096
10.6,10.6,11.7,16.7,0.11
10.6,10.6,11.8,16.8,0.096
10.6,10.6,11.9,16.9,0.072
10.6,10.6,12.0,17.0,0.078
10.6,10.6,12.1,17.1,0.09
10.6,10.6,12.2,17.2,0.1
10.6,10.6,12.3,17.3,0.096
10.6,10.6,12.4,17.4,0.078
10.6,10.6,12.5,17.5,0.108
10.6,10.6,12.6,17.6,0.07
10.6,10.6,12.7,17.7,0.074
10.6,10.6,12.8,17.8,0.074
10.6,10.6,12.9,17.9,0.074
10.6,10.6,13.0,18.0,0.062
10.6,10.6,13.1,18.1,0.072
10.6,10.6,13.2,18.2,0.076
10.6,10.6,13.3,18.3,0.07
10.6,10.6,13.4,18.4,0.068
10.6,10.6,13.5,18.5,0.076
10.6,10.6,13.6,18.6,0.064
10.6,10.6,13.7,18.7,0.068
10.6,10.6,13.8,18.8,0.06
10.6,10.6,13.9,18.9,0.044
10.6,10.6,14.0,19.0,0.08
10.6,10.6,14.1,19.1,0.072
10.6,10.6,14.2,19.2,0.034
10.6,10.6,14.3,19.3,0.058
10.6,10.6,14.4,19.4,0.066
10.6,10.6,14.5,19.5,0.04
10.6,10.6,14.6,19.6,0.058
10.6,10.6,14.7,19.7,0.06
10.6,10.6,14.8,19.8,0.058
10.6,10.6,14.9,19.9,0.036
10.6,10.6,15.0,20.0,0.046
10.7,10.7,0.0,5.0,0.112
10.7,10.7,0.1,5.1,0.096
10.7,10.7,0.2,5.2,0.084
10.7,10.7,0.3,5.3,0.128
10.7,10.7,0.4,5.4,0.096
10.7,10.7,0.5,5.5,0.126
10.7,10.7,0.6,5.6,0.186
10.7,10.7,0.7,5.7,0.188
10.7,10.7,0.8,5.8,0.234
10.7,10.7,0.9,5.9,0.23
10.7,10.7,1.0,6.0,0.308
10.7,10.7,1.1,6.1,0.342
10.7,10.7,1.2,6.2,0.37
10.7,10.7,1.3,6.3,0.376
10.7,10.7,1.4,6.4,0.48
10.7,10.7,1.5,6.5,0.484
10.7,10.7,1.6,6.6,0.516
10.7,10.7,1.7,6.7,0.562
10.7,10.7,1.8,6.8,0.638
10.7,10.7,1.9,6.9,0.656
10.7,10.7,2.0,7.0,0.688
10.7,10.7,2.1,7.1,0.712
10.7,10.7,2.2,7.2,0.718
10.7,10.7,2.3,7.3,0.798
10.7,10.7,2.4,7.4,0.772
10.7,10.7,2.5,7.5,0.82
10.7,10.7,2.6,7.6,0.814
10.7,10.7,2.7,7.7,0.85
10.7,10.7,2.8,7.8,0.824
10.7,10.7,2.9,7.9,0.87
10.7,10.7,3.0,8.0,0.846
10.7,10.7,3.1,8.1,0.9
10.7,10.7,3.2,8.2,0.88
10.7,10.7,3.3,8.3,0.882
10.7,10.7,3.4,8.4,0.864
10.7,10.7,3.5,8.5,0.886
10.7,10.7,3.6,8.6,0.906
10.7,10.7,3.7,8.7,0.93
10.7,10.7,3.8,8.8,0.912
10.7,10.7,3.9,8.9,0.92
10.7,10.7,4.0,9.0,0.918
10.7,10.7,4.1,9.1,0.916
10.7,10.7,4.2,9.2,0.926
10.7,10.7,4.3,9.3,0.944
10.7,10.7,4.4,9.4,0.892
10.7,10.7,4.5,9.5,0.918
10.7,10.7,4.6,9.6,0.904
10.7,10.7,4.7,9.7,0.942
10.7,10.7,4.8,9.8,0.944
10.7,10.7,4.9,9.9,0.912
10.7,10.7,5.0,10.0,0.922
10.7,10.7,5.1,10.1,0.908
10.7,10.7,5.2,10.2,0.906
10.7,10.7,5.3,10.3,0.928
10.7,10.7,5.4,10.4,0.906
10.7,10.7,5.5,10.5,0.92
10.7,10.7,5.6,10.6,0.88
10.7,10.7,5.7,10.7,0.91
10.7,10.7,5.8,10.8,0.884
10.7,10.7,5.9,10.9,0.884
10.7,10.7,6.0,11.0,0.876
10.7,10.7,6.1,11.1,0.882
10.7,10.7,6.2,11.2,0.862
10.7,10.7,6.3,11.3,0.87
10.7,10.7,6.4,11.4,0.822
10.7,10.7,6.5,11.5,0.808
10.7,10.7,6.6,11.6,0.82
10.7,10.7,6.7,11.7,0.764
10.7,10.7,6.8,11.8,0.754
10.7,10.7,6.9,11.9,0.752
10.7,10.7,7.0,12.0,0.696
10.7,10.7,7.1,12.1,0.664
10.7,10.7,7.2,12.2,0.672
10.7,10.7,7.3,12.3,0.608
10.7,10.7,7.4,12.4,0.574
10.7,10.7,7.5,12.5,0.534
10.7,10.7,7.6,12.6,0.542
10.7,10.7,7.7,12.7,0.502
10.7,10.7,7.8,12.8,0.386
10.7,10.7,7.9,12.9,0.394
10.7,10.7,8.0,13.0,0.35
10.7,10.7,8.1,13.1,0.32
10.7,10.7,8.2,13.2,0.288
10.7,10.7,8.3,13.3,0.284
10.7,10.7,8.4,13.4,0.252
10.7,10.7,8.5,13.5,0.21
10.7,10.7,8.6,13.6,0.22
10.7,10.7,8.7,13.7,0.178
10.7,10.7,8.8,13.8,0.18
10.7,10.7,8.9,13.9,0.146
10.7,10.7,9.0,14.0,0.16
10.7,10.7,9.1,14.1,0.16
10.7,10.7,9.2,14.2,0.146
10.7,10.7,9.3,14.3,0.142
10.7,10.7,9.4,14.4,0.128
10.7,10.7,9.5,14.5,0.142
10.7,10.7,9.6,14.6,0.138
10.7,10.7,9.7,14.7,0.114
10.7,10.7,9.8,14.8,0.088
10.7,10.7,9.9,14.9,0.116
10.7,10.7,10.0,15.0,0.124
10.7,10.7,10.1,15.1,0.144
10.7,10.7,10.2,15.2,0.098
10.7,10.7,10.3,15.3,0.096
10.7,10.7,10.4,15.4,0.096
10.7,10.7,10.5,15.5,0.12
10.7,10.7,10.6,15.6,0.118
10.7,10.7,10.7,15.7,0.106
10.7,10.7,10.8,15.8,0.13
10.7,10.7,10.9,15.9,0.09
10.7,10.7,11.0,16.0,0.094
10.7,10.7,11.1,16.1,0.104
10.7,10.7,11.2,16.2,0.1
10.7,10.7,11.3,16.3,0.108
10.7,10.7,11.4,16.4,0.104
10.7,10.7,11.5,16.5,0.106
10.7,10.7,11.6,16.6,0.076
10.7,10.7,11.7,16.7,0.102
10.7,10.7,11.8,16.8,0.072
10.7,10.7,11.9,16.9,0.084
10.7,10.7,12.0,17.0,0.094
10.7,10.7,12.1,17.1,0.082
10.7,10.7,12.2,17.2,0.084
10.7,10.7,12.3,17.3,0.082
10.7,10.7,12.4,17.4,0.1
10.7,10.7,12.5,17.5,0.1
10.7,10.7,12.6,17.6,0.09
10.7,10.7,12.7,17.7,0.084
10.7,10.7,12.8,17.8,0.092
10.7,10.7,12.9,17.9,0.074
10.7,10.7,13.0,18.0,0.082
10.7,10.7,13.1,18.1,0.098
10.7,10.7,13.2,18.2,0.062
10.7,10.7,13.3,18.3,0.06
10.7,10.7,13.4,18.4,0.066
10.7,10.7,13.5,18.5,0.074
10.7,10.7,13.6,18.6,0.08
10.7,10.7,13.7,18.7,0.068
10.7,10.7,13.8,18.8,0.066
10.7,10.7,13.9,18.9,0.07
10.7,10.7,14.0,19.0,0.062
10.7,10.7,14.1,19.1,0.062
10.7,10.7,14.2,19.2,0.066
10.7,10.7,14.3,19.3,0.06
10.7,10.7,14.4,19.4,0.062
10.7,10.7,14.5,19.5,0.044
10.7,10.7,14.6,19.6,0.072
10.7,10.7,14.7,19.7,0.058
10.7,10.7,14.8,19.8,0.062
10.7,10.7,14.9,19.9,0.056
10.7,10.7,15.0,20.0,0.052
10.8,10.8,0.0,5.0,0.07
10.8,10.8,0.1,5.1,0.076
10.8,10.8,0.2,5.2,0.086
10.8,10.8,0.3,5.3,0.11
10.8,10.8,0.4,5.4,0.128
10.8,10.8,0.5,5.5,0.114
10.8,10.8,0.6,5.6,0.128
10.8,10.8,0.7,5.7,0.15
10.8,10.8,0.8,5.8,0.176
10.8,10.8,0.9,5.9,0.224
10.8,10.8,1.0,6.0,0.294
10.8,10.8,1.1,6.1,0.312
10.8,10.8,1.2,6.2,0.342
10.8,10.8,1.3,6.3,0.38
10.8,10.8,1.4,6.4,0.378
10.8,10.8,1.5,6.5,0.466
10.8,10.8,1.6,6.6,0.508
10.8,10.8,1.7,6.7,0.522
10.8,10.8,1.8,6.8,0.574
10.8,10.8,1.9,6.9,0.602
10.8,10.8,2.0,7.0,0.644
10.8,10.8,2.1,7.1,0.682
10.8,10.8,2.2,7.2,0.71
10.8,10.8,2.3,7.3,0.758
10.8,10.8,2.4,7.4,0.786
10.8,10.8,2.5,7.5,0.798
10.8,10.8,2.6,7.6,0.794
10.8,10.8,2.7,7.7,0.794
10.8,10.8,2.8,7.8,0.856
10.8,10.8,2.9,7.9,0.838
10.8,10.8,3.0,8.0,0.844
10.8,10.8,3.1,8.1,0.882
10.8,10.8,3.2,8.2,0.884
10.8,10.8,3.3,8.3,0.86
10.8,10.8,3.4,8.4,0.888
10.8,10.8,3.5,8.5,0.906
10.8,10.8,3.6,8.6,0.916
10.8,10.8,3.7,8.7,0.928
10.8,10.8,3.8,8.8,0.906
10.8,10.8,3.9,8.9,0.916
10.8,10.8,4.0,9.0,0.912
10.8,10.8,4.1,9.1,0.89
10.8,10.8,4.2,9.2,0.926
10.8,10.8,4.3,9.3,0.924
10.8,10.8,4.4,9.4,0.934
10.8,10.8,4.5,9.5,0.938
10.8,10.8,4.6,9.6,0.92
10.8,10.8,4.7,9.7,0.932
10.8,10.8,4.8,9.8,0.924
10.8,10.8,4.9,9.9,0.912
10.8,10.8,5.0,10.0,0.904
10.8,10.8,5.1,10.1,0.9
10.8,10.8,5.2,10.2,0.916
10.8,10.8,5.3,10.3,0.908
10.8,10.8,5.4,10.4,0.916
10.8,10.8,5.5,10.5,0.892
10.8,10.8,5.6,10.6,0.9
10.8,10.8,5.7,10.7,0.906
10.8,10.8,5.8,10.8,0.912
10.8,10.8,5.9,10.9,0.904
10.8,10.8,6.0,11.0,0.882
10.8,10.8,6.1,11.1,0.91
10.8,10.8,6.2,11.2,0.9
10.8,10.8,6.3,11.3,0.866
10.8,10.8,6.4,11.4,0.87
10.8,10.8,6.5,11.5,0.816
10.8,10.8,6.6,11.6,0.836
10.8,10.8,6.7,11.7,0.814
10.8,10.8,6.8,11.8,0.788
10.8,10.8,6.9,11.9,0.74
10.8,10.8,7.0,12.0,0.728
10.8,10.8,7.1,12.1,0.74
10.8,10.8,7.2,12.2,0.718
10.8,10.8,7.3,12.3,0.6
10.8,10.8,7.4,12.4,0.608
10.8,10.8,7.5,12.5,0.584
10.8,10.8,7.6,12.6,0.522
10.8,10.8,7.7,12.7,0.528
10.8,10.8,7.8,12.8,0.458
10.8,10.8,7.9,12.9,0.42
10.8,10.8,8.0,13.0,0.374
10.8,10.8,8.1,13.1,0.344
10.8,10.8,8.2,13.2,0.294
10.8,10.8,8.3,13.3,0.288
10.8,10.8,8.4,13.4,0.242
10.8,10.8,8.5,13.5,0.246
10.8,10.8,8.6,13.6,0.226
10.8,10.8,8.7,13.7,0.234
10.8,10.8,8.8,13.8,0.208
10.8,10.8,8.9,13.9,0.184
10.8,10.8,9.0,14.0,0.188
10.8,10.8,9.1,14.1,0.156
10.8,10.8,9.2,14.2,0.154
10.8,10.8,9.3,14.3,0.13
10.8,10.8,9.4,14.4,0.128
10.8,10.8,9.5,14.5,0.13
10.8,10.8,9.6,14.6,0.116
10.8,10.8,9.7,14.7,0.122
10.8,10.8,9.8,14.8,0.114
10.8,10.8,9.9,14.9,0.124
10.8,10.8,10.0,15.0,0.12
10.8,10.8,10.1,15.1,0.112
10.8,10.8,10.2,15.2,0.118
10.8,10.8,10.3,15.3,0.132
10.8,10.8,10.4,15.4,0.116
10.8,10.8,10.5,15.5,0.11
10.8,10.8,10.6,15.6,0.126
10.8,10.8,10.7,15.7,0.116
10.8,10.8,10.8,15.8,0.144
10.8,10.8,10.9,15.9,0.108
10.8,10.8,11.0,16.0,0.104
10.8,10.8,11.1,16.1,0.12
10.8,10.8,11.2,16.2,0.108
10.8,10.8,11.3,16.3,0.114
10.8,10.8,11.4,16.4,0.12
10.8,10.8,11.5,16.5,0.096
10.8,10.8,11.6,16.6,0.126
10.8,10.8,11.7,16.7,0.102
10.8,10.8,11.8,16.8,0.086
10.8,10.8,11.9,16.9,0.12
10.8,10.8,12.0,17.0,0.116
10.8,10.8,12.1,17.1,0.09
10.8,10.8,12.2,17.2,0.084
10.8,10.8,12.3,17.3,0.092
10.8,10.8,12.4,17.4,0.092
10.8,10.8,12.5,17.5,0.088
10.8,10.8,12.6,17.6,0.074
10.8,10.8,12.7,17.7,0.108
10.8,10.8,12.8,17.8,0.084
10.8,10.8,12.9,17.9,0.072
10.8,10.8,13.0,18.0,0.092
10.8,10.8,13.1,18.1,0.09
10.8,10.8,13.2,18.2,0.074
10.8,10.8,13.3,18.3,0.064
10.8,10.8,13.4,18.4,0.092
10.8,10.8,13.5,18.5,0.046
10.8,10.8,13.6,18.6,0.084
10.8,10.8,13.7,18.7,0.08
10.8,10.8,13.8,18.8,0.066
10.8,10.8,13.9,18.9,0.072
10.8,10.8,14.0,19.0,0.06
10.8,10.8,14.1,19.1,0.066
10.8,10.8,14.2,19.2,0.064
10.8,10.8,14.3,19.3,0.066
10.8,10.8,14.4,19.4,0.058
10.8,10.8,14.5,19.5,0.052
10.8,10.8,14.6,19.6,0.044
10.8,10.8,14.7,19.7,0.042
10.8,10.8,14.8,19.8,0.054
10.8,10.8,14.9,19.9,0.064
10.8,10.8,15.0,20.0,0.042
10.9,10.9,0.0,5.0,0.066
10.9,10.9,0.1,5.1,0.086
10.9,10.9,0.2,5.2,0.076
10.9,10.9,0.3,5.3,0.072
10.9,10.9,0.4,5.4,0.094
10.9,10.9,0.5,5.5,0.108
10.9,10.9,0.6,5.6,0.138
10.9,10.9,0.7,5.7,0.126
10.9,10.9,0.8,5.8,0.186
10.9,10.9,0.9,5.9,0.19
10.9,10.9,1.0,6.0,0.226
10.9,10.9,1.1,6.1,0.25
10.9,10.9,1.2,6.2,0.306
10.9,10.9,1.3,6.3,0.338
10.9,10.9,1.4,6.4,0.356
10.9,10.9,1.5,6.5,0.418
10.9,10.9,1.6,6.6,0.462
10.9,10.9,1.7,6.7,0.492
10.9,10.9,1.8,6.8,0.572
10.9,10.9,1.9,6.9,0.538
10.9,10.9,2.0,7.0,0.626
10.9,10.9,2.1,7.1,0.654
10.9,10.9,2.2,7.2,0.67
10.9,10.9,2.3,7.3,0.67
10.9,10.9,2.4,7.4,0.732
10.9,10.9,2.5,7.5,0.77
10.9,10.9,2.6,7.6,0.81
10.9,10.9,2.7,7.7,0.818
10.9,10.9,2.8,7.8,0.814
10.9,10.9,2.9,7.9,0.816
10.9,10.9,3.0,8.0,0.828
10.9,10.9,3.1,8.1,0.856
10.9,10.9,3.2,8.2,0.844
10.9,10.9,3.3,8.3,0.862
10.9,10.9,3.4,8.4,0.89
10.9,10.9,3.5,8.5,0.89
10.9,10.9,3.6,8.6,0.894
10.9,10.9,3.7,8.7,0.906
10.9,10.9,3.8,8.8,0.928
10.9,10.9,3.9,8.9,0.916
10.9,10.9,4.0,9.0,0.912
10.9,10.9,4.1,9.1,0.918
10.9,10.9,4.2,9.2,0.918
10.9,10.9,4.3,9.3,0.93
10.9,10.9,4.4,9.4,0.924
10.9,10.9,4.5,9.5,0.908
10.9,10.9,4.6,9.6,0.92
10.9,10.9,4.7,9.7,0.932
10.9,10.9,4.8,9.8,0.918
10.9,10.9,4.9,9.9,0.936
10.9,10.9,5.0,10.0,0.904
10.9,10.9,5.1,10.1,0.916
10.9,10.9,5.2,10.2,0.936
10.9,10.9,5.3,10.3,0.918
10.9,10.9,5.4,10.4,0.916
10.9,10.9,5.5,10.5,0.93
10.9,10.9,5.6,10.6,0.918
10.9,10.9,5.7,10.7,0.872
10.9,10.9,5.8,10.8,0.918
10.9,10.9,5.9,10.9,0.88
10.9,10.9,6.0,11.0,0.902
10.9,10.9,6.1,11.1,0.888
10.9,10.9,6.2,11.2,0.902
10.9,10.9,6.3,11.3,0.894
10.9,10.9,6.4,11.4,0.84
10.9,10.9,6.5,11.5,0.846
10.9,10.9,6.6,11.6,0.834
10.9,10.9,6.7,11.7,0.79
10.9,10.9,6.8,11.8,0.776
10.9,10.9,6.9,11.9,0.792
10.9,10.9,7.0,12.0,0.764
10.9,10.9,7.1,12.1,0.746
10.9,10.9,7.2,12.2,0.712
10.9,10.9,7.3,12.3,0.66
10.9,10.9,7.4,12.4,0.65
10.9,10.9,7.5,12.5,0.676
10.9,10.9,7.6,12.6,0.578
10.9,10.9,7.7,12.7,0.548
10.9,10.9,7.8,12.8,0.514
10.9,10.9,7.9,12.9,0.442
10.9,10.9,8.0,13.0,0.418
10.9,10.9,8.1,13.1,0.366
10.9,10.9,8.2,13.2,0.368
10.9,10.9,8.3,13.3,0.324
10.9,10.9,8.4,13.4,0.3
10.9,10.9,8.5,13.5,0.272
10.9,10.9,8.6,13.6,0.244
10.9,10.9,8.7,13.7,0.256
10.9,10.9,8.8,13.8,0.222
10.9,10.9,8.9,13.9,0.174
10.9,10.9,9.0,14.0,0.202
10.9,10.9,9.1,14.1,0.15
10.9,10.9,9.2,14.2,0.158
10.9,10.9,9.3,14.3,0.156
10.9,10.9,9.4,14.4,0.148
10.9,10.9,9.5,14.5,0.134
10.9,10.9,9.6,14.6,0.126
10.9,10.9,9.7,14.7,0.112
10.9,10.9,9.8,14.8,0.108
10.9,10.9,9.9,14.9,0.138
10.9,10.9,10.0,15.0,0.118
10.9,10.9,10.1,15.1,0.116
10.9,10.9,10.2,15.2,0.094
10.9,10.9,10.3,15.3,0.094
10.9,10.9,10.4,15.4,0.114
10.9,10.9,10.5,15.5,0.1
10.9,10.9,10.6,15.6,0.106
10.9,10.9,10.7,15.7,0.132
10.9,10.9,10.8,15.8,0.102
10.9,10.9,10.9,15.9,0.11
10.9,10.9,11.0,16.0,0.11
10.9,10.9,11.1,16.1,0.09
10.9,10.9,11.2,16.2,0.108
10.9,10.9,11.3,16.3,0.132
10.9,10.9,11.4,16.4,0.094
10.9,10.9,11.5,16.5,0.092
10.9,10.9,11.6,16.6,0.088
10.9,10.9,11.7,16.7,0.104
10.9,10.9,11.8,16.8,0.13
10.9,10.9,11.9,16.9,0.108
10.9,10.9,12.0,17.0,0.086
10.9,10.9,12.1,17.1,0.086
10.9,10.9,12.2,17.2,0.08
10.9,10.9,12.3,17.3,0.102
10.9,10.9,12.4,17.4,0.104
10.9,10.9,12.5,17.5,0.104
10.9,10.9,12.6,17.6,0.108
10.9,10.9,12.7,17.7,0.092
10.9,10.9,12.8,17.8,0.088
10.9,10.9,12.9,17.9,0.082
10.9,10.9,13.0,18.0,0.08
10.9,10.9,13.1,18.1,0.08
10.9,10.9,13.2,18.2,0.084
10.9,10.9,13.3,18.3,0.086
10.9,10.9,13.4,18.4,0.066
10.9,10.9,13.5,18.5,0.076
10.9,10.9,13.6,18.6,0.054
10.9,10.9,13.7,18.7,0.05
10.9,10.9,13.8,18.8,0.074
10.9,10.9,13.9,18.9,0.058
10.9,10.9,14.0,19.0,0.044
10.9,10.9,14.1,19.1,0.07
10.9,10.9,14.2,19.2,0.054
10.9,10.9,14.3,19.3,0.056
10.9,10.9,14.4,19.4,0.06
10.9,10.9,14.5,19.5,0.052
10.9,10.9,14.6,19.6,0.05
10.9,10.9,14.7,19.7,0.058
10.9,10.9,14.8,19.8,0.052
10.9,10.9,14.9,19.9,0.06
10.9,10.9,15.0,20.0,0.06
11.0,11.0,0.0,5.0,0.058
11.0,11.0,0.1,5.1,0.07
11.0,11.0,0.2,5.2,0.062
11.0,11.0,0.3,5.3,0.076
11.0,11.0,0.4,5.4,0.09
11.0,11.0,0.5,5.5,0.1
11.0,11.0,0.6,5.6,0.096
11.0,11.0,0.7,5.7,0.136
11.0,11.0,0.8,5.8,0.122
11.0,11.0,0.9,5.9,0.172
11.0,11.0,1.0,6.0,0.198
11.0,11.0,1.1,6.1,0.238
11.0,11.0,1.2,6.2,0.264
11.0,11.0,1.3,6.3,0.27
11.0,11.0,1.4,6.4,0.352
11.0,11.0,1.5,6.5,0.368
11.0,11.0,1.6,6.6,0.416
11.0,11.0,1.7,6.7,0.428
11.0,11.0,1.8,6.8,0.48
11.0,11.0,1.9,6.9,0.514
11.0,11.0,2.0,7.0,0.548
11.0,11.0,2.1,7.1,0.586
11.0,11.0,2.2,7.2,0.624
11.0,11.0,2.3,7.3,0.706
11.0,11.0,2.4,7.4,0.684
11.0,11.0,2.5,7.5,0.746
11.0,11.0,2.6,7.6,0.764
11.0,11.0,2.7,7.7,0.762
11.0,11.0,2.8,7.8,0.784
11.0,11.0,2.9,7.9,0.834
11.0,11.0,3.0,8.0,0.832
11.0,11.0,3.1,8.1,0.822
11.0,11.0,3.2,8.2,0.866
11.0,11.0,3.3,8.3,0.878
11.0,11.0,3.4,8.4,0.894
11.0,11.0,3.5,8.5,0.898
11.0,11.0,3.6,8.6,0.88
11.0,11.0,3.7,8.7,0.898
11.0,11.0,3.8,8.8,0.89
11.0,11.0,3.9,8.9,0.922
11.0,11.0,4.0,9.0,0.892
11.0,11.0,4.1,9.1,0.912
11.0,11.0,4.2,9.2,0.928
11.0,11.0,4.3,9.3,0.902
11.0,11.0,4.4,9.4,0.918
11.0,11.0,4.5,9.5,0.938
11.0,11.0,4.6,9.6,0.92
11.0,11.0,4.7,9.7,0.91
11.0,11.0,4.8,9.8,0.92
11.0,11.0,4.9,9.9,0.916
11.0,11.0,5.0,10.0,0.914
11.0,11.0,5.1,10.1,0.936
11.0,11.0,5.2,10.2,0.934
11.0,11.0,5.3,10.3,0.92
11.0,11.0,5.4,10.4,0.906
11.0,11.0,5.5,10.5,0.912
11.0,11.0,5.6,10.6,0.912
11.0,11.0,5.7,10.7,0.934
11.0,11.0,5.8,10.8,0.9
11.0,11.0,5.9,10.9,0.912
11.0,11.0,6.0,11.0,0.898
11.0,11.0,6.1,11.1,0.866
11.0,11.0,6.2,11.2,0.892
11.0,11.0,6.3,11.3,0.886
11.0,11.0,6.4,11.4,0.872
11.0,11.0,6.5,11.5,0.848
11.0,11.0,6.6,11.6,0.868
11.0,11.0,6.7,11.7,0.816
11.0,11.0,6.8,11.8,0.786
11.0,11.0,6.9,11.9,0.812
11.0,11.0,7.0,12.0,0.816
11.0,11.0,7.1,12.1,0.748
11.0,11.0,7.2,12.2,0.758
11.0,11.0,7.3,12.3,0.718
11.0,11.0,7.4,12.4,0.644
11.0,11.0,7.5,12.5,0.672
11.0,11.0,7.6,12.6,0.594
11.0,11.0,7.7,12.7,0.62
11.0,11.0,7.8,12.8,0.534
11.0,11.0,7.9,12.9,0.516
11.0,11.0,8.0,13.0,0.44
11.0,11.0,8.1,13.1,0.386
11.0,11.0,8.2,13.2,0.398
11.0,11.0,8.3,13.3,0.364
11.0,11.0,8.4,13.4,0.312
11.0,11.0,8.5,13.5,0.3
11.0,11.0,8.6,13.6,0.296
11.0,11.0,8.7,13.7,0.218
11.0,11.0,8.8,13.8,0.198
11.0,11.0,8.9,13.9,0.212
11.0,11.0,9.0,14.0,0.196
11.0,11.0,9.1,14.1,0.14
11.0,11.0,9.2,14.2,0.136
11.0,11.0,9.3,14.3,0.128
11.0,11.0,9.4,14.4,0.15
11.0,11.0,9.5,14.5,0.134
11.0,11.0,9.6,14.6,0.132
11.0,11.0,9.7,14.7,0.136
11.0,11.0,9.8,14.8,0.132
11.0,11.0,9.9,14.9,0.12
11.0,11.0,10.0,15.0,0.118
11.0,11.0,10.1,15.1,0.154
11.0,11.0,10.2,15.2,0.14
11.0,11.0,10.3,15.3,0.122
11.0,11.0,10.4,15.4,0.1
11.0,11.0,10.5,15.5,0.11
11.0,11.0,10.6,15.6,0.13
11.0,11.0,10.7,15.7,0.12
11.0,11.0,10.8,15.8,0.102
11.0,11.0,10.9,15.9,0.108
11.0,11.0,11.0,16.0,0.1
11.0,11.0,11.1,16.1,0.118
11.0,11.0,11.2,16.2,0.102
11.0,11.0,11.3,16.3,0.082
11.0,11.0,11.4,16.4,0.11
11.0,11.0,11.5,16.5,0.088
11.0,11.0,11.6,16.6,0.086
11.0,11.0,11.7,16.7,0.094
11.0,11.0,11.8,16.8,0.088
11.0,11.0,11.9,16.9,0.106
11.0,11.0,12.0,17.0,0.102
11.0,11.0,12.1,17.1,0.104
11.0,11.0,12.2,17.2,0.1
11.0,11.0,12.3,17.3,0.106
11.0,11.0,12.4,17.4,0.088
11.0,11.0,12.5,17.5,0.11
11.0,11.0,12.6,17.6,0.086
11.0,11.0,12.7,17.7,0.092
11.0,11.0,12.8,17.8,0.062
11.0,11.0,12.9,17.9,0.068
11.0,11.0,13.0,18.0,0.07
11.0,11.0,13.1,18.1,0.088
11.0,11.0,13.2,18.2,0.07
11.0,11.0,13.3,18.3,0.092
11.0,11.0,13.4,18.4,0.066
11.0,11.0,13.5,18.5,0.07
11.0,11.0,13.6,18.6,0.064
11.0,11.0,13.7,18.7,0.058
11.0,11.0,13.8,18.8,0.082
11.0,11.0,13.9,18.9,0.072
11.0,11.0,14.0,19.0,0.068
11.0,11.0,14.1,19.1,0.062
11.0,11.0,14.2,19.2,0.064
11.0,11.0,14.3,19.3,0.04
11.0,11.0,14.4,19.4,0.044
11.0,11.0,14.5,19.5,0.066
11.0,11.0,14.6,19.6,0.048
11.0,11.0,14.7,19.7,0.068
11.0,11.0,14.8,19.8,0.06
11.0,11.0,14.9,19.9,0.058
11.0,11.0,15.0,20.0,0.05
11.1,11.1,0.0,5.0,0.072
11.1,11.1,0.1,5.1,0.056
11.1,11.1,0.2,5.2,0.076
11.1,11.1,0.3,5.3,0.078
11.1,11.1,0.4,5.4,0.088
11.1,11.1,0.5,5.5,0.102
11.1,11.1,0.6,5.6,0.102
11.1,11.1,0.7,5.7,0.092
11.1,11.1,0.8,5.8,0.13
11.1,11.1,0.9,5.9,0.138
11.1,11.1,1.0,6.0,0.184
11.1,11.1,1.1,6.1,0.138
11.1,11.1,1.2,6.2,0.238
11.1,11.1,1.3,6.3,0.282
11.1,11.1,1.4,6.4,0.282
11.1,11.1,1.5,6.5,0.318
11.1,11.1,1.6,6.6,0.352
11.1,11.1,1.7,6.7,0.44
11.1,11.1,1.8,6.8,0.43
11.1,11.1,1.9,6.9,0.476
11.1,11.1,2.0,7.0,0.516
11.1,11.1,2.1,7.1,0.58
11.1,11.1,2.2,7.2,0.566
11.1,11.1,2.3,7.3,0.652
11.1,11.1,2.4,7.4,0.672
11.1,11.1,2.5,7.5,0.716
11.1,11.1,2.6,7.6,0.762
11.1,11.1,2.7,7.7,0.738
11.1,11.1,2.8,7.8,0.808
11.1,11.1,2.9,7.9,0.796
11.1,11.1,3.0,8.0,0.832
11.1,11.1,3.1,8.1,0.83
11.1,11.1,3.2,8.2,0.828
11.1,11.1,3.3,8.3,0.864
11.1,11.1,3.4,8.4,0.898
11.1,11.1,3.5,8.5,0.862
11.1,11.1,3.6,8.6,0.896
11.1,11.1,3.7,8.7,0.894
11.1,11.1,3.8,8.8,0.896
11.1,11.1,3.9,8.9,0.916
11.1,11.1,4.0,9.0,0.906
11.1,11.1,4.1,9.1,0.912
11.1,11.1,4.2,9.2,0.906
11.1,11.1,4.3,9.3,0.918
11.1,11.1,4.4,9.4,0.91
11.1,11.1,4.5,9.5,0.922
11.1,11.1,4.6,9.6,0.91
11.1,11.1,4.7,9.7,0.932
11.1,11.1,4.8,9.8,0.926
11.1,11.1,4.9,9.9,0.92
11.1,11.1,5.0,10.0,0.924
11.1,11.1,5.1,10.1,0.924
11.1,11.1,5.2,10.2,0.926
11.1,11.1,5.3,10.3,0.95
11.1,11.1,5.4,10.4,0.894
11.1,11.1,5.5,10.5,0.912
11.1,11.1,5.6,10.6,0.92
11.1,11.1,5.7,10.7,0.906
11.1,11.1,5.8,10.8,0.9
11.1,11.1,5.9,10.9,0.898
11.1,11.1,6.0,11.0,0.886
11.1,11.1,6.1,11.1,0.902
11.1,11.1,6.2,11.2,0.888
11.1,11.1,6.3,11.3,0.89
11.1,11.1,6.4,11.4,0.872
11.1,11.1,6.5,11.5,0.85
11.1,11.1,6.6,11.6,0.864
11.1,11.1,6.7,11.7,0.866
11.1,11.1,6.8,11.8,0.846
11.1,11.1,6.9,11.9,0.838
11.1,11.1,7.0,12.0,0.8
11.1,11.1,7.1,12.1,0.806
11.1,11.1,7.2,12.2,0.772
11.1,11.1,7.3,12.3,0.768
11.1,11.1,7.4,12.4,0.728
11.1,11.1,7.5,12.5,0.666
11.1,11.1,7.6,12.6,0.672
11.1,11.1,7.7,12.7,0.634
11.1,11.1,7.8,12.8,0.56
11.1,11.1,7.9,12.9,0.524
11.1,11.1,8.0,13.0,0.482
11.1,11.1,8.1,13.1,0.45
11.1,11.1,8.2,13.2,0.468
11.1,11.1,8.3,13.3,0.432
11.1,11.1,8.4,13.4,0.364
11.1,11.1,8.5,13.5,0.344
11.1,11.1,8.6,13.6,0.314
11.1,11.1,8.7,13.7,0.288
11.1,11.1,8.8,13.8,0.282
11.1,11.1,8.9,13.9,0.268
11.1,11.1,9.0,14.0,0.228
11.1,11.1,9.1,14.1,0.184
11.1,11.1,9.2,14.2,0.186
11.1,11.1,9.3,14.3,0.22
11.1,11.1,9.4,14.4,0.16
11.1,11.1,9.5,14.5,0.158
11.1,11.1,9.6,14.6,0.114
11.1,11.1,9.7,14.7,0.138
11.1,11.1,9.8,14.8,0.114
11.1,11.1,9.9,14.9,0.136
11.1,11.1,10.0,15.0,0.15
11.1,11.1,10.1,15.1,0.128
11.1,11.1,10.2,15.2,0.12
11.1,11.1,10.3,15.3,0.124
11.1,11.1,10.4,15.4,0.1
11.1,11.1,10.5,15.5,0.13
11.1,11.1,10.6,15.6,0.136
11.1,11.1,10.7,15.7,0.118
11.1,11.1,10.8,15.8,0.128
11.1,11.1,10.9,15.9,0.082
11.1,11.1,11.0,16.0,0.082
11.1,11.1,11.1,16.1,0.144
11.1,11.1,11.2,16.2,0.088
11.1,11.1,11.3,16.3,0.152
11.1,11.1,11.4,16.4,0.11
11.1,11.1,11.5,16.5,0.112
11.1,11.1,11.6,16.6,0.12
11.1,11.1,11.7,16.7,0.112
11.1,11.1,11.8,16.8,0.104
11.1,11.1,11.9,16.9,0.108
11.1,11.1,12.0,17.0,0.106
11.1,11.1,12.1,17.1,0.09
11.1,11.1,12.2,17.2,0.104
11.1,11.1,12.3,17.3,0.092
11.1,11.1,12.4,17.4,0.088
11.1,11.1,12.5,17.5,0.082
11.1,11.1,12.6,17.6,0.106
11.1,11.1,12.7,17.7,0.094
11.1,11.1,12.8,17.8,0.108
11.1,11.1,12.9,17.9,0.092
11.1,11.1,13.0,18.0,0.074
11.1,11.1,13.1,18.1,0.106
11.1,11.1,13.2,18.2,0.1
11.1,11.1,13.3,18.3,0.086
11.1,11.1,13.4,18.4,0.074
11.1,11.1,13.5,18.5,0.09
11.1,11.1,13.6,18.6,0.088
11.1,11.1,13.7,18.7,0.086
11.1,11.1,13.8,18.8,0.072
11.1,11.1,13.9,18.9,0.062
11.1,11.1,14.0,19.0,0.076
11.1,11.1,14.1,19.1,0.066
11.1,11.1,14.2,19.2,0.064
11.1,11.1,14.3,19.3,0.038
11.1,11.1,14.4,19.4,0.048
11.1,11.1,14.5,19.5,0.058
11.1,11.1,14.6,19.6,0.05
11.1,11.1,14.7,19.7,0.048
11.1,11.1,14.8,19.8,0.048
11.1,11.1,14.9,19.9,0.05
11.1,11.1,15.0,20.0,0.064
11.2,11.2,0.0,5.0,0.036
11.2,11.2,0.1,5.1,0.068
11.2,11.2,0.2,5.2,0.072
11.2,11.2,0.3,5.3,0.078
11.2,11.2,0.4,5.4,0.078
11.2,11.2,0.5,5.5,0.072
11.2,11.2,0.6,5.6,0.082
11.2,11.2,0.7,5.7,0.122
11.2,11.2,0.8,5.8,0.114
11.2,11.2,0.9,5.9,0.1
11.2,11.2,1.0,6.0,0.186
11.2,11.2,1.1,6.1,0.158
11.2,11.2,1.2,6.2,0.18
11.2,11.2,1.3,6.3,0.258
11.2,11.2,1.4,6.4,0.234
11.2,11.2,1.5,6.5,0.308
11.2,11.2,1.6,6.6,0.334
11.2,11.2,1.7,6.7,0.388
11.2,11.2,1.8,6.8,0.422
11.2,11.2,1.9,6.9,0.466
11.2,11.2,2.0,7.0,0.504
11.2,11.2,2.1,7.1,0.518
11.2,11.2,2.2,7.2,0.566
11.2,11.2,2.3,7.3,0.608
11.2,11.2,2.4,7.4,0.652
11.2,11.2,2.5,7.5,0.692
11.2,11.2,2.6,7.6,0.73
11.2,11.2,2.7,7.7,0.754
11.2,11.2,2.8,7.8,0.77
11.2,11.2,2.9,7.9,0.78
11.2,11.2,3.0,8.0,0.776
11.2,11.2,3.1,8.1,0.814
11.2,11.2,3.2,8.2,0.846
11.2,11.2,3.3,8.3,0.878
11.2,11.2,3.4,8.4,0.85
11.2,11.2,3.5,8.5,0.878
11.2,11.2,3.6,8.6,0.89
11.2,11.2,3.7,8.7,0.87
11.2,11.2,3.8,8.8,0.88
11.2,11.2,3.9,8.9,0.912
11.2,11.2,4.0,9.0,0.892
11.2,11.2,4.1,9.1,0.87
11.2,11.2,4.2,9.2,0.914
11.2,11.2,4.3,9.3,0.89
11.2,11.2,4.4,9.4,0.938
11.2,11.2,4.5,9.5,0.928
11.2,11.2,4.6,9.6,0.916
11.2,11.2,4.7,9.7,0.912
11.2,11.2,4.8,9.8,0.904
11.2,11.2,4.9,9.9,0.922
11.2,11.2,5.0,10.0,0.926
11.2,11.2,5.1,10.1,0.94
11.2,11.2,5.2,10.2,0.918
11.2,11.2,5.3,10.3,0.91
11.2,11.2,5.4,10.4,0.916
11.2,11.2,5.5,10.5,0.92
11.2,11.2,5.6,10.6,0.886
11.2,11.2,5.7,10.7,0.898
11.2,11.2,5.8,10.8,0.916
11.2,11.2,5.9,10.9,0.898
11.2,11.2,6.0,11.0,0.92
11.2,11.2,6.1,11.1,0.912
11.2,11.2,6.2,11.2,0.92
11.2,11.2,6.3,11.3,0.906
11.2,11.2,6.4,11.4,0.902
11.2,11.2,6.5,11.5,0.88
11.2,11.2,6.6,11.6,0.872
11.2,11.2,6.7,11.7,0.85
11.2,11.2,6.8,11.8,0.88
11.2,11.2,6.9,11.9,0.85
11.2,11.2,7.0,12.0,0.802
11.2,11.2,7.1,12.1,0.818
11.2,11.2,7.2,12.2,0.804
11.2,11.2,7.3,12.3,0.744
11.2,11.2,7.4,12.4,0.734
11.2,11.2,7.5,12.5,0.732
11.2,11.2,7.6,12.6,0.678
11.2,11.2,7.7,12.7,0.664
11.2,11.2,7.8,12.8,0.622
11.2,11.2,7.9,12.9,0.584
11.2,11.2,8.0,13.0,0.572
11.2,11.2,8.1,13.1,0.502
11.2,11.2,8.2,13.2,0.464
11.2,11.2,8.3,13.3,0.382
11.2,11.2,8.4,13.4,0.41
11.2,11.2,8.5,13.5,0.352
11.2,11.2,8.6,13.6,0.334
11.2,11.2,8.7,13.7,0.302
11.2,11.2,8.8,13.8,0.232
11.2,11.2,8.9,13.9,0.272
11.2,11.2,9.0,14.0,0.202
11.2,11.2,9.1,14.1,0.212
11.2,11.2,9.2,14.2,0.178
11.2,11.2,9.3,14.3,0.2
11.2,11.2,9.4,14.4,0.172
11.2,11.2,9.5,14.5,0.178
11.2,11.2,9.6,14.6,0.158
11.2,11.2,9.7,14.7,0.118
11.2,11.2,9.8,14.8,0.154
11.2,11.2,9.9,14.9,0.112
11.2,11.2,10.0,15.0,0.144
11.2,11.2,10.1,15.1,0.176
11.2,11.2,10.2,15.2,0.124
11.2,11.2,10.3,15.3,0.138
11.2,11.2,10.4,15.4,0.096
11.2,11.2,10.5,15.5,0.102
11.2,11.2,10.6,15.6,0.114
11.2,11.2,10.7,15.7,0.116
11.2,11.2,10.8,15.8,0.074
11.2,11.2,10.9,15.9,0.106
11.2,11.2,11.0,16.0,0.106
11.2,11.2,11.1,16.1,0.124
11.2,11.2,11.2,16.2,0.118
11.2,11.2,11.3,16.3,0.098
11.2,11.2,11.4,16.4,0.098
11.2,11.2,11.5,16.5,0.084
11.2,11.2,11.6,16.6,0.102
11.2,11.2,11.7,16.7,0.108
11.2,11.2,11.8,16.8,0.094
11.2,11.2,11.9,16.9,0.12
11.2,11.2,12.0,17.0,0.106
11.2,11.2,12.1,17.1,0.112
11.2,11.2,12.2,17.2,0.088
11.2,11.2,12.3,17.3,0.094
11.2,11.2,12.4,17.4,0.09
11.2,11.2,12.5,17.5,0.102
11.2,11.2,12.6,17.6,0.094
11.2,11.2,12.7,17.7,0.104
11.2,11.2,12.8,17.8,0.088
11.2,11.2,12.9,17.9,0.082
11.2,11.2,13.0,18.0,0.098
11.2,11.2,13.1,18.1,0.096
11.2,11.2,13.2,18.2,0.09
11.2,11.2,13.3,18.3,0.086
11.2,11.2,13.4,18.4,0.076
11.2,11.2,13.5,18.5,0.048
11.2,11.2,13.6,18.6,0.078
11.2,11.2,13.7,18.7,0.056
11.2,11.2,13.8,18.8,0.07
11.2,11.2,13.9,18.9,0.08
11.2,11.2,14.0,19.0,0.08
11.2,11.2,14.1,19.1,0.08
11.2,11.2,14.2,19.2,0.064
11.2,11.2,14.3,19.3,0.062
11.2,11.2,14.4,19.4,0.05
11.2,11.2,14.5,19.5,0.032
11.2,11.2,14.6,19.6,0.06
11.2,11.2,14.7,19.7,0.05
11.2,11.2,14.8,19.8,0.052
11.2,11.2,14.9,19.9,0.08
11.2,11.2,15.0,20.0,0.066
11.3,11.3,0.0,5.0,0.058
11.3,11.3,0.1,5.1,0.052
11.3,11.3,0.2,5.2,0.078
11.3,11.3,0.3,5.3,0.07
11.3,11.3,0.4,5.4,0.05
11.3,11.3,0.5,5.5,0.06
11.3,11.3,0.6,5.6,0.066
11.3,11.3,0.7,5.7,0.104
11.3,11.3,0.8,5.8,0.114
11.3,11.3,0.9,5.9,0.096
11.3,11.3,1.0,6.0,0.13
11.3,11.3,1.1,6.1,0.144
11.3,11.3,1.2,6.2,0.146
11.3,11.3,1.3,6.3,0.164
11.3,11.3,1.4,6.4,0.23
11.3,11.3,1.5,6.5,0.25
11.3,11.3,1.6,6.6,0.272
11.3,11.3,1.7,6.7,0.332
11.3,11.3,1.8,6.8,0.354
11.3,11.3,1.9,6.9,0.462
11.3,11.3,2.0,7.0,0.444
11.3,11.3,2.1,7.1,0.506
11.3,11.3,2.2,7.2,0.56
11.3,11.3,2.3,7.3,0.542
11.3,11.3,2.4,7.4,0.598
11.3,11.3,2.5,7.5,0.594
11.3,11.3,2.6,7.6,0.7
11.3,11.3,2.7,7.7,0.712
11.3,11.3,2.8,7.8,0.74
11.3,11.3,2.9,7.9,0.754
11.3,11.3,3.0,8.0,0.786
11.3,11.3,3.1,8.1,0.802
11.3,11.3,3.2,8.2,0.81
11.3,11.3,3.3,8.3,0.85
11.3,11.3,3.4,8.4,0.868
11.3,11.3,3.5,8.5,0.87
11.3,11.3,3.6,8.6,0.864
11.3,11.3,3.7,8.7,0.872
11.3,11.3,3.8,8.8,0.918
11.3,11.3,3.9,8.9,0.9
11.3,11.3,4.0,9.0,0.898
11.3,11.3,4.1,9.1,0.872
11.3,11.3,4.2,9.2,0.926
11.3,11.3,4.3,9.3,0.904
11.3,11.3,4.4,9.4,0.894
11.3,11.3,4.5,9.5,0.92
11.3,11.3,4.6,9.6,0.91
11.3,11.3,4.7,9.7,0.942
11.3,11.3,4.8,9.8,0.924
11.3,11.3,4.9,9.9,0.928
11.3,11.3,5.0,10.0,0.928
11.3,11.3,5.1,10.1,0.946
11.3,11.3,5.2,10.2,0.926
11.3,11.3,5.3,10.3,0.888
11.3,11.3,5.4,10.4,0.924
11.3,11.3,5.5,10.5,0.92
11.3,11.3,5.6,10.6,0.928
11.3,11.3,5.7,10.7,0.934
11.3,11.3,5.8,10.8,0.92
11.3,11.3,5.9,10.9,0.904
11.3,11.3,6.0,11.0,0.898
11.3,11.3,6.1,11.1,0.93
11.3,11.3,6.2,11.2,0.908
11.3,11.3,6.3,11.3,0.892
11.3,11.3,6.4,11.4,0.882
11.3,11.3,6.5,11.5,0.854
11.3,11.3,6.6,11.6,0.87
11.3,11.3,6.7,11.7,0.868
11.3,11.3,6.8,11.8,0.87
11.3,11.3,6.9,11.9,0.844
11.3,11.3,7.0,12.0,0.83
11.3,11.3,7.1,12.1,0.82
11.3,11.3,7.2,12.2,0.794
11.3,11.3,7.3,12.3,0.768
11.3,11.3,7.4,12.4,0.756
11.3,11.3,7.5,12.5,0.718
11.3,11.3,7.6,12.6,0.69
11.3,11.3,7.7,12.7,0.676
11.3,11.3,7.8,12.8,0.658
11.3,11.3,7.9,12.9,0.608
11.3,11.3,8.0,13.0,0.582
11.3,11.3,8.1,13.1,0.572
11.3,11.3,8.2,13.2,0.504
11.3,11.3,8.3,13.3,0.492
11.3,11.3,8.4,13.4,0.426
11.3,11.3,8.5,13.5,0.382
11.3,11.3,8.6,13.6,0.386
11.3,11.3,8.7,13.7,0.324
11.3,11.3,8.8,13.8,0.288
11.3,11.3,8.9,13.9,0.258
11.3,11.3,9.0,14.0,0.244
11.3,11.3,9.1,14.1,0.212
11.3,11.3,9.2,14.2,0.214
11.3,11.3,9.3,14.3,0.176
11.3,11.3,9.4,14.4,0.19
11.3,11.3,9.5,14.5,0.176
11.3,11.3,9.6,14.6,0.158
11.3,11.3,9.7,14.7,0.18
11.3,11.3,9.8,14.8,0.148
11.3,11.3,9.9,14.9,0.164
11.3,11.3,10.0,15.0,0.11
11.3,11.3,10.1,15.1,0.122
11.3,11.3,10.2,15.2,0.136
11.3,11.3,10.3,15.3,0.108
11.3,11.3,10.4,15.4,0.118
11.3,11.3,10.5,15.5,0.128
11.3,11.3,10.6,15.6,0.108
11.3,11.3,10.7,15.7,0.094
11.3,11.3,10.8,15.8,0.134
11.3,11.3,10.9,15.9,0.11
11.3,11.3,11.0,16.0,0.108
11.3,11.3,11.1,16.1,0.114
11.3,11.3,11.2,16.2,0.108
11.3,11.3,11.3,16.3,0.092
11.3,11.3,11.4,16.4,0.118
11.3,11.3,11.5,16.5,0.084
11.3,11.3,11.6,16.6,0.1
11.3,11.3,11.7,16.7,0.09
11.3,11.3,11.8,16.8,0.112
11.3,11.3,11.9,16.9,0.094
11.3,11.3,12.0,17.0,0.092
11.3,11.3,12.1,17.1,0.104
11.3,11.3,12.2,17.2,0.13
11.3,11.3,12.3,17.3,0.118
11.3,11.3,12.4,17.4,0.122
11.3,11.3,12.5,17.5,0.09
11.3,11.3,12.6,17.6,0.096
11.3,11.3,12.7,17.7,0.096
11.3,11.3,12.8,17.8,0.086
11.3,11.3,12.9,17.9,0.1
11.3,11.3,13.0,18.0,0.094
11.3,11.3,13.1,18.1,0.088
11.3,11.3,13.2,18.2,0.096
11.3,11.3,13.3,18.3,0.066
11.3,11.3,13.4,18.4,0.066
11.3,11.3,13.5,18.5,0.064
11.3,11.3,13.6,18.6,0.07
11.3,11.3,13.7,18.7,0.074
11.3,11.3,13.8,18.8,0.076
11.3,11.3,13.9,18.9,0.076
11.3,11.3,14.0,19.0,0.088
11.3,11.3,14.1,19.1,0.048
11.3,11.3,14.2,19.2,0.072
11.3,11.3,14.3,19.3,0.066
11.3,11.3,14.4,19.4,0.066
11.3,11.3,14.5,19.5,0.076
11.3,11.3,14.6,19.6,0.056
11.3,11.3,14.7,19.7,0.056
11.3,11.3,14.8,19.8,0.056
11.3,11.3,14.9,19.9,0.066
11.3,11.3,15.0,20.0,0.042
11.4,11.4,0.0,5.0,0.074
11.4,11.4,0.1,5.1,0.062
11.4,11.4,0.2,5.2,0.048
11.4,11.4,0.3,5.3,0.07
11.4,11.4,0.4,5.4,0.082
11.4,11.4,0.5,5.5,0.07
11.4,11.4,0.6,5.6,0.076
11.4,11.4,0.7,5.7,0.078
11.4,11.4,0.8,5.8,0.076
11.4,11.4,0.9,5.9,0.128
11.4,11.4,1.0,6.0,0.116
11.4,11.4,1.1,6.1,0.116
11.4,11.4,1.2,6.2,0.144
11.4,11.4,1.3,6.3,0.174
11.4,11.4,1.4,6.4,0.158
11.4,11.4,1.5,6.5,0.188
11.4,11.4,1.6,6.6,0.266
11.4,11.4,1.7,6.7,0.252
11.4,11.4,1.8,6.8,0.326
11.4,11.4,1.9,6.9,0.376
11.4,11.4,2.0,7.0,0.424
11.4,11.4,2.1,7.1,0.444
11.4,11.4,2.2,7.2,0.476
11.4,11.4,2.3,7.3,0.558
11.4,11.4,2.4,7.4,0.606
11.4,11.4,2.5,7.5,0.584
11.4,11.4,2.6,7.6,0.66
11.4,11.4,2.7,7.7,0.678
11.4,11.4,2.8,7.8,0.71
11.4,11.4,2.9,7.9,0.742
11.4,11.4,3.0,8.0,0.766
11.4,11.4,3.1,8.1,0.806
11.4,11.4,3.2,8.2,0.812
11.4,11.4,3.3,8.3,0.78
11.4,11.4,3.4,8.4,0.836
11.4,11.4,3.5,8.5,0.844
11.4,11.4,3.6,8.6,0.816
11.4,11.4,3.7,8.7,0.858
11.4,11.4,3.8,8.8,0.872
11.4,11.4,3.9,8.9,0.88
11.4,11.4,4.0,9.0,0.906
11.4,11.4,4.1,9.1,0.9
11.4,11.4,4.2,9.2,0.894
11.4,11.4,4.3,9.3,0.896
11.4,11.4,4.4,9.4,0.902
11.4,11.4,4.5,9.5,0.918
11.4,11.4,4.6,9.6,0.914
11.4,11.4,4.7,9.7,0.908
11.4,11.4,4.8,9.8,0.926
11.4,11.4,4.9,9.9,0.932
11.4,11.4,5.0,10.0,0.916
11.4,11.4,5.1,10.1,0.918
11.4,11.4,5.2,10.2,0.944
11.4,11.4,5.3,10.3,0.926
11.4,11.4,5.4,10.4,0.908
11.4,11.4,5.5,10.5,0.92
11.4,11.4,5.6,10.6,0.924
11.4,11.4,5.7,10.7,0.928
11.4,11.4,5.8,10.8,0.934
11.4,11.4,5.9,10.9,0.91
11.4,11.4,6.0,11.0,0.922
11.4,11.4,6.1,11.1,0.886
11.4,11.4,6.2,11.2,0.91
11.4,11.4,6.3,11.3,0.88
11.4,11.4,6.4,11.4,0.888
11.4,11.4,6.5,11.5,0.908
11.4,11.4,6.6,11.6,0.886
11.4,11.4,6.7,11.7,0.884
11.4,11.4,6.8,11.8,0.876
11.4,11.4,6.9,11.9,0.858
11.4,11.4,7.0,12.0,0.838
11.4,11.4,7.1,12.1,0.836
11.4,11.4,7.2,12.2,0.814
11.4,11.4,7.3,12.3,0.794
11.4,11.4,7.4,12.4,0.776
11.4,11.4,7.5,12.5,0.766
11.4,11.4,7.6,12.6,0.72
11.4,11.4,7.7,12.7,0.722
11.4,11.4,7.8,12.8,0.686
11.4,11.4,7.9,12.9,0.636
11.4,11.4,8.0,13.0,0.638
11.4,11.4,8.1,13.1,0.59
11.4,11.4,8.2,13.2,0.558
11.4,11.4,8.3,13.3,0.482
11.4,11.4,8.4,13.4,0.442
11.4,11.4,8.5,13.5,0.374
11.4,11.4,8.6,13.6,0.39
11.4,11.4,8.7,13.7,0.324
11.4,11.4,8.8,13.8,0.296
11.4,11.4,8.9,13.9,0.296
11.4,11.4,9.0,14.0,0.286
11.4,11.4,9.1,14.1,0.272
11.4,11.4,9.2,14.2,0.214
11.4,11.4,9.3,14.3,0.222
11.4,11.4,9.4,14.4,0.214
11.4,11.4,9.5,14.5,0.172
11.4,11.4,9.6,14.6,0.17
11.4,11.4,9.7,14.7,0.152
11.4,11.4,9.8,14.8,0.118
11.4,11.4,9.9,14.9,0.182
11.4,11.4,10.0,15.0,0.162
11.4,11.4,10.1,15.1,0.118
11.4,11.4,10.2,15.2,0.14
11.4,11.4,10.3,15.3,0.124
11.4,11.4,10.4,15.4,0.112
11.4,11.4,10.5,15.5,0.11
11.4,11.4,10.6,15.6,0.114
11.4,11.4,10.7,15.7,0.094
11.4,11.4,10.8,15.8,0.112
11.4,11.4,10.9,15.9,0.084
11.4,11.4,11.0,16.0,0.11
11.4,11.4,11.1,16.1,0.116
11.4,11.4,11.2,16.2,0.1
11.4,11.4,11.3,16.3,0.084
11.4,11.4,11.4,16.4,0.108
11.4,11.4,11.5,16.5,0.082
11.4,11.4,11.6,16.6,0.114
11.4,11.4,11.7,16.7,0.106
11.4,11.4,11.8,16.8,0.09
11.4,11.4,11.9,16.9,0.112
11.4,11.4,12.0,17.0,0.106
11.4,11.4,12.1,17.1,0.092
11.4,11.4,12.2,17.2,0.108
11.4,11.4,12.3,17.3,0.074
11.4,11.4,12.4,17.4,0.072
11.4,11.4,12.5,17.5,0.092
11.4,11.4,12.6,17.6,0.104
11.4,11.4,12.7,17.7,0.092
11.4,11.4,12.8,17.8,0.09
11.4,11.4,12.9,17.9,0.094
11.4,11.4,13.0,18.0,0.094
11.4,11.4,13.1,18.1,0.094
11.4,11.4,13.2,18.2,0.056
11.4,11.4,13.3,18.3,0.068
11.4,11.4,13.4,18.4,0.078
11.4,11.4,13.5,18.5,0.104
11.4,11.4,13.6,18.6,0.088
11.4,11.4,13.7,18.7,0.09
11.4,11.4,13.8,18.8,0.086
11.4,11.4,13.9,18.9,0.064
11.4,11.4,14.0,19.0,0.082
11.4,11.4,14.1,19.1,0.062
11.4,11.4,14.2,19.2,0.07
11.4,11.4,14.3,19.3,0.054
11.4,11.4,14.4,19.4,0.05
11.4,11.4,14.5,19.5,0.072
11.4,11.4,14.6,19.6,0.058
11.4,11.4,14.7,19.7,0.056
11.4,11.4,14.8,19.8,0.072
11.4,11.4,14.9,19.9,0.056
11.4,11.4,15.0,20.0,0.044
11.5,11.5,0.0,5.0,0.054
11.5,11.5,0.1,5.1,0.06
11.5,11.5,0.2,5.2,0.07
11.5,11.5,0.3,5.3,0.062
11.5,11.5,0.4,5.4,0.046
11.5,11.5,0.5,5.5,0.066
11.5,11.5,0.6,5.6,0.072
11.5,11.5,0.7,5.7,0.084
11.5,11.5,0.8,5.8,0.086
11.5,11.5,0.9,5.9,0.086
11.5,11.5,1.0,6.0,0.112
11.5,11.5,1.1,6.1,0.11
11.5,11.5,1.2,6.2,0.122
11.5,11.5,1.3,6.3,0.144
11.5,11.5,1.4,6.4,0.132
11.5,11.5,1.5,6.5,0.182
11.5,11.5,1.6,6.6,0.23
11.5,11.5,1.7,6.7,0.288
11.5,11.5,1.8,6.8,0.266
11.5,11.5,1.9,6.9,0.308
11.5,11.5,2.0,7.0,0.37
11.5,11.5,2.1,7.1,0.406
11.5,11.5,2.2,7.2,0.444
11.5,11.5,2.3,7.3,0.498
11.5,11.5,2.4,7.4,0.534
11.5,11.5,2.5,7.5,0.562
11.5,11.5,2.6,7.6,0.604
11.5,11.5,2.7,7.7,0.644
11.5,11.5,2.8,7.8,0.694
11.5,11.5,2.9,7.9,0.726
11.5,11.5,3.0,8.0,0.742
11.5,11.5,3.1,8.1,0.758
11.5,11.5,3.2,8.2,0.772
11.5,11.5,3.3,8.3,0.796
11.5,11.5,3.4,8.4,0.792
11.5,11.5,3.5,8.5,0.834
11.5,11.5,3.6,8.6,0.832
11.5,11.5,3.7,8.7,0.86
11.5,11.5,3.8,8.8,0.868
11.5,11.5,3.9,8.9,0.884
11.5,11.5,4.0,9.0,0.874
11.5,11.5,4.1,9.1,0.888
11.5,11.5,4.2,9.2,0.876
11.5,11.5,4.3,9.3,0.902
11.5,11.5,4.4,9.4,0.908
11.5,11.5,4.5,9.5,0.908
11.5,11.5,4.6,9.6,0.924
11.5,11.5,4.7,9.7,0.91
11.5,11.5,4.8,9.8,0.936
11.5,11.5,4.9,9.9,0.928
11.5,11.5,5.0,10.0,0.93
11.5,11.5,5.1,10.1,0.932
11.5,11.5,5.2,10.2,0.91
11.5,11.5,5.3,10.3,0.924
11.5,11.5,5.4,10.4,0.93
11.5,11.5,5.5,10.5,0.908
11.5,11.5,5.6,10.6,0.93
11.5,11.5,5.7,10.7,0.914
11.5,11.5,5.8,10.8,0.926
11.5,11.5,5.9,10.9,0.924
11.5,11.5,6.0,11.0,0.914
11.5,11.5,6.1,11.1,0.914
11.5,11.5,6.2,11.2,0.908
11.5,11.5,6.3,11.3,0.9
11.5,11.5,6.4,11.4,0.918
11.5,11.5,6.5,11.5,0.896
11.5,11.5,6.6,11.6,0.908
11.5,11.5,6.7,11.7,0.89
11.5,11.5,6.8,11.8,0.874
11.5,11.5,6.9,11.9,0.868
11.5,11.5,7.0,12.0,0.848
11.5,11.5,7.1,12.1,0.848
11.5,11.5,7.2,12.2,0.854
11.5,11.5,7.3,12.3,0.838
11.5,11.5,7.4,12.4,0.846
11.5,11.5,7.5,12.5,0.79
11.5,11.5,7.6,12.6,0.792
11.5,11.5,7.7,12.7,0.738
11.5,11.5,7.8,12.8,0.698
11.5,11.5,7.9,12.9,0.684
11.5,11.5,8.0,13.0,0.682
11.5,11.5,8.1,13.1,0.61
11.5,11.5,8.2,13.2,0.568
11.5,11.5,8.3,13.3,0.536
11.5,11.5,8.4,13.4,0.5
11.5,11.5,8.5,13.5,0.512
11.5,11.5,8.6,13.6,0.42
11.5,11.5,8.7,13.7,0.416
11.5,11.5,8.8,13.8,0.324
11.5,11.5,8.9,13.9,0.282
11.5,11.5,9.0,14.0,0.3
11.5,11.5,9.1,14.1,0.246
11.5,11.5,9.2,14.2,0.242
11.5,11.5,9.3,14.3,0.178
11.5,11.5,9.4,14.4,0.228
11.5,11.5,9.5,14.5,0.218
11.5,11.5,9.6,14.6,0.192
11.5,11.5,9.7,14.7,0.158
11.5,11.5,9.8,14.8,0.142
11.5,11.5,9.9,14.9,0.18
11.5,11.5,10.0,15.0,0.144
11.5,11.5,10.1,15.1,0.17
11.5,11.5,10.2,15.2,0.158
11.5,11.5,10.3,15.3,0.122
11.5,11.5,10.4,15.4,0.106
11.5,11.5,10.5,15.5,0.116
11.5,11.5,10.6,15.6,0.122
11.5,11.5,10.7,15.7,0.118
11.5,11.5,10.8,15.8,0.096
11.5,11.5,10.9,15.9,0.116
11.5,11.5,11.0,16.0,0.13
11.5,11.5,11.1,16.1,0.116
11.5,11.5,11.2,16.2,0.092
11.5,11.5,11.3,16.3,0.088
11.5,11.5,11.4,16.4,0.116
11.5,11.5,11.5,16.5,0.1
11.5,11.5,11.6,16.6,0.11
11.5,11.5,11.7,16.7,0.116
11.5,11.5,11.8,16.8,0.1
11.5,11.5,11.9,16.9,0.134
11.5,11.5,12.0,17.0,0.112
11.5,11.5,12.1,17.1,0.108
11.5,11.5,12.2,17.2,0.076
11.5,11.5,12.3,17.3,0.092
11.5,11.5,12.4,17.4,0.106
11.5,11.5,12.5,17.5,0.104
11.5,11.5,12.6,17.6,0.11
11.5,11.5,12.7,17.7,0.11
11.5,11.5,12.8,17.8,0.084
11.5,11.5,12.9,17.9,0.076
11.5,11.5,13.0,18.0,0.094
11.5,11.5,13.1,18.1,0.09
11.5,11.5,13.2,18.2,0.076
11.5,11.5,13.3,18.3,0.078
11.5,11.5,13.4,18.4,0.074
11.5,11.5,13.5,18.5,0.112
11.5,11.5,13.6,18.6,0.088
11.5,11.5,13.7,18.7,0.086
11.5,11.5,13.8,18.8,0.076
11.5,11.5,13.9,18.9,0.09
11.5,11.5,14.0,19.0,0.058
11.5,11.5,14.1,19.1,0.058
11.5,11.5,14.2,19.2,0.062
11.5,11.5,14.3,19.3,0.068
11.5,11.5,14.4,19.4,0.068
11.5,11.5,14.5,19.5,0.076
11.5,11.5,14.6,19.6,0.06
11.5,11.5,14.7,19.7,0.06
11.5,11.5,14.8,19.8,0.052
11.5,11.5,14.9,19.9,0.06
11.5,11.5,15.0,20.0,0.058
11.6,11.6,0.0,5.0,0.058
11.6,11.6,0.1,5.1,0.046
11.6,11.6,0.2,5.2,0.064
11.6,11.6,0.3,5.3,0.054
11.6,11.6,0.4,5.4,0.066
11.6,11.6,0.5,5.5,0.074
11.6,11.6,0.6,5.6,0.068
11.6,11.6,0.7,5.7,0.066
11.6,11.6,0.8,5.8,0.05
11.6,11.6,0.9,5.9,0.082
11.6,11.6,1.0,6.0,0.1
11.6,11.6,1.1,6.1,0.086
11.6,11.6,1.2,6.2,0.134
11.6,11.6,1.3,6.3,0.126
11.6,11.6,1.4,6.4,0.148
11.6,11.6,1.5,6.5,0.174
11.6,11.6,1.6,6.6,0.188
11.6,11.6,1.7,6.7,0.224
11.6,11.6,1.8,6.8,0.236
11.6,11.6,1.9,6.9,0.278
11.6,11.6,2.0,7.0,0.326
11.6,11.6,2.1,7.1,0.346
11.6,11.6,2.2,7.2,0.446
11.6,11.6,2.3,7.3,0.414
11.6,11.6,2.4,7.4,0.492
11.6,11.6,2.5,7.5,0.548
11.6,11.6,2.6,7.6,0.6
11.6,11.6,2.7,7.7,0.61
11.6,11.6,2.8,7.8,0.638
11.6,11.6,2.9,7.9,0.71
11.6,11.6,3.0,8.0,0.718
11.6,11.6,3.1,8.1,0.748
11.6,11.6,3.2,8.2,0.746
11.6,11.6,3.3,8.3,0.778
11.6,11.6,3.4,8.4,0.79
11.6,11.6,3.5,8.5,0.828
11.6,11.6,3.6,8.6,0.81
11.6,11.6,3.7,8.7,0.88
11.6,11.6,3.8,8.8,0.852
11.6,11.6,3.9,8.9,0.852
11.6,11.6,4.0,9.0,0.846
11.6,11.6,4.1,9.1,0.868
11.6,11.6,4.2,9.2,0.9
11.6,11.6,4.3,9.3,0.9
11.6,11.6,4.4,9.4,0.896
11.6,11.6,4.5,9.5,0.884
11.6,11.6,4.6,9.6,0.918
11.6,11.6,4.7,9.7,0.924
11.6,11.6,4.8,9.8,0.912
11.6,11.6,4.9,9.9,0.92
11.6,11.6,5.0,10.0,0.92
11.6,11.6,5.1,10.1,0.908
11.6,11.6,5.2,10.2,0.928
11.6,11.6,5.3,10.3,0.914
11.6,11.6,5.4,10.4,0.944
11.6,11.6,5.5,10.5,0.914
11.6,11.6,5.6,10.6,0.922
11.6,11.6,5.7,10.7,0.92
11.6,11.6,5.8,10.8,0.94
11.6,11.6,5.9,10.9,0.936
11.6,11.6,6.0,11.0,0.896
11.6,11.6,6.1,11.1,0.898
11.6,11.6,6.2,11.2,0.928
11.6,11.6,6.3,11.3,0.922
11.6,11.6,6.4,11.4,0.912
11.6,11.6,6.5,11.5,0.89
11.6,11.6,6.6,11.6,0.896
11.6,11.6,6.7,11.7,0.888
11.6,11.6,6.8,11.8,0.894
11.6,11.6,6.9,11.9,0.866
11.6,11.6,7.0,12.0,0.87
11.6,11.6,7.1,12.1,0.874
11.6,11.6,7.2,12.2,0.846
11.6,11.6,7.3,12.3,0.808
11.6,11.6,7.4,12.4,0.848
11.6,11.6,7.5,12.5,0.814
11.6,11.6,7.6,12.6,0.764
11.6,11.6,7.7,12.7,0.75
11.6,11.6,7.8,12.8,0.746
11.6,11.6,7.9,12.9,0.708
11.6,11.6,8.0,13.0,0.694
11.6,11.6,8.1,13.1,0.656
11.6,11.6,8.2,13.2,0.608
11.6,11.6,8.3,13.3,0.592
11.6,11.6,8.4,13.4,0.53
11.6,11.6,8.5,13.5,0.48
11.6,11.6,8.6,13.6,0.458
11.6,11.6,8.7,13.7,0.428
11.6,11.6,8.8,13.8,0.408
11.6,11.6,8.9,13.9,0.366
11.6,11.6,9.0,14.0,0.308
11.6,11.6,9.1,14.1,0.342
11.6,11.6,9.2,14.2,0.28
11.6,11.6,9.3,14.3,0.244
11.6,11.6,9.4,14.4,0.23
11.6,11.6,9.5,14.5,0.206
11.6,11.6,9.6,14.6,0.208
11.6,11.6,9.7,14.7,0.164
11.6,11.6,9.8,14.8,0.164
11.6,11.6,9.9,14.9,0.178
11.6,11.6,10.0,15.0,0.166
11.6,11.6,10.1,15.1,0.14
11.6,11.6,10.2,15.2,0.144
11.6,11.6,10.3,15.3,0.13
11.6,11.6,10.4,15.4,0.096
11.6,11.6,10.5,15.5,0.12
11.6,11.6,10.6,15.6,0.128
11.6,11.6,10.7,15.7,0.128
11.6,11.6,10.8,15.8,0.12
11.6,11.6,10.9,15.9,0.124
11.6,11.6,11.0,16.0,0.12
11.6,11.6,11.1,16.1,0.114
11.6,11.6,11.2,16.2,0.094
11.6,11.6,11.3,16.3,0.108
11.6,11.6,11.4,16.4,0.104
11.6,11.6,11.5,16.5,0.114
11.6,11.6,11.6,16.6,0.104
11.6,11.6,11.7,16.7,0.1
11.6,11.6,11.8,16.8,0.11
11.6,11.6,11.9,16.9,0.122
11.6,11.6,12.0,17.0,0.102
11.6,11.6,12.1,17.1,0.102
11.6,11.6,12.2,17.2,0.102
11.6,11.6,12.3,17.3,0.096
11.6,11.6,12.4,17.4,0.104
11.6,11.6,12.5,17.5,0.118
11.6,11.6,12.6,17.6,0.102
11.6,11.6,12.7,17.7,0.114
11.6,11.6,12.8,17.8,0.104
11.6,11.6,12.9,17.9,0.104
11.6,11.6,13.0,18.0,0.086
11.6,11.6,13.1,18.1,0.096
11.6,11.6,13.2,18.2,0.084
11.6,11.6,13.3,18.3,0.112
11.6,11.6,13.4,18.4,0.072
11.6,11.6,13.5,18.5,0.096
11.6,11.6,13.6,18.6,0.102
11.6,11.6,13.7,18.7,0.084
11.6,11.6,13.8,18.8,0.062
11.6,11.6,13.9,18.9,0.08
11.6,11.6,14.0,19.0,0.088
11.6,11.6,14.1,19.1,0.066
11.6,11.6,14.2,19.2,0.058
11.6,11.6,14.3,19.3,0.082
11.6,11.6,14.4,19.4,0.076
11.6,11.6,14.5,19.5,0.066
11.6,11.6,14.6,19.6,0.06
11.6,11.6,14.7,19.7,0.042
11.6,11.6,14.8,19.8,0.058
11.6,11.6,14.9,19.9,0.036
11.6,11.6,15.0,20.0,0.074
11.7,11.7,0.0,5.0,0.074
11.7,11.7,0.1,5.1,0.066
11.7,11.7,0.2,5.2,0.054
11.7,11.7,0.3,5.3,0.056
11.7,11.7,0.4,5.4,0.046
11.7,11.7,0.5,5.5,0.064
11.7,11.7,0.6,5.6,0.062
11.7,11.7,0.7,5.7,0.064
11.7,11.7,0.8,5.8,0.068
11.7,11.7,0.9,5.9,0.088
11.7,11.7,1.0,6.0,0.1
11.7,11.7,1.1,6.1,0.076
11.7,11.7,1.2,6.2,0.092
11.7,11.7,1.3,6.3,0.154
11.7,11.7,1.4,6.4,0.142
11.7,11.7,1.5,6.5,0.132
11.7,11.7,1.6,6.6,0.144
11.7,11.7,1.7,6.7,0.184
11.7,11.7,1.8,6.8,0.224
11.7,11.7,1.9,6.9,0.274
11.7,11.7,2.0,7.0,0.28
11.7,11.7,2.1,7.1,0.298
11.7,11.7,2.2,7.2,0.324
11.7,11.7,2.3,7.3,0.372
11.7,11.7,2.4,7.4,0.486
11.7,11.7,2.5,7.5,0.522
11.7,11.7,2.6,7.6,0.554
11.7,11.7,2.7,7.7,0.608
11.7,11.7,2.8,7.8,0.604
11.7,11.7,2.9,7.9,0.636
11.7,11.7,3.0,8.0,0.686
11.7,11.7,3.1,8.1,0.656
11.7,11.7,3.2,8.2,0.698
11.7,11.7,3.3,8.3,0.814
11.7,11.7,3.4,8.4,0.788
11.7,11.7,3.5,8.5,0.786
11.7,11.7,3.6,8.6,0.822
11.7,11.7,3.7,8.7,0.838
11.7,11.7,3.8,8.8,0.86
11.7,11.7,3.9,8.9,0.82
11.7,11.7,4.0,9.0,0.856
11.7,11.7,4.1,9.1,0.872
11.7,11.7,4.2,9.2,0.9
11.7,11.7,4.3,9.3,0.872
11.7,11.7,4.4,9.4,0.906
11.7,11.7,4.5,9.5,0.902
11.7,11.7,4.6,9.6,0.886
11.7,11.7,4.7,9.7,0.904
11.7,11.7,4.8,9.8,0.902
11.7,11.7,4.9,9.9,0.91
11.7,11.7,5.0,10.0,0.914
11.7,11.7,5.1,10.1,0.918
11.7,11.7,5.2,10.2,0.942
11.7,11.7,5.3,10.3,0.924
11.7,11.7,5.4,10.4,0.916
11.7,11.7,5.5,10.5,0.932
11.7,11.7,5.6,10.6,0.904
11.7,11.7,5.7,10.7,0.936
11.7,11.7,5.8,10.8,0.916
11.7,11.7,5.9,10.9,0.924
11.7,11.7,6.0,11.0,0.896
11.7,11.7,6.1,11.1,0.932
11.7,11.7,6.2,11.2,0.922
11.7,11.7,6.3,11.3,0.928
11.7,11.7,6.4,11.4,0.908
11.7,11.7,6.5,11.5,0.916
11.7,11.7,6.6,11.6,0.898
11.7,11.7,6.7,11.7,0.9
11.7,11.7,6.8,11.8,0.886
11.7,11.7,6.9,11.9,0.896
11.7,11.7,7.0,12.0,0.884
11.7,11.7,7.1,12.1,0.878
11.7,11.7,7.2,12.2,0.856
11.7,11.7,7.3,12.3,0.838
11.7,11.7,7.4,12.4,0.876
11.7,11.7,7.5,12.5,0.818
11.7,11.7,7.6,12.6,0.834
11.7,11.7,7.7,12.7,0.794
11.7,11.7,7.8,12.8,0.732
11.7,11.7,7.9,12.9,0.76
11.7,11.7,8.0,13.0,0.702
11.7,11.7,8.1,13.1,0.686
11.7,11.7,8.2,13.2,0.638
11.7,11.7,8.3,13.3,0.574
11.7,11.7,8.4,13.4,0.578
11.7,11.7,8.5,13.5,0.554
11.7,11.7,8.6,13.6,0.474
11.7,11.7,8.7,13.7,0.466
11.7,11.7,8.8,13.8,0.41
11.7,11.7,8.9,13.9,0.386
11.7,11.7,9.0,14.0,0.374
11.7,11.7,9.1,14.1,0.32
11.7,11.7,9.2,14.2,0.29
11.7,11.7,9.3,14.3,0.256
11.7,11.7,9.4,14.4,0.236
11.7,11.7,9.5,14.5,0.254
11.7,11.7,9.6,14.6,0.188
11.7,11.7,9.7,14.7,0.188
11.7,11.7,9.8,14.8,0.164
11.7,11.7,9.9,14.9,0.17
11.7,11.7,10.0,15.0,0.136
11.7,11.7,10.1,15.1,0.126
11.7,11.7,10.2,15.2,0.15
11.7,11.7,10.3,15.3,0.122
11.7,11.7,10.4,15.4,0.122
11.7,11.7,10.5,15.5,0.122
11.7,11.7,10.6,15.6,0.128
11.7,11.7,10.7,15.7,0.122
11.7,11.7,10.8,15.8,0.132
11.7,11.7,10.9,15.9,0.116
11.7,11.7,11.0,16.0,0.128
11.7,11.7,11.1,16.1,0.102
11.7,11.7,11.2,16.2,0.126
11.7,11.7,11.3,16.3,0.104
11.7,11.7,11.4,16.4,0.142
11.7,11.7,11.5,16.5,0.112
11.7,11.7,11.6,16.6,0.1
11.7,11.7,11.7,16.7,0.086
11.7,11.7,11.8,16.8,0.086
11.7,11.7,11.9,16.9,0.106
11.7,11.7,12.0,17.0,0.074
11.7,11.7,12.1,17.1,0.098
11.7,11.7,12.2,17.2,0.098
11.7,11.7,12.3,17.3,0.084
11.7,11.7,12.4,17.4,0.108
11.7,11.7,12.5,17.5,0.088
11.7,11.7,12.6,17.6,0.114
11.7,11.7,12.7,17.7,0.106
11.7,11.7,12.8,17.8,0.094
11.7,11.7,12.9,17.9,0.1
11.7,11.7,13.0,18.0,0.098
11.7,11.7,13.1,18.1,0.11
11.7,11.7,13.2,18.2,0.086
11.7,11.7,13.3,18.3,0.084
11.7,11.7,13.4,18.4,0.108
11.7,11.7,13.5,18.5,0.086
11.7,11.7,13.6,18.6,0.082
11.7,11.7,13.7,18.7,0.09
11.7,11.7,13.8,18.8,0.076
11.7,11.7,13.9,18.9,0.074
11.7,11.7,14.0,19.0,0.074
11.7,11.7,14.1,19.1,0.088
11.7,11.7,14.2,19.2,0.078
11.7,11.7,14.3,19.3,0.068
11.7,11.7,14.4,19.4,0.076
11.7,11.7,14.5,19.5,0.066
11.7,11.7,14.6,19.6,0.07
11.7,11.7,14.7,19.7,0.07
11.7,11.7,14.8,19.8,0.06
11.7,11.7,14.9,19.9,0.058
11.7,11.7,15.0,20.0,0.054
11.8,11.8,0.0,5.0,0.042
11.8,11.8,0.1,5.1,0.048
11.8,11.8,0.2,5.2,0.054
11.8,11.8,0.3,5.3,0.042
11.8,11.8,0.4,5.4,0.066
11.8,11.8,0.5,5.5,0.034
11.8,11.8,0.6,5.6,0.07
11.8,11.8,0.7,5.7,0.05
11.8,11.8,0.8,5.8,0.074
11.8,11.8,0.9,5.9,0.062
11.8,11.8,1.0,6.0,0.072
11.8,11.8,1.1,6.1,0.096
11.8,11.8,1.2,6.2,0.11
11.8,11.8,1.3,6.3,0.102
11.8,11.8,1.4,6.4,0.106
11.8,11.8,1.5,6.5,0.154
11.8,11.8,1.6,6.6,0.138
11.8,11.8,1.7,6.7,0.188
11.8,11.8,1.8,6.8,0.194
11.8,11.8,1.9,6.9,0.238
11.8,11.8,2.0,7.0,0.252
11.8,11.8,2.1,7.1,0.238
11.8,11.8,2.2,7.2,0.324
11.8,11.8,2.3,7.3,0.34
11.8,11.8,2.4,7.4,0.376
11.8,11.8,2.5,7.5,0.448
11.8,11.8,2.6,7.6,0.498
11.8,11.8,2.7,7.7,0.572
11.8,11.8,2.8,7.8,0.598
11.8,11.8,2.9,7.9,0.614
11.8,11.8,3.0,8.0,0.69
11.8,11.8,3.1,8.1,0.668
11.8,11.8,3.2,8.2,0.684
11.8,11.8,3.3,8.3,0.738
11.8,11.8,3.4,8.4,0.75
11.8,11.8,3.5,8.5,0.834
11.8,11.8,3.6,8.6,0.784
11.8,11.8,3.7,8.7,0.796
11.8,11.8,3.8,8.8,0.828
11.8,11.8,3.9,8.9,0.85
11.8,11.8,4.0,9.0,0.858
11.8,11.8,4.1,9.1,0.844
11.8,11.8,4.2,9.2,0.862
11.8,11.8,4.3,9.3,0.904
11.8,11.8,4.4,9.4,0.874
11.8,11.8,4.5,9.5,0.872
11.8,11.8,4.6,9.6,0.888
11.8,11.8,4.7,9.7,0.894
11.8,11.8,4.8,9.8,0.9
11.8,11.8,4.9,9.9,0.894
11.8,11.8,5.0,10.0,0.928
11.8,11.8,5.1,10.1,0.914
11.8,11.8,5.2,10.2,0.912
11.8,11.8,5.3,10.3,0.916
11.8,11.8,5.4,10.4,0.918
11.8,11.8,5.5,10.5,0.934
11.8,11.8,5.6,10.6,0.932
11.8,11.8,5.7,10.7,0.914
11.8,11.8,5.8,10.8,0.912
11.8,11.8,5.9,10.9,0.918
11.8,11.8,6.0,11.0,0.9
11.8,11.8,6.1,11.1,0.922
11.8,11.8,6.2,11.2,0.922
11.8,11.8,6.3,11.3,0.89
11.8,11.8,6.4,11.4,0.898
11.8,11.8,6.5,11.5,0.906
11.8,11.8,6.6,11.6,0.896
11.8,11.8,6.7,11.7,0.904
11.8,11.8,6.8,11.8,0.894
11.8,11.8,6.9,11.9,0.906
11.8,11.8,7.0,12.0,0.876
11.8,11.8,7.1,12.1,0.886
11.8,11.8,7.2,12.2,0.886
11.8,11.8,7.3,12.3,0.884
11.8,11.8,7.4,12.4,0.846
11.8,11.8,7.5,12.5,0.824
11.8,11.8,7.6,12.6,0.844
11.8,11.8,7.7,12.7,0.82
11.8,11.8,7.8,12.8,0.796
11.8,11.8,7.9,12.9,0.756
11.8,11.8,8.0,13.0,0.756
11.8,11.8,8.1,13.1,0.744
11.8,11.8,8.2,13.2,0.676
11.8,11.8,8.3,13.3,0.632
11.8,11.8,8.4,13.4,0.622
11.8,11.8,8.5,13.5,0.564
11.8,11.8,8.6,13.6,0.538
11.8,11.8,8.7,13.7,0.496
11.8,11.8,8.8,13.8,0.454
11.8,11.8,8.9,13.9,0.42
11.8,11.8,9.0,14.0,0.366
11.8,11.8,9.1,14.1,0.402
11.8,11.8,9.2,14.2,0.324
11.8,11.8,9.3,14.3,0.29
11.8,11.8,9.4,14.4,0.294
11.8,11.8,9.5,14.5,0.244
11.8,11.8,9.6,14.6,0.228
11.8,11.8,9.7,14.7,0.194
11.8,11.8,9.8,14.8,0.182
11.8,11.8,9.9,14.9,0.222
11.8,11.8,10.0,15.0,0.174
11.8,11.8,10.1,15.1,0.166
11.8,11.8,10.2,15.2,0.14
11.8,11.8,10.3,15.3,0.136
11.8,11.8,10.4,15.4,0.13
11.8,11.8,10.5,15.5,0.128
11.8,11.8,10.6,15.6,0.104
11.8,11.8,10.7,15.7,0.102
11.8,11.8,10.8,15.8,0.12
11.8,11.8,10.9,15.9,0.12
11.8,11.8,11.0,16.0,0.112
11.8,11.8,11.1,16.1,0.12
11.8,11.8,11.2,16.2,0.106
11.8,11.8,11.3,16.3,0.112
11.8,11.8,11.4,16.4,0.14
11.8,11.8,11.5,16.5,0.112
11.8,11.8,11.6,16.6,0.1
11.8,11.8,11.7,16.7,0.118
11.8,11.8,11.8,16.8,0.116
11.8,11.8,11.9,16.9,0.114
11.8,11.8,12.0,17.0,0.104
11.8,11.8,12.1,17.1,0.102
11.8,11.8,12.2,17.2,0.106
11.8,11.8,12.3,17.3,0.098
11.8,11.8,12.4,17.4,0.084
11.8,11.8,12.5,17.5,0.124
11.8,11.8,12.6,17.6,0.098
11.8,11.8,12.7,17.7,0.104
11.8,11.8,12.8,17.8,0.092
11.8,11.8,12.9,17.9,0.096
11.8,11.8,13.0,18.0,0.086
11.8,11.8,13.1,18.1,0.096
11.8,11.8,13.2,18.2,0.1
11.8,11.8,13.3,18.3,0.092
11.8,11.8,13.4,18.4,0.104
11.8,11.8,13.5,18.5,0.11
11.8,11.8,13.6,18.6,0.072
11.8,11.8,13.7,18.7,0.086
11.8,11.8,13.8,18.8,0.082
11.8,11.8,13.9,18.9,0.094
11.8,11.8,14.0,19.0,0.094
11.8,11.8,14.1,19.1,0.09
11.8,11.8,14.2,19.2,0.062
11.8,11.8,14.3,19.3,0.062
11.8,11.8,14.4,19.4,0.076
11.8,11.8,14.5,19.5,0.09
11.8,11.8,14.6,19.6,0.078
11.8,11.8,14.7,19.7,0.07
11.8,11.8,14.8,19.8,0.052
11.8,11.8,14.9,19.9,0.052
11.8,11.8,15.0,20.0,0.05
11.9,11.9,0.0,5.0,0.052
11.9,11.9,0.1,5.1,0.038
11.9,11.9,0.2,5.2,0.056
11.9,11.9,0.3,5.3,0.046
11.9,11.9,0.4,5.4,0.052
11.9,11.9,0.5,5.5,0.056
11.9,11.9,0.6,5.6,0.056
11.9,11.9,0.7,5.7,0.052
11.9,11.9,0.8,5.8,0.06
11.9,11.9,0.9,5.9,0.066
11.9,11.9,1.0,6.0,0.084
11.9,11.9,1.1,6.1,0.07
11.9,11.9,1.2,6.2,0.098
11.9,11.9,1.3,6.3,0.1
11.9,11.9,1.4,6.4,0.078
11.9,11.9,1.5,6.5,0.096
11.9,11.9,1.6,6.6,0.146
11.9,11.9,1.7,6.7,0.128
11.9,11.9,1.8,6.8,0.146
11.9,11.9,1.9,6.9,0.194
11.9,11.9,2.0,7.0,0.216
11.9,11.9,2.1,7.1,0.24
11.9,11.9,2.2,7.2,0.272
11.9,11.9,2.3,7.3,0.34
11.9,11.9,2.4,7.4,0.364
11.9,11.9,2.5,7.5,0.402
11.9,11.9,2.6,7.6,0.42
11.9,11.9,2.7,7.7,0.478
11.9,11.9,2.8,7.8,0.532
11.9,11.9,2.9,7.9,0.552
11.9,11.9,3.0,8.0,0.62
11.9,11.9,3.1,8.1,0.664
11.9,11.9,3.2,8.2,0.666
11.9,11.9,3.3,8.3,0.686
11.9,11.9,3.4,8.4,0.732
11.9,11.9,3.5,8.5,0.736
11.9,11.9,3.6,8.6,0.8
11.9,11.9,3.7,8.7,0.816
11.9,11.9,3.8,8.8,0.846
11.9,11.9,3.9,8.9,0.856
11.9,11.9,4.0,9.0,0.85
11.9,11.9,4.1,9.1,0.858
11.9,11.9,4.2,9.2,0.874
11.9,11.9,4.3,9.3,0.89
11.9,11.9,4.4,9.4,0.892
11.9,11.9,4.5,9.5,0.894
11.9,11.9,4.6,9.6,0.908
11.9,11.9,4.7,9.7,0.916
11.9,11.9,4.8,9.8,0.902
11.9,11.9,4.9,9.9,0.896
11.9,11.9,5.0,10.0,0.914
11.9,11.9,5.1,10.1,0.932
11.9,11.9,5.2,10.2,0.91
11.9,11.9,5.3,10.3,0.918
11.9,11.9,5.4,10.4,0.932
11.9,11.9,5.5,10.5,0.924
11.9,11.9,5.6,10.6,0.926
11.9,11.9,5.7,10.7,0.93
11.9,11.9,5.8,10.8,0.93
11.9,11.9,5.9,10.9,0.92
11.9,11.9,6.0,11.0,0.934
11.9,11.9,6.1,11.1,0.936
11.9,11.9,6.2,11.2,0.92
11.9,11.9,6.3,11.3,0.912
11.9,11.9,6.4,11.4,0.91
11.9,11.9,6.5,11.5,0.946
11.9,11.9,6.6,11.6,0.91
11.9,11.9,6.7,11.7,0.914
11.9,11.9,6.8,11.8,0.896
11.9,11.9,6.9,11.9,0.88
11.9,11.9,7.0,12.0,0.88
11.9,11.9,7.1,12.1,0.91
11.9,11.9,7.2,12.2,0.908
11.9,11.9,7.3,12.3,0.882
11.9,11.9,7.4,12.4,0.866
11.9,11.9,7.5,12.5,0.822
11.9,11.9,7.6,12.6,0.812
11.9,11.9,7.7,12.7,0.854
11.9,11.9,7.8,12.8,0.798
11.9,11.9,7.9,12.9,0.804
11.9,11.9,8.0,13.0,0.762
11.9,11.9,8.1,13.1,0.736
11.9,11.9,8.2,13.2,0.696
11.9,11.9,8.3,13.3,0.696
11.9,11.9,8.4,13.4,0.656
11.9,11.9,8.5,13.5,0.636
11.9,11.9,8.6,13.6,0.578
11.9,11.9,8.7,13.7,0.562
11.9,11.9,8.8,13.8,0.49
11.9,11.9,8.9,13.9,0.452
11.9,11.9,9.0,14.0,0.462
11.9,11.9,9.1,14.1,0.392
11.9,11.9,9.2,14.2,0.356
11.9,11.9,9.3,14.3,0.314
11.9,11.9,9.4,14.4,0.318
11.9,11.9,9.5,14.5,0.232
11.9,11.9,9.6,14.6,0.236
11.9,11.9,9.7,14.7,0.274
11.9,11.9,9.8,14.8,0.184
11.9,11.9,9.9,14.9,0.186
11.9,11.9,10.0,15.0,0.198
11.9,11.9,10.1,15.1,0.168
11.9,11.9,10.2,15.2,0.154
11.9,11.9,10.3,15.3,0.178
11.9,11.9,10.4,15.4,0.146
11.9,11.9,10.5,15.5,0.14
11.9,11.9,10.6,15.6,0.152
11.9,11.9,10.7,15.7,0.13
11.9,11.9,10.8,15.8,0.144
11.9,11.9,10.9,15.9,0.118
11.9,11.9,11.0,16.0,0.13
11.9,11.9,11.1,16.1,0.116
11.9,11.9,11.2,16.2,0.124
11.9,11.9,11.3,16.3,0.112
11.9,11.9,11.4,16.4,0.11
11.9,11.9,11.5,16.5,0.104
11.9,11.9,11.6,16.6,0.106
11.9,11.9,11.7,16.7,0.116
11.9,11.9,11.8,16.8,0.108
11.9,11.9,11.9,16.9,0.122
11.9,11.9,12.0,17.0,0.098
11.9,11.9,12.1,17.1,0.104
11.9,11.9,12.2,17.2,0.096
11.9,11.9,12.3,17.3,0.096
11.9,11.9,12.4,17.4,0.118
11.9,11.9,12.5,17.5,0.088
11.9,11.9,12.6,17.6,0.114
11.9,11.9,12.7,17.7,0.1
11.9,11.9,12.8,17.8,0.096
11.9,11.9,12.9,17.9,0.084
11.9,11.9,13.0,18.0,0.088
11.9,11.9,13.1,18.1,0.092
11.9,11.9,13.2,18.2,0.08
11.9,11.9,13.3,18.3,0.086
11.9,11.9,13.4,18.4,0.088
11.9,11.9,13.5,18.5,0.094
11.9,11.9,13.6,18.6,0.126
11.9,11.9,13.7,18.7,0.088
11.9,11.9,13.8,18.8,0.092
11.9,11.9,13.9,18.9,0.088
11.9,11.9,14.0,19.0,0.088
11.9,11.9,14.1,19.1,0.076
11.9,11.9,14.2,19.2,0.076
11.9,11.9,14.3,19.3,0.086
11.9,11.9,14.4,19.4,0.092
11.9,11.9,14.5,19.5,0.082
11.9,11.9,14.6,19.6,0.06
11.9,11.9,14.7,19.7,0.094
11.9,11.9,14.8,19.8,0.056
11.9,11.9,14.9,19.9,0.074
11.9,11.9,15.0,20.0,0.06
12.0,12.0,0.0,5.0,0.058
12.0,12.0,0.1,5.1,0.032
12.0,12.0,0.2,5.2,0.042
12.0,12.0,0.3,5.3,0.052
12.0,12.0,0.4,5.4,0.056
12.0,12.0,0.5,5.5,0.05
12.0,12.0,0.6,5.6,0.06
12.0,12.0,0.7,5.7,0.058
12.0,12.0,0.8,5.8,0.052
12.0,12.0,0.9,5.9,0.068
12.0,12.0,1.0,6.0,0.056
12.0,12.0,1.1,6.1,0.064
12.0,12.0,1.2,6.2,0.07
12.0,12.0,1.3,6.3,0.072
12.0,12.0,1.4,6.4,0.082
12.0,12.0,1.5,6.5,0.082
12.0,12.0,1.6,6.6,0.108
12.0,12.0,1.7,6.7,0.128
12.0,12.0,1.8,6.8,0.136
12.0,12.0,1.9,6.9,0.18
12.0,12.0,2.0,7.0,0.162
12.0,12.0,2.1,7.1,0.238
12.0,12.0,2.2,7.2,0.232
12.0,12.0,2.3,7.3,0.324
12.0,12.0,2.4,7.4,0.348
12.0,12.0,2.5,7.5,0.362
12.0,12.0,2.6,7.6,0.428
12.0,12.0,2.7,7.7,0.44
12.0,12.0,2.8,7.8,0.514
12.0,12.0,2.9,7.9,0.506
12.0,12.0,3.0,8.0,0.598
12.0,12.0,3.1,8.1,0.628
12.0,12.0,3.2,8.2,0.628
12.0,12.0,3.3,8.3,0.68
12.0,12.0,3.4,8.4,0.716
12.0,12.0,3.5,8.5,0.758
12.0,12.0,3.6,8.6,0.74
12.0,12.0,3.7,8.7,0.788
12.0,12.0,3.8,8.8,0.794
12.0,12.0,3.9,8.9,0.828
12.0,12.0,4.0,9.0,0.846
12.0,12.0,4.1,9.1,0.826
12.0,12.0,4.2,9.2,0.882
12.0,12.0,4.3,9.3,0.834
12.0,12.0,4.4,9.4,0.886
12.0,12.0,4.5,9.5,0.878
12.0,12.0,4.6,9.6,0.902
12.0,12.0,4.7,9.7,0.878
12.0,12.0,4.8,9.8,0.884
12.0,12.0,4.9,9.9,0.896
12.0,12.0,5.0,10.0,0.934
12.0,12.0,5.1,10.1,0.914
12.0,12.0,5.2,10.2,0.928
12.0,12.0,5.3,10.3,0.926
12.0,12.0,5.4,10.4,0.92
12.0,12.0,5.5,10.5,0.906
12.0,12.0,5.6,10.6,0.918
12.0,12.0,5.7,10.7,0.932
12.0,12.0,5.8,10.8,0.922
12.0,12.0,5.9,10.9,0.93
12.0,12.0,6.0,11.0,0.92
12.0,12.0,6.1,11.1,0.918
12.0,12.0,6.2,11.2,0.924
12.0,12.0,6.3,11.3,0.922
12.0,12.0,6.4,11.4,0.92
12.0,12.0,6.5,11.5,0.92
12.0,12.0,6.6,11.6,0.932
12.0,12.0,6.7,11.7,0.912
12.0,12.0,6.8,11.8,0.91
12.0,12.0,6.9,11.9,0.906
12.0,12.0,7.0,12.0,0.904
12.0,12.0,7.1,12.1,0.886
12.0,12.0,7.2,12.2,0.894
12.0,12.0,7.3,12.3,0.88
12.0,12.0,7.4,12.4,0.846
12.0,12.0,7.5,12.5,0.84
12.0,12.0,7.6,12.6,0.838
12.0,12.0,7.7,12.7,0.812
12.0,12.0,7.8,12.8,0.84
12.0,12.0,7.9,12.9,0.816
12.0,12.0,8.0,13.0,0.806
12.0,12.0,8.1,13.1,0.748
12.0,12.0,8.2,13.2,0.774
12.0,12.0,8.3,13.3,0.716
12.0,12.0,8.4,13.4,0.682
12.0,12.0,8.5,13.5,0.646
12.0,12.0,8.6,13.6,0.614
12.0,12.0,8.7,13.7,0.602
12.0,12.0,8.8,13.8,0.54
12.0,12.0,8.9,13.9,0.54
12.0,12.0,9.0,14.0,0.41
12.0,12.0,9.1,14.1,0.452
12.0,12.0,9.2,14.2,0.42
12.0,12.0,9.3,14.3,0.37
12.0,12.0,9.4,14.4,0.328
12.0,12.0,9.5,14.5,0.266
12.0,12.0,9.6,14.6,0.272
12.0,12.0,9.7,14.7,0.23
12.0,12.0,9.8,14.8,0.226
12.0,12.0,9.9,14.9,0.194
12.0,12.0,10.0,15.0,0.202
12.0,12.0,10.1,15.1,0.156
12.0,12.0,10.2,15.2,0.158
12.0,12.0,10.3,15.3,0.186
12.0,12.0,10.4,15.4,0.132
12.0,12.0,10.5,15.5,0.128
12.0,12.0,10.6,15.6,0.148
12.0,12.0,10.7,15.7,0.14
12.0,12.0,10.8,15.8,0.148
12.0,12.0,10.9,15.9,0.116
12.0,12.0,11.0,16.0,0.106
12.0,12.0,11.1,16.1,0.102
12.0,12.0,11.2,16.2,0.116
12.0,12.0,11.3,16.3,0.124
12.0,12.0,11.4,16.4,0.112
12.0,12.0,11.5,16.5,0.09
12.0,12.0,11.6,16.6,0.128
12.0,12.0,11.7,16.7,0.134
12.0,12.0,11.8,16.8,0.106
12.0,12.0,11.9,16.9,0.102
12.0,12.0,12.0,17.0,0.116
12.0,12.0,12.1,17.1,0.12
12.0,12.0,12.2,17.2,0.09
12.0,12.0,12.3,17.3,0.106
12.0,12.0,12.4,17.4,0.098
12.0,12.0,12.5,17.5,0.116
12.0,12.0,12.6,17.6,0.094
12.0,12.0,12.7,17.7,0.106
12.0,12.0,12.8,17.8,0.104
12.0,12.0,12.9,17.9,0.118
12.0,12.0,13.0,18.0,0.09
12.0,12.0,13.1,18.1,0.114
12.0,12.0,13.2,18.2,0.1
12.0,12.0,13.3,18.3,0.1
12.0,12.0,13.4,18.4,0.094
12.0,12.0,13.5,18.5,0.094
12.0,12.0,13.6,18.6,0.104
12.0,12.0,13.7,18.7,0.088
12.0,12.0,13.8,18.8,0.086
12.0,12.0,13.9,18.9,0.102
12.0,12.0,14.0,19.0,0.082
12.0,12.0,14.1,19.1,0.1
12.0,12.0,14.2,19.2,0.074
12.0,12.0,14.3,19.3,0.066
12.0,12.0,14.4,19.4,0.076
12.0,12.0,14.5,19.5,0.08
12.0,12.0,14.6,19.6,0.072
12.0,12.0,14.7,19.7,0.078
12.0,12.0,14.8,19.8,0.066
12.0,12.0,14.9,19.9,0.072
12.0,12.0,15.0,20.0,0.054
12.1,12.1,0.0,5.0,0.054
12.1,12.1,0.1,5.1,0.066
12.1,12.1,0.2,5.2,0.066
12.1,12.1,0.3,5.3,0.06
12.1,12.1,0.4,5.4,0.058
12.1,12.1,0.5,5.5,0.048
12.1,12.1,0.6,5.6,0.048
12.1,12.1,0.7,5.7,0.054
12.1,12.1,0.8,5.8,0.052
12.1,12.1,0.9,5.9,0.056
12.1,12.1,1.0,6.0,0.05
12.1,12.1,1.1,6.1,0.072
12.1,12.1,1.2,6.2,0.076
12.1,12.1,1.3,6.3,0.102
12.1,12.1,1.4,6.4,0.08
12.1,12.1,1.5,6.5,0.088
12.1,12.1,1.6,6.6,0.1
12.1,12.1,1.7,6.7,0.126
12.1,12.1,1.8,6.8,0.14
12.1,12.1,1.9,6.9,0.162
12.1,12.1,2.0,7.0,0.158
12.1,12.1,2.1,7.1,0.182
12.1,12.1,2.2,7.2,0.226
12.1,12.1,2.3,7.3,0.258
12.1,12.1,2.4,7.4,0.302
12.1,12.1,2.5,7.5,0.338
12.1,12.1,2.6,7.6,0.378
12.1,12.1,2.7,7.7,0.376
12.1,12.1,2.8,7.8,0.444
12.1,12.1,2.9,7.9,0.5
12.1,12.1,3.0,8.0,0.544
12.1,12.1,3.1,8.1,0.56
12.1,12.1,3.2,8.2,0.59
12.1,12.1,3.3,8.3,0.646
12.1,12.1,3.4,8.4,0.698
12.1,12.1,3.5,8.5,0.698
12.1,12.1,3.6,8.6,0.738
12.1,12.1,3.7,8.7,0.776
12.1,12.1,3.8,8.8,0.82
12.1,12.1,3.9,8.9,0.774
12.1,12.1,4.0,9.0,0.834
12.1,12.1,4.1,9.1,0.826
12.1,12.1,4.2,9.2,0.824
12.1,12.1,4.3,9.3,0.862
12.1,12.1,4.4,9.4,0.852
12.1,12.1,4.5,9.5,0.878
12.1,12.1,4.6,9.6,0.888
12.1,12.1,4.7,9.7,0.898
12.1,12.1,4.8,9.8,0.898
12.1,12.1,4.9,9.9,0.908
12.1,12.1,5.0,10.0,0.914
12.1,12.1,5.1,10.1,0.882
12.1,12.1,5.2,10.2,0.912
12.1,12.1,5.3,10.3,0.926
12.1,12.1,5.4,10.4,0.928
12.1,12.1,5.5,10.5,0.942
12.1,12.1,5.6,10.6,0.906
12.1,12.1,5.7,10.7,0.928
12.1,12.1,5.8,10.8,0.912
12.1,12.1,5.9,10.9,0.91
12.1,12.1,6.0,11.0,0.902
12.1,12.1,6.1,11.1,0.924
12.1,12.1,6.2,11.2,0.916
12.1,12.1,6.3,11.3,0.928
12.1,12.1,6.4,11.4,0.906
12.1,12.1,6.5,11.5,0.912
12.1,12.1,6.6,11.6,0.936
12.1,12.1,6.7,11.7,0.906
12.1,12.1,6.8,11.8,0.904
12.1,12.1,6.9,11.9,0.908
12.1,12.1,7.0,12.0,0.884
12.1,12.1,7.1,12.1,0.898
12.1,12.1,7.2,12.2,0.892
12.1,12.1,7.3,12.3,0.89
12.1,12.1,7.4,12.4,0.906
12.1,12.1,7.5,12.5,0.89
12.1,12.1,7.6,12.6,0.872
12.1,12.1,7.7,12.7,0.862
12.1,12.1,7.8,12.8,0.822
12.1,12.1,7.9,12.9,0.834
12.1,12.1,8.0,13.0,0.812
12.1,12.1,8.1,13.1,0.796
12.1,12.1,8.2,13.2,0.76
12.1,12.1,8.3,13.3,0.716
12.1,12.1,8.4,13.4,0.688
12.1,12.1,8.5,13.5,0.672
12.1,12.1,8.6,13.6,0.654
12.1,12.1,8.7,13.7,0.616
12.1,12.1,8.8,13.8,0.562
12.1,12.1,8.9,13.9,0.524
12.1,12.1,9.0,14.0,0.49
12.1,12.1,9.1,14.1,0.472
12.1,12.1,9.2,14.2,0.434
12.1,12.1,9.3,14.3,0.386
12.1,12.1,9.4,14.4,0.364
12.1,12.1,9.5,14.5,0.346
12.1,12.1,9.6,14.6,0.276
12.1,12.1,9.7,14.7,0.25
12.1,12.1,9.8,14.8,0.236
12.1,12.1,9.9,14.9,0.252
12.1,12.1,10.0,15.0,0.204
12.1,12.1,10.1,15.1,0.2
12.1,12.1,10.2,15.2,0.156
12.1,12.1,10.3,15.3,0.178
12.1,12.1,10.4,15.4,0.17
12.1,12.1,10.5,15.5,0.138
12.1,12.1,10.6,15.6,0.158
12.1,12.1,10.7,15.7,0.14
12.1,12.1,10.8,15.8,0.126
12.1,12.1,10.9,15.9,0.116
12.1,12.1,11.0,16.0,0.126
12.1,12.1,11.1,16.1,0.104
12.1,12.1,11.2,16.2,0.118
12.1,12.1,11.3,16.3,0.112
12.1,12.1,11.4,16.4,0.136
12.1,12.1,11.5,16.5,0.1
12.1,12.1,11.6,16.6,0.14
12.1,12.1,11.7,16.7,0.106
12.1,12.1,11.8,16.8,0.138
12.1,12.1,11.9,16.9,0.126
12.1,12.1,12.0,17.0,0.112
12.1,12.1,12.1,17.1,0.112
12.1,12.1,12.2,17.2,0.122
12.1,12.1,12.3,17.3,0.1
12.1,12.1,12.4,17.4,0.11
12.1,12.1,12.5,17.5,0.124
12.1,12.1,12.6,17.6,0.132
12.1,12.1,12.7,17.7,0.104
12.1,12.1,12.8,17.8,0.112
12.1,12.1,12.9,17.9,0.088
12.1,12.1,13.0,18.0,0.098
12.1,12.1,13.1,18.1,0.122
12.1,12.1,13.2,18.2,0.108
12.1,12.1,13.3,18.3,0.084
12.1,12.1,13.4,18.4,0.102
12.1,12.1,13.5,18.5,0.096
12.1,12.1,13.6,18.6,0.096
12.1,12.1,13.7,18.7,0.072
12.1,12.1,13.8,18.8,0.092
12.1,12.1,13.9,18.9,0.078
12.1,12.1,14.0,19.0,0.098
12.1,12.1,14.1,19.1,0.1
12.1,12.1,14.2,19.2,0.066
12.1,12.1,14.3,19.3,0.084
12.1,12.1,14.4,19.4,0.076
12.1,12.1,14.5,19.5,0.092
12.1,12.1,14.6,19.6,0.062
12.1,12.1,14.7,19.7,0.074
12.1,12.1,14.8,19.8,0.074
12.1,12.1,14.9,19.9,0.056
12.1,12.1,15.0,20.0,0.05
12.2,12.2,0.0,5.0,0.054
12.2,12.2,0.1,5.1,0.04
12.2,12.2,0.2,5.2,0.042
12.2,12.2,0.3,5.3,0.062
12.2,12.2,0.4,5.4,0.052
12.2,12.2,0.5,5.5,0.04
12.2,12.2,0.6,5.6,0.058
12.2,12.2,0.7,5.7,0.048
12.2,12.2,0.8,5.8,0.06
12.2,12.2,0.9,5.9,0.048
12.2,12.2,1.0,6.0,0.064
12.2,12.2,1.1,6.1,0.066
12.2,12.2,1.2,6.2,0.056
12.2,12.2,1.3,6.3,0.064
12.2,12.2,1.4,6.4,0.07
12.2,12.2,1.5,6.5,0.074
12.2,12.2,1.6,6.6,0.074
12.2,12.2,1.7,6.7,0.09
12.2,12.2,1.8,6.8,0.088
12.2,12.2,1.9,6.9,0.114
12.2,12.2,2.0,7.0,0.156
12.2,12.2,2.1,7.1,0.15
12.2,12.2,2.2,7.2,0.176
12.2,12.2,2.3,7.3,0.226
12.2,12.2,2.4,7.4,0.256
12.2,12.2,2.5,7.5,0.262
12.2,12.2,2.6,7.6,0.336
12.2,12.2,2.7,7.7,0.36
12.2,12.2,2.8,7.8,0.38
12.2,12.2,2.9,7.9,0.458
12.2,12.2,3.0,8.0,0.522
12.2,12.2,3.1,8.1,0.522
12.2,12.2,3.2,8.2,0.57
12.2,12.2,3.3,8.3,0.614
12.2,12.2,3.4,8.4,0.654
12.2,12.2,3.5,8.5,0.668
12.2,12.2,3.6,8.6,0.69
12.2,12.2,3.7,8.7,0.728
12.2,12.2,3.8,8.8,0.74
12.2,12.2,3.9,8.9,0.774
12.2,12.2,4.0,9.0,0.81
12.2,12.2,4.1,9.1,0.792
12.2,12.2,4.2,9.2,0.826
12.2,12.2,4.3,9.3,0.842
12.2,12.2,4.4,9.4,0.856
12.2,12.2,4.5,9.5,0.874
12.2,12.2,4.6,9.6,0.884
12.2,12.2,4.7,9.7,0.898
12.2,12.2,4.8,9.8,0.894
12.2,12.2,4.9,9.9,0.902
12.2,12.2,5.0,10.0,0.896
12.2,12.2,5.1,10.1,0.902
12.2,12.2,5.2,10.2,0.902
12.2,12.2,5.3,10.3,0.918
12.2,12.2,5.4,10.4,0.894
12.2,12.2,5.5,10.5,0.934
12.2,12.2,5.6,10.6,0.912
12.2,12.2,5.7,10.7,0.928
12.2,12.2,5.8,10.8,0.91
12.2,12.2,5.9,10.9,0.91
12.2,12.2,6.0,11.0,0.916
12.2,12.2,6.1,11.1,0.912
12.2,12.2,6.2,11.2,0.932
12.2,12.2,6.3,11.3,0.924
12.2,12.2,6.4,11.4,0.918
12.2,12.2,6.5,11.5,0.932
12.2,12.2,6.6,11.6,0.92
12.2,12.2,6.7,11.7,0.918
12.2,12.2,6.8,11.8,0.908
12.2,12.2,6.9,11.9,0.912
12.2,12.2,7.0,12.0,0.882
12.2,12.2,7.1,12.1,0.898
12.2,12.2,7.2,12.2,0.91
12.2,12.2,7.3,12.3,0.9
12.2,12.2,7.4,12.4,0.89
12.2,12.2,7.5,12.5,0.884
12.2,12.2,7.6,12.6,0.874
12.2,12.2,7.7,12.7,0.862
12.2,12.2,7.8,12.8,0.856
12.2,12.2,7.9,12.9,0.824
12.2,12.2,8.0,13.0,0.846
12.2,12.2,8.1,13.1,0.808
12.2,12.2,8.2,13.2,0.79
12.2,12.2,8.3,13.3,0.774
12.2,12.2,8.4,13.4,0.724
12.2,12.2,8.5,13.5,0.708
12.2,12.2,8.6,13.6,0.662
12.2,12.2,8.7,13.7,0.684
12.2,12.2,8.8,13.8,0.616
12.2,12.2,8.9,13.9,0.594
12.2,12.2,9.0,14.0,0.528
12.2,12.2,9.1,14.1,0.476
12.2,12.2,9.2,14.2,0.432
12.2,12.2,9.3,14.3,0.436
12.2,12.2,9.4,14.4,0.348
12.2,12.2,9.5,14.5,0.38
12.2,12.2,9.6,14.6,0.334
12.2,12.2,9.7,14.7,0.28
12.2,12.2,9.8,14.8,0.302
12.2,12.2,9.9,14.9,0.258
12.2,12.2,10.0,15.0,0.222
12.2,12.2,10.1,15.1,0.176
12.2,12.2,10.2,15.2,0.222
12.2,12.2,10.3,15.3,0.176
12.2,12.2,10.4,15.4,0.16
12.2,12.2,10.5,15.5,0.164
12.2,12.2,10.6,15.6,0.138
12.2,12.2,10.7,15.7,0.142
12.2,12.2,10.8,15.8,0.15
12.2,12.2,10.9,15.9,0.132
12.2,12.2,11.0,16.0,0.128
12.2,12.2,11.1,16.1,0.118
12.2,12.2,11.2,16.2,0.132
12.2,12.2,11.3,16.3,0.128
12.2,12.2,11.4,16.4,0.122
12.2,12.2,11.5,16.5,0.104
12.2,12.2,11.6,16.6,0.1
12.2,12.2,11.7,16.7,0.102
12.2,12.2,11.8,16.8,0.128
12.2,12.2,11.9,16.9,0.116
12.2,12.2,12.0,17.0,0.104
12.2,12.2,12.1,17.1,0.118
12.2,12.2,12.2,17.2,0.118
12.2,12.2,12.3,17.3,0.132
12.2,12.2,12.4,17.4,0.088
12.2,12.2,12.5,17.5,0.094
12.2,12.2,12.6,17.6,0.09
12.2,12.2,12.7,17.7,0.09
12.2,12.2,12.8,17.8,0.114
12.2,12.2,12.9,17.9,0.128
12.2,12.2,13.0,18.0,0.082
12.2,12.2,13.1,18.1,0.102
12.2,12.2,13.2,18.2,0.122
12.2,12.2,13.3,18.3,0.076
12.2,12.2,13.4,18.4,0.098
12.2,12.2,13.5,18.5,0.116
12.2,12.2,13.6,18.6,0.084
12.2,12.2,13.7,18.7,0.116
12.2,12.2,13.8,18.8,0.088
12.2,12.2,13.9,18.9,0.078
12.2,12.2,14.0,19.0,0.1
12.2,12.2,14.1,19.1,0.082
12.2,12.2,14.2,19.2,0.088
12.2,12.2,14.3,19.3,0.086
12.2,12.2,14.4,19.4,0.066
12.2,12.2,14.5,19.5,0.082
12.2,12.2,14.6,19.6,0.078
12.2,12.2,14.7,19.7,0.062
12.2,12.2,14.8,19.8,0.074
12.2,12.2,14.9,19.9,0.086
12.2,12.2,15.0,20.0,0.056
12.3,12.3,0.0,5.0,0.054
12.3,12.3,0.1,5.1,0.026
12.3,12.3,0.2,5.2,0.042
12.3,12.3,0.3,5.3,0.054
12.3,12.3,0.4,5.4,0.048
12.3,12.3,0.5,5.5,0.06
12.3,12.3,0.6,5.6,0.042
12.3,12.3,0.7,5.7,0.066
12.3,12.3,0.8,5.8,0.058
12.3,12.3,0.9,5.9,0.042
12.3,12.3,1.0,6.0,0.06
12.3,12.3,1.1,6.1,0.054
12.3,12.3,1.2,6.2,0.056
12.3,12.3,1.3,6.3,0.078
12.3,12.3,1.4,6.4,0.068
12.3,12.3,1.5,6.5,0.058
12.3,12.3,1.6,6.6,0.1
12.3,12.3,1.7,6.7,0.066
12.3,12.3,1.8,6.8,0.112
12.3,12.3,1.9,6.9,0.122
12.3,12.3,2.0,7.0,0.118
12.3,12.3,2.1,7.1,0.148
12.3,12.3,2.2,7.2,0.17
12.3,12.3,2.3,7.3,0.164
12.3,12.3,2.4,7.4,0.25
12.3,12.3,2.5,7.5,0.26
12.3,12.3,2.6,7.6,0.27
12.3,12.3,2.7,7.7,0.332
12.3,12.3,2.8,7.8,0.396
12.3,12.3,2.9,7.9,0.382
12.3,12.3,3.0,8.0,0.45
12.3,12.3,3.1,8.1,0.454
12.3,12.3,3.2,8.2,0.534
12.3,12.3,3.3,8.3,0.576
12.3,12.3,3.4,8.4,0.61
12.3,12.3,3.5,8.5,0.664
12.3,12.3,3.6,8.6,0.668
12.3,12.3,3.7,8.7,0.686
12.3,12.3,3.8,8.8,0.746
12.3,12.3,3.9,8.9,0.754
12.3,12.3,4.0,9.0,0.762
12.3,12.3,4.1,9.1,0.792
12.3,12.3,4.2,9.2,0.816
12.3,12.3,4.3,9.3,0.856
12.3,12.3,4.4,9.4,0.83
12.3,12.3,4.5,9.5,0.87
12.3,12.3,4.6,9.6,0.884
12.3,12.3,4.7,9.7,0.874
12.3,12.3,4.8,9.8,0.868
12.3,12.3,4.9,9.9,0.896
12.3,12.3,5.0,10.0,0.89
12.3,12.3,5.1,10.1,0.914
12.3,12.3,5.2,10.2,0.9
12.3,12.3,5.3,10.3,0.914
12.3,12.3,5.4,10.4,0.912
12.3,12.3,5.5,10.5,0.924
12.3,12.3,5.6,10.6,0.916
12.3,12.3,5.7,10.7,0.906
12.3,12.3,5.8,10.8,0.914
12.3,12.3,5.9,10.9,0.934
12.3,12.3,6.0,11.0,0.916
12.3,12.3,6.1,11.1,0.92
12.3,12.3,6.2,11.2,0.918
12.3,12.3,6.3,11.3,0.928
12.3,12.3,6.4,11.4,0.924
12.3,12.3,6.5,11.5,0.926
12.3,12.3,6.6,11.6,0.912
12.3,12.3,6.7,11.7,0.926
12.3,12.3,6.8,11.8,0.91
12.3,12.3,6.9,11.9,0.918
12.3,12.3,7.0,12.0,0.902
12.3,12.3,7.1,12.1,0.902
12.3,12.3,7.2,12.2,0.89
12.3,12.3,7.3,12.3,0.894
12.3,12.3,7.4,12.4,0.906
12.3,12.3,7.5,12.5,0.884
12.3,12.3,7.6,12.6,0.87
12.3,12.3,7.7,12.7,0.838
12.3,12.3,7.8,12.8,0.858
12.3,12.3,7.9,12.9,0.868
12.3,12.3,8.0,13.0,0.814
12.3,12.3,8.1,13.1,0.818
12.3,12.3,8.2,13.2,0.798
12.3,12.3,8.3,13.3,0.806
12.3,12.3,8.4,13.4,0.742
12.3,12.3,8.5,13.5,0.748
12.3,12.3,8.6,13.6,0.722
12.3,12.3,8.7,13.7,0.678
12.3,12.3,8.8,13.8,0.662
12.3,12.3,8.9,13.9,0.574
12.3,12.3,9.0,14.0,0.592
12.3,12.3,9.1,14.1,0.518
12.3,12.3,9.2,14.2,0.49
12.3,12.3,9.3,14.3,0.458
12.3,12.3,9.4,14.4,0.412
12.3,12.3,9.5,14.5,0.406
12.3,12.3,9.6,14.6,0.316
12.3,12.3,9.7,14.7,0.316
12.3,12.3,9.8,14.8,0.294
12.3,12.3,9.9,14.9,0.24
12.3,12.3,10.0,15.0,0.27
12.3,12.3,10.1,15.1,0.222
12.3,12.3,10.2,15.2,0.174
12.3,12.3,10.3,15.3,0.202
12.3,12.3,10.4,15.4,0.19
12.3,12.3,10.5,15.5,0.186
12.3,12.3,10.6,15.6,0.17
12.3,12.3,10.7,15.7,0.162
12.3,12.3,10.8,15.8,0.128
12.3,12.3,10.9,15.9,0.148
12.3,12.3,11.0,16.0,0.128
12.3,12.3,11.1,16.1,0.132
12.3,12.3,11.2,16.2,0.104
12.3,12.3,11.3,16.3,0.138
12.3,12.3,11.4,16.4,0.132
12.3,12.3,11.5,16.5,0.144
12.3,12.3,11.6,16.6,0.116
12.3,12.3,11.7,16.7,0.114
12.3,12.3,11.8,16.8,0.13
12.3,12.3,11.9,16.9,0.116
12.3,12.3,12.0,17.0,0.11
12.3,12.3,12.1,17.1,0.12
12.3,12.3,12.2,17.2,0.112
12.3,12.3,12.3,17.3,0.148
12.3,12.3,12.4,17.4,0.1
12.3,12.3,12.5,17.5,0.12
12.3,12.3,12.6,17.6,0.106
12.3,12.3,12.7,17.7,0.122
12.3,12.3,12.8,17.8,0.1
12.3,12.3,12.9,17.9,0.116
12.3,12.3,13.0,18.0,0.13
12.3,12.3,13.1,18.1,0.116
12.3,12.3,13.2,18.2,0.096
12.3,12.3,13.3,18.3,0.134
12.3,12.3,13.4,18.4,0.076
12.3,12.3,13.5,18.5,0.096
12.3,12.3,13.6,18.6,0.088
12.3,12.3,13.7,18.7,0.096
12.3,12.3,13.8,18.8,0.11
12.3,12.3,13.9,18.9,0.116
12.3,12.3,14.0,19.0,0.078
12.3,12.3,14.1,19.1,0.084
12.3,12.3,14.2,19.2,0.072
12.3,12.3,14.3,19.3,0.098
12.3,12.3,14.4,19.4,0.084
12.3,12.3,14.5,19.5,0.096
12.3,12.3,14.6,19.6,0.078
12.3,12.3,14.7,19.7,0.072
12.3,12.3,14.8,19.8,0.084
12.3,12.3,14.9,19.9,0.056
12.3,12.3,15.0,20.0,0.086
12.4,12.4,0.0,5.0,0.044
12.4,12.4,0.1,5.1,0.042
12.4,12.4,0.2,5.2,0.04
12.4,12.4,0.3,5.3,0.058
12.4,12.4,0.4,5.4,0.058
12.4,12.4,0.5,5.5,0.054
12.4,12.4,0.6,5.6,0.076
12.4,12.4,0.7,5.7,0.066
12.4,12.4,0.8,5.8,0.068
12.4,12.4,0.9,5.9,0.052
12.4,12.4,1.0,6.0,0.064
12.4,12.4,1.1,6.1,0.078
12.4,12.4,1.2,6.2,0.046
12.4,12.4,1.3,6.3,0.074
12.4,12.4,1.4,6.4,0.064
12.4,12.4,1.5,6.5,0.078
12.4,12.4,1.6,6.6,0.076
12.4,12.4,1.7,6.7,0.078
12.4,12.4,1.8,6.8,0.08
12.4,12.4,1.9,6.9,0.13
12.4,12.4,2.0,7.0,0.106
12.4,12.4,2.1,7.1,0.098
12.4,12.4,2.2,7.2,0.134
12.4,12.4,2.3,7.3,0.176
12.4,12.4,2.4,7.4,0.18
12.4,12.4,2.5,7.5,0.22
12.4,12.4,2.6,7.6,0.242
12.4,12.4,2.7,7.7,0.274
12.4,12.4,2.8,7.8,0.3
12.4,12.4,2.9,7.9,0.366
12.4,12.4,3.0,8.0,0.398
12.4,12.4,3.1,8.1,0.456
12.4,12.4,3.2,8.2,0.486
12.4,12.4,3.3,8.3,0.5
12.4,12.4,3.4,8.4,0.554
12.4,12.4,3.5,8.5,0.598
12.4,12.4,3.6,8.6,0.628
12.4,12.4,3.7,8.7,0.646
12.4,12.4,3.8,8.8,0.698
12.4,12.4,3.9,8.9,0.734
12.4,12.4,4.0,9.0,0.784
12.4,12.4,4.1,9.1,0.776
12.4,12.4,4.2,9.2,0.786
12.4,12.4,4.3,9.3,0.86
12.4,12.4,4.4,9.4,0.848
12.4,12.4,4.5,9.5,0.852
12.4,12.4,4.6,9.6,0.872
12.4,12.4,4.7,9.7,0.902
12.4,12.4,4.8,9.8,0.896
12.4,12.4,4.9,9.9,0.888
12.4,12.4,5.0,10.0,0.884
12.4,12.4,5.1,10.1,0.91
12.4,12.4,5.2,10.2,0.934
12.4,12.4,5.3,10.3,0.914
12.4,12.4,5.4,10.4,0.902
12.4,12.4,5.5,10.5,0.876
12.4,12.4,5.6,10.6,0.928
12.4,12.4,5.7,10.7,0.944
12.4,12.4,5.8,10.8,0.936
12.4,12.4,5.9,10.9,0.936
12.4,12.4,6.0,11.0,0.924
12.4,12.4,6.1,11.1,0.924
12.4,12.4,6.2,11.2,0.934
12.4,12.4,6.3,11.3,0.918
12.4,12.4,6.4,11.4,0.924
12.4,12.4,6.5,11.5,0.896
12.4,12.4,6.6,11.6,0.914
12.4,12.4,6.7,11.7,0.918
12.4,12.4,6.8,11.8,0.926
12.4,12.4,6.9,11.9,0.902
12.4,12.4,7.0,12.0,0.896
12.4,12.4,7.1,12.1,0.92
12.4,12.4,7.2,12.2,0.898
12.4,12.4,7.3,12.3,0.92
12.4,12.4,7.4,12.4,0.888
12.4,12.4,7.5,12.5,0.878
12.4,12.4,7.6,12.6,0.876
12.4,12.4,7.7,12.7,0.91
12.4,12.4,7.8,12.8,0.896
12.4,12.4,7.9,12.9,0.864
12.4,12.4,8.0,13.0,0.842
12.4,12.4,8.1,13.1,0.844
12.4,12.4,8.2,13.2,0.816
12.4,12.4,8.3,13.3,0.778
12.4,12.4,8.4,13.4,0.806
12.4,12.4,8.5,13.5,0.756
12.4,12.4,8.6,13.6,0.75
12.4,12.4,8.7,13.7,0.708
12.4,12.4,8.8,13.8,0.696
12.4,12.4,8.9,13.9,0.636
12.4,12.4,9.0,14.0,0.592
12.4,12.4,9.1,14.1,0.594
12.4,12.4,9.2,14.2,0.59
12.4,12.4,9.3,14.3,0.51
12.4,12.4,9.4,14.4,0.44
12.4,12.4,9.5,14.5,0.472
12.4,12.4,9.6,14.6,0.39
12.4,12.4,9.7,14.7,0.366
12.4,12.4,9.8,14.8,0.346
12.4,12.4,9.9,14.9,0.284
12.4,12.4,10.0,15.0,0.274
12.4,12.4,10.1,15.1,0.27
12.4,12.4,10.2,15.2,0.224
12.4,12.4,10.3,15.3,0.212
12.4,12.4,10.4,15.4,0.19
12.4,12.4,10.5,15.5,0.196
12.4,12.4,10.6,15.6,0.16
12.4,12.4,10.7,15.7,0.142
12.4,12.4,10.8,15.8,0.158
12.4,12.4,10.9,15.9,0.116
12.4,12.4,11.0,16.0,0.14
12.4,12.4,11.1,16.1,0.16
12.4,12.4,11.2,16.2,0.13
12.4,12.4,11.3,16.3,0.116
12.4,12.4,11.4,16.4,0.114
12.4,12.4,11.5,16.5,0.122
12.4,12.4,11.6,16.6,0.148
12.4,12.4,11.7,16.7,0.11
12.4,12.4,11.8,16.8,0.112
12.4,12.4,11.9,16.9,0.114
12.4,12.4,12.0,17.0,0.116
12.4,12.4,12.1,17.1,0.11
12.4,12.4,12.2,17.2,0.112
12.4,12.4,12.3,17.3,0.104
12.4,12.4,12.4,17.4,0.118
12.4,12.4,12.5,17.5,0.086
12.4,12.4,12.6,17.6,0.084
12.4,12.4,12.7,17.7,0.098
12.4,12.4,12.8,17.8,0.122
12.4,12.4,12.9,17.9,0.116
12.4,12.4,13.0,18.0,0.102
12.4,12.4,13.1,18.1,0.1
12.4,12.4,13.2,18.2,0.112
12.4,12.4,13.3,18.3,0.11
12.4,12.4,13.4,18.4,0.074
12.4,12.4,13.5,18.5,0.11
12.4,12.4,13.6,18.6,0.086
12.4,12.4,13.7,18.7,0.112
12.4,12.4,13.8,18.8,0.096
12.4,12.4,13.9,18.9,0.118
12.4,12.4,14.0,19.0,0.1
12.4,12.4,14.1,19.1,0.086
12.4,12.4,14.2,19.2,0.078
12.4,12.4,14.3,19.3,0.048
12.4,12.4,14.4,19.4,0.09
12.4,12.4,14.5,19.5,0.078
12.4,12.4,14.6,19.6,0.064
12.4,12.4,14.7,19.7,0.07
12.4,12.4,14.8,19.8,0.074
12.4,12.4,14.9,19.9,0.09
12.4,12.4,15.0,20.0,0.09
12.5,12.5,0.0,5.0,0.042
12.5,12.5,0.1,5.1,0.042
12.5,12.5,0.2,5.2,0.06
12.5,12.5,0.3,5.3,0.048
12.5,12.5,0.4,5.4,0.036
12.5,12.5,0.5,5.5,0.046
12.5,12.5,0.6,5.6,0.05
12.5,12.5,0.7,5.7,0.052
12.5,12.5,0.8,5.8,0.046
12.5,12.5,0.9,5.9,0.056
12.5,12.5,1.0,6.0,0.042
12.5,12.5,1.1,6.1,0.066
12.5,12.5,1.2,6.2,0.048
12.5,12.5,1.3,6.3,0.054
12.5,12.5,1.4,6.4,0.048
12.5,12.5,1.5,6.5,0.056
12.5,12.5,1.6,6.6,0.076
12.5,12.5,1.7,6.7,0.078
12.5,12.5,1.8,6.8,0.068
12.5,12.5,1.9,6.9,0.072
12.5,12.5,2.0,7.0,0.116
12.5,12.5,2.1,7.1,0.1
12.5,12.5,2.2,7.2,0.134
12.5,12.5,2.3,7.3,0.144
12.5,12.5,2.4,7.4,0.154
12.5,12.5,2.5,7.5,0.19
12.5,12.5,2.6,7.6,0.212
12.5,12.5,2.7,7.7,0.268
12.5,12.5,2.8,7.8,0.29
12.5,12.5,2.9,7.9,0.316
12.5,12.5,3.0,8.0,0.352
12.5,12.5,3.1,8.1,0.416
12.5,12.5,3.2,8.2,0.464
12.5,12.5,3.3,8.3,0.522
12.5,12.5,3.4,8.4,0.524
12.5,12.5,3.5,8.5,0.582
12.5,12.5,3.6,8.6,0.602
12.5,12.5,3.7,8.7,0.598
12.5,12.5,3.8,8.8,0.702
12.5,12.5,3.9,8.9,0.742
12.5,12.5,4.0,9.0,0.72
12.5,12.5,4.1,9.1,0.77
12.5,12.5,4.2,9.2,0.774
12.5,12.5,4.3,9.3,0.798
12.5,12.5,4.4,9.4,0.782
12.5,12.5,4.5,9.5,0.83
12.5,12.5,4.6,9.6,0.834
12.5,12.5,4.7,9.7,0.838
12.5,12.5,4.8,9.8,0.854
12.5,12.5,4.9,9.9,0.882
12.5,12.5,5.0,10.0,0.852
12.5,12.5,5.1,10.1,0.886
12.5,12.5,5.2,10.2,0.894
12.5,12.5,5.3,10.3,0.9
12.5,12.5,5.4,10.4,0.906
12.5,12.5,5.5,10.5,0.916
12.5,12.5,5.6,10.6,0.918
12.5,12.5,5.7,10.7,0.916
12.5,12.5,5.8,10.8,0.896
12.5,12.5,5.9,10.9,0.888
12.5,12.5,6.0,11.0,0.9
12.5,12.5,6.1,11.1,0.91
12.5,12.5,6.2,11.2,0.922
12.5,12.5,6.3,11.3,0.926
12.5,12.5,6.4,11.4,0.928
12.5,12.5,6.5,11.5,0.938
12.5,12.5,6.6,11.6,0.91
12.5,12.5,6.7,11.7,0.914
12.5,12.5,6.8,11.8,0.934
12.5,12.5,6.9,11.9,0.926
12.5,12.5,7.0,12.0,0.928
12.5,12.5,7.1,12.1,0.92
12.5,12.5,7.2,12.2,0.908
12.5,12.5,7.3,12.3,0.9
12.5,12.5,7.4,12.4,0.9
12.5,12.5,7.5,12.5,0.876
12.5,12.5,7.6,12.6,0.9
12.5,12.5,7.7,12.7,0.908
12.5,12.5,7.8,12.8,0.896
12.5,12.5,7.9,12.9,0.874
12.5,12.5,8.0,13.0,0.848
12.5,12.5,8.1,13.1,0.868
12.5,12.5,8.2,13.2,0.83
12.5,12.5,8.3,13.3,0.832
12.5,12.5,8.4,13.4,0.816
12.5,12.5,8.5,13.5,0.786
12.5,12.5,8.6,13.6,0.784
12.5,12.5,8.7,13.7,0.716
12.5,12.5,8.8,13.8,0.702
12.5,12.5,8.9,13.9,0.678
12.5,12.5,9.0,14.0,0.654
12.5,12.5,9.1,14.1,0.674
12.5,12.5,9.2,14.2,0.562
12.5,12.5,9.3,14.3,0.574
12.5,12.5,9.4,14.4,0.484
12.5,12.5,9.5,14.5,0.49
12.5,12.5,9.6,14.6,0.404
12.5,12.5,9.7,14.7,0.352
12.5,12.5,9.8,14.8,0.33
12.5,12.5,9.9,14.9,0.308
12.5,12.5,10.0,15.0,0.296
12.5,12.5,10.1,15.1,0.284
12.5,12.5,10.2,15.2,0.238
12.5,12.5,10.3,15.3,0.22
12.5,12.5,10.4,15.4,0.21
12.5,12.5,10.5,15.5,0.176
12.5,12.5,10.6,15.6,0.172
12.5,12.5,10.7,15.7,0.19
12.5,12.5,10.8,15.8,0.158
12.5,12.5,10.9,15.9,0.148
12.5,12.5,11.0,16.0,0.132
12.5,12.5,11.1,16.1,0.134
12.5,12.5,11.2,16.2,0.134
12.5,12.5,11.3,16.3,0.152
12.5,12.5,11.4,16.4,0.118
12.5,12.5,11.5,16.5,0.116
12.5,12.5,11.6,16.6,0.114
12.5,12.5,11.7,16.7,0.116
12.5,12.5,11.8,16.8,0.132
12.5,12.5,11.9,16.9,0.13
12.5,12.5,12.0,17.0,0.112
12.5,12.5,12.1,17.1,0.12
12.5,12.5,12.2,17.2,0.104
12.5,12.5,12.3,17.3,0.116
12.5,12.5,12.4,17.4,0.118
12.5,12.5,12.5,17.5,0.098
12.5,12.5,12.6,17.6,0.122
12.5,12.5,12.7,17.7,0.108
12.5,12.5,12.8,17.8,0.11
12.5,12.5,12.9,17.9,0.1
12.5,12.5,13.0,18.0,0.116
12.5,12.5,13.1,18.1,0.09
12.5,12.5,13.2,18.2,0.096
12.5,12.5,13.3,18.3,0.098
12.5,12.5,13.4,18.4,0.112
12.5,12.5,13.5,18.5,0.106
12.5,12.5,13.6,18.6,0.1
12.5,12.5,13.7,18.7,0.104
12.5,12.5,13.8,18.8,0.112
12.5,12.5,13.9,18.9,0.102
12.5,12.5,14.0,19.0,0.072
12.5,12.5,14.1,19.1,0.086
12.5,12.5,14.2,19.2,0.09
12.5,12.5,14.3,19.3,0.086
12.5,12.5,14.4,19.4,0.072
12.5,12.5,14.5,19.5,0.084
12.5,12.5,14.6,19.6,0.064
12.5,12.5,14.7,19.7,0.09
12.5,12.5,14.8,19.8,0.068
12.5,12.5,14.9,19.9,0.086
12.5,12.5,15.0,20.0,0.06
12.6,12.6,0.0,5.0,0.052
12.6,12.6,0.1,5.1,0.056
12.6,12.6,0.2,5.2,0.052
12.6,12.6,0.3,5.3,0.052
12.6,12.6,0.4,5.4,0.054
12.6,12.6,0.5,5.5,0.03
12.6,12.6,0.6,5.6,0.04
12.6,12.6,0.7,5.7,0.038
12.6,12.6,0.8,5.8,0.058
12.6,12.6,0.9,5.9,0.044
12.6,12.6,1.0,6.0,0.04
12.6,12.6,1.1,6.1,0.054
12.6,12.6,1.2,6.2,0.058
12.6,12.6,1.3,6.3,0.052
12.6,12.6,1.4,6.4,0.056
12.6,12.6,1.5,6.5,0.062
12.6,12.6,1.6,6.6,0.066
12.6,12.6,1.7,6.7,0.058
12.6,12.6,1.8,6.8,0.052
12.6,12.6,1.9,6.9,0.078
12.6,12.6,2.0,7.0,0.108
12.6,12.6,2.1,7.1,0.074
12.6,12.6,2.2,7.2,0.116
12.6,12.6,2.3,7.3,0.166
12.6,12.6,2.4,7.4,0.134
12.6,12.6,2.5,7.5,0.194
12.6,12.6,2.6,7.6,0.218
12.6,12.6,2.7,7.7,0.218
12.6,12.6,2.8,7.8,0.268
12.6,12.6,2.9,7.9,0.31
12.6,12.6,3.0,8.0,0.306
12.6,12.6,3.1,8.1,0.35
12.6,12.6,3.2,8.2,0.408
12.6,12.6,3.3,8.3,0.444
12.6,12.6,3.4,8.4,0.496
12.6,12.6,3.5,8.5,0.544
12.6,12.6,3.6,8.6,0.612
12.6,12.6,3.7,8.7,0.582
12.6,12.6,3.8,8.8,0.664
12.6,12.6,3.9,8.9,0.67
12.6,12.6,4.0,9.0,0.712
12.6,12.6,4.1,9.1,0.73
12.6,12.6,4.2,9.2,0.76
12.6,12.6,4.3,9.3,0.77
12.6,12.6,4.4,9.4,0.792
12.6,12.6,4.5,9.5,0.848
12.6,12.6,4.6,9.6,0.854
12.6,12.6,4.7,9.7,0.838
12.6,12.6,4.8,9.8,0.872
12.6,12.6,4.9,9.9,0.89
12.6,12.6,5.0,10.0,0.904
12.6,12.6,5.1,10.1,0.888
12.6,12.6,5.2,10.2,0.906
12.6,12.6,5.3,10.3,0.884
12.6,12.6,5.4,10.4,0.922
12.6,12.6,5.5,10.5,0.906
12.6,12.6,5.6,10.6,0.928
12.6,12.6,5.7,10.7,0.926
12.6,12.6,5.8,10.8,0.922
12.6,12.6,5.9,10.9,0.932
12.6,12.6,6.0,11.0,0.928
12.6,12.6,6.1,11.1,0.902
12.6,12.6,6.2,11.2,0.916
12.6,12.6,6.3,11.3,0.898
12.6,12.6,6.4,11.4,0.922
12.6,12.6,6.5,11.5,0.928
12.6,12.6,6.6,11.6,0.92
12.6,12.6,6.7,11.7,0.92
12.6,12.6,6.8,11.8,0.924
12.6,12.6,6.9,11.9,0.936
12.6,12.6,7.0,12.0,0.902
12.6,12.6,7.1,12.1,0.912
12.6,12.6,7.2,12.2,0.9
12.6,12.6,7.3,12.3,0.93
12.6,12.6,7.4,12.4,0.894
12.6,12.6,7.5,12.5,0.9
12.6,12.6,7.6,12.6,0.906
12.6,12.6,7.7,12.7,0.91
12.6,12.6,7.8,12.8,0.88
12.6,12.6,7.9,12.9,0.9
12.6,12.6,8.0,13.0,0.846
12.6,12.6,8.1,13.1,0.864
12.6,12.6,8.2,13.2,0.85
12.6,12.6,8.3,13.3,0.848
12.6,12.6,8.4,13.4,0.83
12.6,12.6,8.5,13.5,0.774
12.6,12.6,8.6,13.6,0.784
12.6,12.6,8.7,13.7,0.766
12.6,12.6,8.8,13.8,0.728
12.6,12.6,8.9,13.9,0.714
12.6,12.6,9.0,14.0,0.642
12.6,12.6,9.1,14.1,0.61
12.6,12.6,9.2,14.2,0.598
12.6,12.6,9.3,14.3,0.546
12.6,12.6,9.4,14.4,0.544
12.6,12.6,9.5,14.5,0.5
12.6,12.6,9.6,14.6,0.46
12.6,12.6,9.7,14.7,0.442
12.6,12.6,9.8,14.8,0.382
12.6,12.6,9.9,14.9,0.388
12.6,12.6,10.0,15.0,0.352
12.6,12.6,10.1,15.1,0.278
12.6,12.6,10.2,15.2,0.274
12.6,12.6,10.3,15.3,0.238
12.6,12.6,10.4,15.4,0.208
12.6,12.6,10.5,15.5,0.21
12.6,12.6,10.6,15.6,0.17
12.6,12.6,10.7,15.7,0.146
12.6,12.6,10.8,15.8,0.148
12.6,12.6,10.9,15.9,0.148
12.6,12.6,11.0,16.0,0.152
12.6,12.6,11.1,16.1,0.162
12.6,12.6,11.2,16.2,0.146
12.6,12.6,11.3,16.3,0.122
12.6,12.6,11.4,16.4,0.118
12.6,12.6,11.5,16.5,0.132
12.6,12.6,11.6,16.6,0.106
12.6,12.6,11.7,16.7,0.098
12.6,12.6,11.8,16.8,0.114
12.6,12.6,11.9,16.9,0.106
12.6,12.6,12.0,17.0,0.11
12.6,12.6,12.1,17.1,0.112
12.6,12.6,12.2,17.2,0.12
12.6,12.6,12.3,17.3,0.114
12.6,12.6,12.4,17.4,0.126
12.6,12.6,12.5,17.5,0.13
12.6,12.6,12.6,17.6,0.13
12.6,12.6,12.7,17.7,0.126
12.6,12.6,12.8,17.8,0.098
12.6,12.6,12.9,17.9,0.11
12.6,12.6,13.0,18.0,0.092
12.6,12.6,13.1,18.1,0.122
12.6,12.6,13.2,18.2,0.084
12.6,12.6,13.3,18.3,0.116
12.6,12.6,13.4,18.4,0.102
12.6,12.6,13.5,18.5,0.114
12.6,12.6,13.6,18.6,0.094
12.6,12.6,13.7,18.7,0.11
12.6,12.6,13.8,18.8,0.09
12.6,12.6,13.9,18.9,0.11
12.6,12.6,14.0,19.0,0.106
12.6,12.6,14.1,19.1,0.084
12.6,12.6,14.2,19.2,0.08
12.6,12.6,14.3,19.3,0.084
12.6,12.6,14.4,19.4,0.11
12.6,12.6,14.5,19.5,0.078
12.6,12.6,14.6,19.6,0.082
12.6,12.6,14.7,19.7,0.088
12.6,12.6,14.8,19.8,0.074
12.6,12.6,14.9,19.9,0.09
12.6,12.6,15.0,20.0,0.066
12.7,12.7,0.0,5.0,0.044
12.7,12.7,0.1,5.1,0.046
12.7,12.7,0.2,5.2,0.052
12.7,12.7,0.3,5.3,0.042
12.7,12.7,0.4,5.4,0.052
12.7,12.7,0.5,5.5,0.05
12.7,12.7,0.6,5.6,0.068
12.7,12.7,0.7,5.7,0.052
12.7,12.7,0.8,5.8,0.048
12.7,12.7,0.9,5.9,0.046
12.7,12.7,1.0,6.0,0.04
12.7,12.7,1.1,6.1,0.064
12.7,12.7,1.2,6.2,0.044
12.7,12.7,1.3,6.3,0.066
12.7,12.7,1.4,6.4,0.05
12.7,12.7,1.5,6.5,0.066
12.7,12.7,1.6,6.6,0.052
12.7,12.7,1.7,6.7,0.09
12.7,12.7,1.8,6.8,0.066
12.7,12.7,1.9,6.9,0.08
12.7,12.7,2.0,7.0,0.076
12.7,12.7,2.1,7.1,0.106
12.7,12.7,2.2,7.2,0.094
12.7,12.7,2.3,7.3,0.11
12.7,12.7,2.4,7.4,0.112
12.7,12.7,2.5,7.5,0.148
12.7,12.7,2.6,7.6,0.136
12.7,12.7,2.7,7.7,0.2
12.7,12.7,2.8,7.8,0.214
12.7,12.7,2.9,7.9,0.262
12.7,12.7,3.0,8.0,0.29
12.7,12.7,3.1,8.1,0.334
12.7,12.7,3.2,8.2,0.356
12.7,12.7,3.3,8.3,0.374
12.7,12.7,3.4,8.4,0.492
12.7,12.7,3.5,8.5,0.512
12.7,12.7,3.6,8.6,0.53
12.7,12.7,3.7,8.7,0.57
12.7,12.7,3.8,8.8,0.578
12.7,12.7,3.9,8.9,0.636
12.7,12.7,4.0,9.0,0.668
12.7,12.7,4.1,9.1,0.71
12.7,12.7,4.2,9.2,0.74
12.7,12.7,4.3,9.3,0.778
12.7,12.7,4.4,9.4,0.772
12.7,12.7,4.5,9.5,0.798
12.7,12.7,4.6,9.6,0.812
12.7,12.7,4.7,9.7,0.802
12.7,12.7,4.8,9.8,0.826
12.7,12.7,4.9,9.9,0.876
12.7,12.7,5.0,10.0,0.882
12.7,12.7,5.1,10.1,0.88
12.7,12.7,5.2,10.2,0.884
12.7,12.7,5.3,10.3,0.87
12.7,12.7,5.4,10.4,0.902
12.7,12.7,5.5,10.5,0.882
12.7,12.7,5.6,10.6,0.912
12.7,12.7,5.7,10.7,0.914
12.7,12.7,5.8,10.8,0.892
12.7,12.7,5.9,10.9,0.9
12.7,12.7,6.0,11.0,0.926
12.7,12.7,6.1,11.1,0.908
12.7,12.7,6.2,11.2,0.918
12.7,12.7,6.3,11.3,0.93
12.7,12.7,6.4,11.4,0.942
12.7,12.7,6.5,11.5,0.932
12.7,12.7,6.6,11.6,0.918
12.7,12.7,6.7,11.7,0.926
12.7,12.7,6.8,11.8,0.936
12.7,12.7,6.9,11.9,0.916
12.7,12.7,7.0,12.0,0.916
12.7,12.7,7.1,12.1,0.936
12.7,12.7,7.2,12.2,0.944
12.7,12.7,7.3,12.3,0.918
12.7,12.7,7.4,12.4,0.904
12.7,12.7,7.5,12.5,0.888
12.7,12.7,7.6,12.6,0.888
12.7,12.7,7.7,12.7,0.912
12.7,12.7,7.8,12.8,0.91
12.7,12.7,7.9,12.9,0.892
12.7,12.7,8.0,13.0,0.896
12.7,12.7,8.1,13.1,0.882
12.7,12.7,8.2,13.2,0.844
12.7,12.7,8.3,13.3,0.862
12.7,12.7,8.4,13.4,0.854
12.7,12.7,8.5,13.5,0.804
12.7,12.7,8.6,13.6,0.836
12.7,12.7,8.7,13.7,0.788
12.7,12.7,8.8,13.8,0.766
12.7,12.7,8.9,13.9,0.736
12.7,12.7,9.0,14.0,0.706
12.7,12.7,9.1,14.1,0.676
12.7,12.7,9.2,14.2,0.654
12.7,12.7,9.3,14.3,0.582
12.7,12.7,9.4,14.4,0.548
12.7,12.7,9.5,14.5,0.552
12.7,12.7,9.6,14.6,0.526
12.7,12.7,9.7,14.7,0.464
12.7,12.7,9.8,14.8,0.432
12.7,12.7,9.9,14.9,0.398
12.7,12.7,10.0,15.0,0.32
12.7,12.7,10.1,15.1,0.304
12.7,12.7,10.2,15.2,0.312
12.7,12.7,10.3,15.3,0.258
12.7,12.7,10.4,15.4,0.252
12.7,12.7,10.5,15.5,0.224
12.7,12.7,10.6,15.6,0.228
12.7,12.7,10.7,15.7,0.168
12.7,12.7,10.8,15.8,0.184
12.7,12.7,10.9,15.9,0.178
12.7,12.7,11.0,16.0,0.158
12.7,12.7,11.1,16.1,0.144
12.7,12.7,11.2,16.2,0.16
12.7,12.7,11.3,16.3,0.142
12.7,12.7,11.4,16.4,0.128
12.7,12.7,11.5,16.5,0.126
12.7,12.7,11.6,16.6,0.124
12.7,12.7,11.7,16.7,0.128
12.7,12.7,11.8,16.8,0.126
12.7,12.7,11.9,16.9,0.116
12.7,12.7,12.0,17.0,0.114
12.7,12.7,12.1,17.1,0.088
12.7,12.7,12.2,17.2,0.116
12.7,12.7,12.3,17.3,0.114
12.7,12.7,12.4,17.4,0.084
12.7,12.7,12.5,17.5,0.12
12.7,12.7,12.6,17.6,0.114
12.7,12.7,12.7,17.7,0.09
12.7,12.7,12.8,17.8,0.098
12.7,12.7,12.9,17.9,0.094
12.7,12.7,13.0,18.0,0.126
12.7,12.7,13.1,18.1,0.074
12.7,12.7,13.2,18.2,0.082
12.7,12.7,13.3,18.3,0.084
12.7,12.7,13.4,18.4,0.128
12.7,12.7,13.5,18.5,0.112
12.7,12.7,13.6,18.6,0.104
12.7,12.7,13.7,18.7,0.1
12.7,12.7,13.8,18.8,0.1
12.7,12.7,13.9,18.9,0.068
12.7,12.7,14.0,19.0,0.122
12.7,12.7,14.1,19.1,0.09
12.7,12.7,14.2,19.2,0.068
12.7,12.7,14.3,19.3,0.068
12.7,12.7,14.4,19.4,0.106
12.7,12.7,14.5,19.5,0.078
12.7,12.7,14.6,19.6,0.068
12.7,12.7,14.7,19.7,0.08
12.7,12.7,14.8,19.8,0.084
12.7,12.7,14.9,19.9,0.048
12.7,12.7,15.0,20.0,0.082
12.8,12.8,0.0,5.0,0.038
12.8,12.8,0.1,5.1,0.024
12.8,12.8,0.2,5.2,0.058
12.8,12.8,0.3,5.3,0.046
12.8,12.8,0.4,5.4,0.048
12.8,12.8,0.5,5.5,0.052
12.8,12.8,0.6,5.6,0.05
12.8,12.8,0.7,5.7,0.044
12.8,12.8,0.8,5.8,0.032
12.8,12.8,0.9,5.9,0.044
12.8,12.8,1.0,6.0,0.05
12.8,12.8,1.1,6.1,0.058
12.8,12.8,1.2,6.2,0.05
12.8,12.8,1.3,6.3,0.04
12.8,12.8,1.4,6.4,0.06
12.8,12.8,1.5,6.5,0.05
12.8,12.8,1.6,6.6,0.086
12.8,12.8,1.7,6.7,0.048
12.8,12.8,1.8,6.8,0.07
12.8,12.8,1.9,6.9,0.066
12.8,12.8,2.0,7.0,0.076
12.8,12.8,2.1,7.1,0.08
12.8,12.8,2.2,7.2,0.114
12.8,12.8,2.3,7.3,0.096
12.8,12.8,2.4,7.4,0.114
12.8,12.8,2.5,7.5,0.132
12.8,12.8,2.6,7.6,0.14
12.8,12.8,2.7,7.7,0.196
12.8,12.8,2.8,7.8,0.18
12.8,12.8,2.9,7.9,0.18
12.8,12.8,3.0,8.0,0.266
12.8,12.8,3.1,8.1,0.302
12.8,12.8,3.2,8.2,0.326
12.8,12.8,3.3,8.3,0.356
12.8,12.8,3.4,8.4,0.384
12.8,12.8,3.5,8.5,0.442
12.8,12.8,3.6,8.6,0.476
12.8,12.8,3.7,8.7,0.542
12.8,12.8,3.8,8.8,0.554
12.8,12.8,3.9,8.9,0.608
12.8,12.8,4.0,9.0,0.664
12.8,12.8,4.1,9.1,0.664
12.8,12.8,4.2,9.2,0.712
12.8,12.8,4.3,9.3,0.74
12.8,12.8,4.4,9.4,0.764
12.8,12.8,4.5,9.5,0.818
12.8,12.8,4.6,9.6,0.776
12.8,12.8,4.7,9.7,0.8
12.8,12.8,4.8,9.8,0.804
12.8,12.8,4.9,9.9,0.82
12.8,12.8,5.0,10.0,0.852
12.8,12.8,5.1,10.1,0.896
12.8,12.8,5.2,10.2,0.856
12.8,12.8,5.3,10.3,0.89
12.8,12.8,5.4,10.4,0.894
12.8,12.8,5.5,10.5,0.912
12.8,12.8,5.6,10.6,0.878
12.8,12.8,5.7,10.7,0.902
12.8,12.8,5.8,10.8,0.9
12.8,12.8,5.9,10.9,0.924
12.8,12.8,6.0,11.0,0.94
12.8,12.8,6.1,11.1,0.912
12.8,12.8,6.2,11.2,0.916
12.8,12.8,6.3,11.3,0.926
12.8,12.8,6.4,11.4,0.896
12.8,12.8,6.5,11.5,0.91
12.8,12.8,6.6,11.6,0.94
12.8,12.8,6.7,11.7,0.9
12.8,12.8,6.8,11.8,0.928
12.8,12.8,6.9,11.9,0.918
12.8,12.8,7.0,12.0,0.92
12.8,12.8,7.1,12.1,0.916
12.8,12.8,7.2,12.2,0.93
12.8,12.8,7.3,12.3,0.914
12.8,12.8,7.4,12.4,0.922
12.8,12.8,7.5,12.5,0.918
12.8,12.8,7.6,12.6,0.92
12.8,12.8,7.7,12.7,0.892
12.8,12.8,7.8,12.8,0.904
12.8,12.8,7.9,12.9,0.876
12.8,12.8,8.0,13.0,0.892
12.8,12.8,8.1,13.1,0.882
12.8,12.8,8.2,13.2,0.908
12.8,12.8,8.3,13.3,0.844
12.8,12.8,8.4,13.4,0.866
12.8,12.8,8.5,13.5,0.828
12.8,12.8,8.6,13.6,0.836
12.8,12.8,8.7,13.7,0.818
12.8,12.8,8.8,13.8,0.788
12.8,12.8,8.9,13.9,0.772
12.8,12.8,9.0,14.0,0.716
12.8,12.8,9.1,14.1,0.712
12.8,12.8,9.2,14.2,0.696
12.8,12.8,9.3,14.3,0.64
12.8,12.8,9.4,14.4,0.564
12.8,12.8,9.5,14.5,0.592
12.8,12.8,9.6,14.6,0.528
12.8,12.8,9.7,14.7,0.498
12.8,12.8,9.8,14.8,0.452
12.8,12.8,9.9,14.9,0.426
12.8,12.8,10.0,15.0,0.328
12.8,12.8,10.1,15.1,0.338
12.8,12.8,10.2,15.2,0.364
12.8,12.8,10.3,15.3,0.308
12.8,12.8,10.4,15.4,0.26
12.8,12.8,10.5,15.5,0.262
12.8,12.8,10.6,15.6,0.188
12.8,12.8,10.7,15.7,0.194
12.8,12.8,10.8,15.8,0.194
12.8,12.8,10.9,15.9,0.164
12.8,12.8,11.0,16.0,0.152
12.8,12.8,11.1,16.1,0.156
12.8,12.8,11.2,16.2,0.106
12.8,12.8,11.3,16.3,0.148
12.8,12.8,11.4,16.4,0.136
12.8,12.8,11.5,16.5,0.142
12.8,12.8,11.6,16.6,0.13
12.8,12.8,11.7,16.7,0.124
12.8,12.8,11.8,16.8,0.118
12.8,12.8,11.9,16.9,0.118
12.8,12.8,12.0,17.0,0.12
12.8,12.8,12.1,17.1,0.086
12.8,12.8,12.2,17.2,0.108
12.8,12.8,12.3,17.3,0.112
12.8,12.8,12.4,17.4,0.088
12.8,12.8,12.5,17.5,0.11
12.8,12.8,12.6,17.6,0.104
12.8,12.8,12.7,17.7,0.118
12.8,12.8,12.8,17.8,0.102
12.8,12.8,12.9,17.9,0.11
12.8,12.8,13.0,18.0,0.094
12.8,12.8,13.1,18.1,0.106
12.8,12.8,13.2,18.2,0.094
12.8,12.8,13.3,18.3,0.116
12.8,12.8,13.4,18.4,0.11
12.8,12.8,13.5,18.5,0.106
12.8,12.8,13.6,18.6,0.102
12.8,12.8,13.7,18.7,0.088
12.8,12.8,13.8,18.8,0.096
12.8,12.8,13.9,18.9,0.1
12.8,12.8,14.0,19.0,0.08
12.8,12.8,14.1,19.1,0.08
12.8,12.8,14.2,19.2,0.096
12.8,12.8,14.3,19.3,0.078
12.8,12.8,14.4,19.4,0.102
12.8,12.8,14.5,19.5,0.108
12.8,12.8,14.6,19.6,0.09
12.8,12.8,14.7,19.7,0.084
12.8,12.8,14.8,19.8,0.09
12.8,12.8,14.9,19.9,0.088
12.8,12.8,15.0,20.0,0.098
12.9,12.9,0.0,5.0,0.06
12.9,12.9,0.1,5.1,0.05
12.9,12.9,0.2,5.2,0.058
12.9,12.9,0.3,5.3,0.04
12.9,12.9,0.4,5.4,0.058
12.9,12.9,0.5,5.5,0.044
12.9,12.9,0.6,5.6,0.054
12.9,12.9,0.7,5.7,0.046
12.9,12.9,0.8,5.8,0.058
12.9,12.9,0.9,5.9,0.06
12.9,12.9,1.0,6.0,0.05
12.9,12.9,1.1,6.1,0.042
12.9,12.9,1.2,6.2,0.046
12.9,12.9,1.3,6.3,0.048
12.9,12.9,1.4,6.4,0.038
12.9,12.9,1.5,6.5,0.052
12.9,12.9,1.6,6.6,0.036
12.9,12.9,1.7,6.7,0.05
12.9,12.9,1.8,6.8,0.066
12.9,12.9,1.9,6.9,0.068
12.9,12.9,2.0,7.0,0.058
12.9,12.9,2.1,7.1,0.074
12.9,12.9,2.2,7.2,0.084
12.9,12.9,2.3,7.3,0.104
12.9,12.9,2.4,7.4,0.088
12.9,12.9,2.5,7.5,0.1
12.9,12.9,2.6,7.6,0.13
12.9,12.9,2.7,7.7,0.15
12.9,12.9,2.8,7.8,0.16
12.9,12.9,2.9,7.9,0.226
12.9,12.9,3.0,8.0,0.238
12.9,12.9,3.1,8.1,0.224
12.9,12.9,3.2,8.2,0.274
12.9,12.9,3.3,8.3,0.298
12.9,12.9,3.4,8.4,0.332
12.9,12.9,3.5,8.5,0.396
12.9,12.9,3.6,8.6,0.494
12.9,12.9,3.7,8.7,0.482
12.9,12.9,3.8,8.8,0.566
12.9,12.9,3.9,8.9,0.55
12.9,12.9,4.0,9.0,0.612
12.9,12.9,4.1,9.1,0.646
12.9,12.9,4.2,9.2,0.668
12.9,12.9,4.3,9.3,0.678
12.9,12.9,4.4,9.4,0.702
12.9,12.9,4.5,9.5,0.742
12.9,12.9,4.6,9.6,0.78
12.9,12.9,4.7,9.7,0.786
12.9,12.9,4.8,9.8,0.824
12.9,12.9,4.9,9.9,0.832
12.9,12.9,5.0,10.0,0.856
12.9,12.9,5.1,10.1,0.86
12.9,12.9,5.2,10.2,0.886
12.9,12.9,5.3,10.3,0.878
12.9,12.9,5.4,10.4,0.884
12.9,12.9,5.5,10.5,0.88
12.9,12.9,5.6,10.6,0.874
12.9,12.9,5.7,10.7,0.882
12.9,12.9,5.8,10.8,0.902
12.9,12.9,5.9,10.9,0.89
12.9,12.9,6.0,11.0,0.902
12.9,12.9,6.1,11.1,0.92
12.9,12.9,6.2,11.2,0.9
12.9,12.9,6.3,11.3,0.918
12.9,12.9,6.4,11.4,0.92
12.9,12.9,6.5,11.5,0.91
12.9,12.9,6.6,11.6,0.93
12.9,12.9,6.7,11.7,0.926
12.9,12.9,6.8,11.8,0.924
12.9,12.9,6.9,11.9,0.932
12.9,12.9,7.0,12.0,0.92
12.9,12.9,7.1,12.1,0.922
12.9,12.9,7.2,12.2,0.91
12.9,12.9,7.3,12.3,0.928
12.9,12.9,7.4,12.4,0.922
12.9,12.9,7.5,12.5,0.926
12.9,12.9,7.6,12.6,0.92
12.9,12.9,7.7,12.7,0.896
12.9,12.9,7.8,12.8,0.926
12.9,12.9,7.9,12.9,0.916
12.9,12.9,8.0,13.0,0.898
12.9,12.9,8.1,13.1,0.908
12.9,12.9,8.2,13.2,0.884
12.9,12.9,8.3,13.3,0.874
12.9,12.9,8.4,13.4,0.86
12.9,12.9,8.5,13.5,0.866
12.9,12.9,8.6,13.6,0.852
12.9,12.9,8.7,13.7,0.822
12.9,12.9,8.8,13.8,0.804
12.9,12.9,8.9,13.9,0.794
12.9,12.9,9.0,14.0,0.782
12.9,12.9,9.1,14.1,0.728
12.9,12.9,9.2,14.2,0.694
12.9,12.9,9.3,14.3,0.682
12.9,12.9,9.4,14.4,0.66
12.9,12.9,9.5,14.5,0.624
12.9,12.9,9.6,14.6,0.604
12.9,12.9,9.7,14.7,0.54
12.9,12.9,9.8,14.8,0.462
12.9,12.9,9.9,14.9,0.484
12.9,12.9,10.0,15.0,0.436
12.9,12.9,10.1,15.1,0.394
12.9,12.9,10.2,15.2,0.338
12.9,12.9,10.3,15.3,0.306
12.9,12.9,10.4,15.4,0.282
12.9,12.9,10.5,15.5,0.236
12.9,12.9,10.6,15.6,0.23
12.9,12.9,10.7,15.7,0.2
12.9,12.9,10.8,15.8,0.214
12.9,12.9,10.9,15.9,0.202
12.9,12.9,11.0,16.0,0.168
12.9,12.9,11.1,16.1,0.136
12.9,12.9,11.2,16.2,0.15
12.9,12.9,11.3,16.3,0.156
12.9,12.9,11.4,16.4,0.144
12.9,12.9,11.5,16.5,0.146
12.9,12.9,11.6,16.6,0.146
12.9,12.9,11.7,16.7,0.132
12.9,12.9,11.8,16.8,0.14
12.9,12.9,11.9,16.9,0.094
12.9,12.9,12.0,17.0,0.098
12.9,12.9,12.1,17.1,0.12
12.9,12.9,12.2,17.2,0.108
12.9,12.9,12.3,17.3,0.118
12.9,12.9,12.4,17.4,0.118
12.9,12.9,12.5,17.5,0.104
12.9,12.9,12.6,17.6,0.1
12.9,12.9,12.7,17.7,0.114
12.9,12.9,12.8,17.8,0.106
12.9,12.9,12.9,17.9,0.09
12.9,12.9,13.0,18.0,0.128
12.9,12.9,13.1,18.1,0.08
12.9,12.9,13.2,18.2,0.082
12.9,12.9,13.3,18.3,0.098
12.9,12.9,13.4,18.4,0.134
12.9,12.9,13.5,18.5,0.104
12.9,12.9,13.6,18.6,0.102
12.9,12.9,13.7,18.7,0.094
12.9,12.9,13.8,18.8,0.106
12.9,12.9,13.9,18.9,0.094
12.9,12.9,14.0,19.0,0.122
12.9,12.9,14.1,19.1,0.09
12.9,12.9,14.2,19.2,0.074
12.9,12.9,14.3,19.3,0.078
12.9,12.9,14.4,19.4,0.084
12.9,12.9,14.5,19.5,0.104
12.9,12.9,14.6,19.6,0.096
12.9,12.9,14.7,19.7,0.094
12.9,12.9,14.8,19.8,0.098
12.9,12.9,14.9,19.9,0.082
12.9,12.9,15.0,20.0,0.078
13.0,13.0,0.0,5.0,0.034
13.0,13.0,0.1,5.1,0.054
13.0,13.0,0.2,5.2,0.048
13.0,13.0,0.3,5.3,0.056
13.0,13.0,0.4,5.4,0.06
13.0,13.0,0.5,5.5,0.054
13.0,13.0,0.6,5.6,0.048
13.0,13.0,0.7,5.7,0.05
13.0,13.0,0.8,5.8,0.05
13.0,13.0,0.9,5.9,0.042
13.0,13.0,1.0,6.0,0.052
13.0,13.0,1.1,6.1,0.048
13.0,13.0,1.2,6.2,0.044
13.0,13.0,1.3,6.3,0.042
13.0,13.0,1.4,6.4,0.064
13.0,13.0,1.5,6.5,0.054
13.0,13.0,1.6,6.6,0.07
13.0,13.0,1.7,6.7,0.058
13.0,13.0,1.8,6.8,0.058
13.0,13.0,1.9,6.9,0.042
13.0,13.0,2.0,7.0,0.056
13.0,13.0,2.1,7.1,0.068
13.0,13.0,2.2,7.2,0.056
13.0,13.0,2.3,7.3,0.07
13.0,13.0,2.4,7.4,0.108
13.0,13.0,2.5,7.5,0.12
13.0,13.0,2.6,7.6,0.102
13.0,13.0,2.7,7.7,0.13
13.0,13.0,2.8,7.8,0.142
13.0,13.0,2.9,7.9,0.176
13.0,13.0,3.0,8.0,0.174
13.0,13.0,3.1,8.1,0.228
13.0,13.0,3.2,8.2,0.256
13.0,13.0,3.3,8.3,0.284
13.0,13.0,3.4,8.4,0.364
13.0,13.0,3.5,8.5,0.362
13.0,13.0,3.6,8.6,0.432
13.0,13.0,3.7,8.7,0.474
13.0,13.0,3.8,8.8,0.498
13.0,13.0,3.9,8.9,0.546
13.0,13.0,4.0,9.0,0.59
13.0,13.0,4.1,9.1,0.636
13.0,13.0,4.2,9.2,0.652
13.0,13.0,4.3,9.3,0.682
13.0,13.0,4.4,9.4,0.712
13.0,13.0,4.5,9.5,0.75
13.0,13.0,4.6,9.6,0.762
13.0,13.0,4.7,9.7,0.772
13.0,13.0,4.8,9.8,0.82
13.0,13.0,4.9,9.9,0.81
13.0,13.0,5.0,10.0,0.824
13.0,13.0,5.1,10.1,0.862
13.0,13.0,5.2,10.2,0.864
13.0,13.0,5.3,10.3,0.866
13.0,13.0,5.4,10.4,0.89
13.0,13.0,5.5,10.5,0.892
13.0,13.0,5.6,10.6,0.9
13.0,13.0,5.7,10.7,0.888
13.0,13.0,5.8,10.8,0.906
13.0,13.0,5.9,10.9,0.888
13.0,13.0,6.0,11.0,0.898
13.0,13.0,6.1,11.1,0.912
13.0,13.0,6.2,11.2,0.88
13.0,13.0,6.3,11.3,0.926
13.0,13.0,6.4,11.4,0.914
13.0,13.0,6.5,11.5,0.922
13.0,13.0,6.6,11.6,0.93
13.0,13.0,6.7,11.7,0.92
13.0,13.0,6.8,11.8,0.926
13.0,13.0,6.9,11.9,0.93
13.0,13.0,7.0,12.0,0.946
13.0,13.0,7.1,12.1,0.912
13.0,13.0,7.2,12.2,0.898
13.0,13.0,7.3,12.3,0.926
13.0,13.0,7.4,12.4,0.916
13.0,13.0,7.5,12.5,0.912
13.0,13.0,7.6,12.6,0.934
13.0,13.0,7.7,12.7,0.898
13.0,13.0,7.8,12.8,0.918
13.0,13.0,7.9,12.9,0.882
13.0,13.0,8.0,13.0,0.896
13.0,13.0,8.1,13.1,0.898
13.0,13.0,8.2,13.2,0.906
13.0,13.0,8.3,13.3,0.896
13.0,13.0,8.4,13.4,0.876
13.0,13.0,8.5,13.5,0.858
13.0,13.0,8.6,13.6,0.834
13.0,13.0,8.7,13.7,0.846
13.0,13.0,8.8,13.8,0.822
13.0,13.0,8.9,13.9,0.812
13.0,13.0,9.0,14.0,0.798
13.0,13.0,9.1,14.1,0.782
13.0,13.0,9.2,14.2,0.77
13.0,13.0,9.3,14.3,0.754
13.0,13.0,9.4,14.4,0.698
13.0,13.0,9.5,14.5,0.648
13.0,13.0,9.6,14.6,0.592
13.0,13.0,9.7,14.7,0.606
13.0,13.0,9.8,14.8,0.522
13.0,13.0,9.9,14.9,0.508
13.0,13.0,10.0,15.0,0.468
13.0,13.0,10.1,15.1,0.408
13.0,13.0,10.2,15.2,0.382
13.0,13.0,10.3,15.3,0.342
13.0,13.0,10.4,15.4,0.304
13.0,13.0,10.5,15.5,0.322
13.0,13.0,10.6,15.6,0.276
13.0,13.0,10.7,15.7,0.24
13.0,13.0,10.8,15.8,0.224
13.0,13.0,10.9,15.9,0.208
13.0,13.0,11.0,16.0,0.2
13.0,13.0,11.1,16.1,0.184
13.0,13.0,11.2,16.2,0.174
13.0,13.0,11.3,16.3,0.142
13.0,13.0,11.4,16.4,0.162
13.0,13.0,11.5,16.5,0.132
13.0,13.0,11.6,16.6,0.15
13.0,13.0,11.7,16.7,0.146
13.0,13.0,11.8,16.8,0.13
13.0,13.0,11.9,16.9,0.136
13.0,13.0,12.0,17.0,0.108
13.0,13.0,12.1,17.1,0.102
13.0,13.0,12.2,17.2,0.102
13.0,13.0,12.3,17.3,0.12
13.0,13.0,12.4,17.4,0.134
13.0,13.0,12.5,17.5,0.126
13.0,13.0,12.6,17.6,0.142
13.0,13.0,12.7,17.7,0.118
13.0,13.0,12.8,17.8,0.086
13.0,13.0,12.9,17.9,0.102
13.0,13.0,13.0,18.0,0.128
13.0,13.0,13.1,18.1,0.1
13.0,13.0,13.2,18.2,0.11
13.0,13.0,13.3,18.3,0.14
13.0,13.0,13.4,18.4,0.084
13.0,13.0,13.5,18.5,0.108
13.0,13.0,13.6,18.6,0.11
13.0,13.0,13.7,18.7,0.112
13.0,13.0,13.8,18.8,0.104
13.0,13.0,13.9,18.9,0.094
13.0,13.0,14.0,19.0,0.094
13.0,13.0,14.1,19.1,0.11
13.0,13.0,14.2,19.2,0.116
13.0,13.0,14.3,19.3,0.09
13.0,13.0,14.4,19.4,0.106
13.0,13.0,14.5,19.5,0.096
13.0,13.0,14.6,19.6,0.098
13.0,13.0,14.7,19.7,0.106
13.0,13.0,14.8,19.8,0.106
13.0,13.0,14.9,19.9,0.066
13.0,13.0,15.0,20.0,0.082
13.1,13.1,0.0,5.0,0.078
13.1,13.1,0.1,5.1,0.07
13.1,13.1,0.2,5.2,0.056
13.1,13.1,0.3,5.3,0.044
13.1,13.1,0.4,5.4,0.046
13.1,13.1,0.5,5.5,0.052
13.1,13.1,0.6,5.6,0.066
13.1,13.1,0.7,5.7,0.058
13.1,13.1,0.8,5.8,0.054
13.1,13.1,0.9,5.9,0.054
13.1,13.1,1.0,6.0,0.05
13.1,13.1,1.1,6.1,0.026
13.1,13.1,1.2,6.2,0.046
13.1,13.1,1.3,6.3,0.046
13.1,13.1,1.4,6.4,0.06
13.1,13.1,1.5,6.5,0.056
13.1,13.1,1.6,6.6,0.042
13.1,13.1,1.7,6.7,0.05
13.1,13.1,1.8,6.8,0.046
13.1,13.1,1.9,6.9,0.064
13.1,13.1,2.0,7.0,0.058
13.1,13.1,2.1,7.1,0.07
13.1,13.1,2.2,7.2,0.048
13.1,13.1,2.3,7.3,0.092
13.1,13.1,2.4,7.4,0.07
13.1,13.1,2.5,7.5,0.096
13.1,13.1,2.6,7.6,0.102
13.1,13.1,2.7,7.7,0.112
13.1,13.1,2.8,7.8,0.12
13.1,13.1,2.9,7.9,0.148
13.1,13.1,3.0,8.0,0.204
13.1,13.1,3.1,8.1,0.214
13.1,13.1,3.2,8.2,0.218
13.1,13.1,3.3,8.3,0.27
13.1,13.1,3.4,8.4,0.284
13.1,13.1,3.5,8.5,0.322
13.1,13.1,3.6,8.6,0.36
13.1,13.1,3.7,8.7,0.416
13.1,13.1,3.8,8.8,0.43
13.1,13.1,3.9,8.9,0.472
13.1,13.1,4.0,9.0,0.524
13.1,13.1,4.1,9.1,0.58
13.1,13.1,4.2,9.2,0.642
13.1,13.1,4.3,9.3,0.626
13.1,13.1,4.4,9.4,0.722
13.1,13.1,4.5,9.5,0.698
13.1,13.1,4.6,9.6,0.738
13.1,13.1,4.7,9.7,0.768
13.1,13.1,4.8,9.8,0.756
13.1,13.1,4.9,9.9,0.806
13.1,13.1,5.0,10.0,0.814
13.1,13.1,5.1,10.1,0.866
13.1,13.1,5.2,10.2,0.848
13.1,13.1,5.3,10.3,0.856
13.1,13.1,5.4,10.4,0.87
13.1,13.1,5.5,10.5,0.878
13.1,13.1,5.6,10.6,0.86
13.1,13.1,5.7,10.7,0.924
13.1,13.1,5.8,10.8,0.922
13.1,13.1,5.9,10.9,0.914
13.1,13.1,6.0,11.0,0.916
13.1,13.1,6.1,11.1,0.9
13.1,13.1,6.2,11.2,0.93
13.1,13.1,6.3,11.3,0.9
13.1,13.1,6.4,11.4,0.914
13.1,13.1,6.5,11.5,0.916
13.1,13.1,6.6,11.6,0.932
13.1,13.1,6.7,11.7,0.918
13.1,13.1,6.8,11.8,0.928
13.1,13.1,6.9,11.9,0.938
13.1,13.1,7.0,12.0,0.934
13.1,13.1,7.1,12.1,0.92
13.1,13.1,7.2,12.2,0.924
13.1,13.1,7.3,12.3,0.936
13.1,13.1,7.4,12.4,0.932
13.1,13.1,7.5,12.5,0.922
13.1,13.1,7.6,12.6,0.928
13.1,13.1,7.7,12.7,0.92
13.1,13.1,7.8,12.8,0.916
13.1,13.1,7.9,12.9,0.89
13.1,13.1,8.0,13.0,0.892
13.1,13.1,8.1,13.1,0.884
13.1,13.1,8.2,13.2,0.896
13.1,13.1,8.3,13.3,0.898
13.1,13.1,8.4,13.4,0.88
13.1,13.1,8.5,13.5,0.852
13.1,13.1,8.6,13.6,0.856
13.1,13.1,8.7,13.7,0.846
13.1,13.1,8.8,13.8,0.834
13.1,13.1,8.9,13.9,0.81
13.1,13.1,9.0,14.0,0.78
13.1,13.1,9.1,14.1,0.752
13.1,13.1,9.2,14.2,0.78
13.1,13.1,9.3,14.3,0.74
13.1,13.1,9.4,14.4,0.702
13.1,13.1,9.5,14.5,0.688
13.1,13.1,9.6,14.6,0.658
13.1,13.1,9.7,14.7,0.614
13.1,13.1,9.8,14.8,0.596
13.1,13.1,9.9,14.9,0.522
13.1,13.1,10.0,15.0,0.528
13.1,13.1,10.1,15.1,0.418
13.1,13.1,10.2,15.2,0.418
13.1,13.1,10.3,15.3,0.382
13.1,13.1,10.4,15.4,0.398
13.1,13.1,10.5,15.5,0.344
13.1,13.1,10.6,15.6,0.27
13.1,13.1,10.7,15.7,0.274
13.1,13.1,10.8,15.8,0.246
13.1,13.1,10.9,15.9,0.232
13.1,13.1,11.0,16.0,0.214
13.1,13.1,11.1,16.1,0.202
13.1,13.1,11.2,16.2,0.172
13.1,13.1,11.3,16.3,0.16
13.1,13.1,11.4,16.4,0.184
13.1,13.1,11.5,16.5,0.146
13.1,13.1,11.6,16.6,0.164
13.1,13.1,11.7,16.7,0.156
13.1,13.1,11.8,16.8,0.16
13.1,13.1,11.9,16.9,0.114
13.1,13.1,12.0,17.0,0.13
13.1,13.1,12.1,17.1,0.116
13.1,13.1,12.2,17.2,0.128
13.1,13.1,12.3,17.3,0.126
13.1,13.1,12.4,17.4,0.116
13.1,13.1,12.5,17.5,0.132
13.1,13.1,12.6,17.6,0.116
13.1,13.1,12.7,17.7,0.114
13.1,13.1,12.8,17.8,0.112
13.1,13.1,12.9,17.9,0.128
13.1,13.1,13.0,18.0,0.092
13.1,13.1,13.1,18.1,0.118
13.1,13.1,13.2,18.2,0.096
13.1,13.1,13.3,18.3,0.11
13.1,13.1,13.4,18.4,0.094
13.1,13.1,13.5,18.5,0.108
13.1,13.1,13.6,18.6,0.106
13.1,13.1,13.7,18.7,0.108
13.1,13.1,13.8,18.8,0.084
13.1,13.1,13.9,18.9,0.122
13.1,13.1,14.0,19.0,0.098
13.1,13.1,14.1,19.1,0.074
13.1,13.1,14.2,19.2,0.104
13.1,13.1,14.3,19.3,0.088
13.1,13.1,14.4,19.4,0.112
13.1,13.1,14.5,19.5,0.09
13.1,13.1,14.6,19.6,0.072
13.1,13.1,14.7,19.7,0.084
13.1,13.1,14.8,19.8,0.118
13.1,13.1,14.9,19.9,0.072
13.1,13.1,15.0,20.0,0.07
13.2,13.2,0.0,5.0,0.042
13.2,13.2,0.1,5.1,0.064
13.2,13.2,0.2,5.2,0.062
13.2,13.2,0.3,5.3,0.046
13.2,13.2,0.4,5.4,0.072
13.2,13.2,0.5,5.5,0.058
13.2,13.2,0.6,5.6,0.048
13.2,13.2,0.7,5.7,0.058
13.2,13.2,0.8,5.8,0.044
13.2,13.2,0.9,5.9,0.05
13.2,13.2,1.0,6.0,0.04
13.2,13.2,1.1,6.1,0.046
13.2,13.2,1.2,6.2,0.062
13.2,13.2,1.3,6.3,0.038
13.2,13.2,1.4,6.4,0.036
13.2,13.2,1.5,6.5,0.038
13.2,13.2,1.6,6.6,0.054
13.2,13.2,1.7,6.7,0.05
13.2,13.2,1.8,6.8,0.04
13.2,13.2,1.9,6.9,0.076
13.2,13.2,2.0,7.0,0.06
13.2,13.2,2.1,7.1,0.068
13.2,13.2,2.2,7.2,0.068
13.2,13.2,2.3,7.3,0.068
13.2,13.2,2.4,7.4,0.08
13.2,13.2,2.5,7.5,0.084
13.2,13.2,2.6,7.6,0.072
13.2,13.2,2.7,7.7,0.094
13.2,13.2,2.8,7.8,0.118
13.2,13.2,2.9,7.9,0.128
13.2,13.2,3.0,8.0,0.148
13.2,13.2,3.1,8.1,0.154
13.2,13.2,3.2,8.2,0.212
13.2,13.2,3.3,8.3,0.198
13.2,13.2,3.4,8.4,0.224
13.2,13.2,3.5,8.5,0.294
13.2,13.2,3.6,8.6,0.324
13.2,13.2,3.7,8.7,0.364
13.2,13.2,3.8,8.8,0.428
13.2,13.2,3.9,8.9,0.448
13.2,13.2,4.0,9.0,0.5
13.2,13.2,4.1,9.1,0.536
13.2,13.2,4.2,9.2,0.608
13.2,13.2,4.3,9.3,0.65
13.2,13.2,4.4,9.4,0.676
13.2,13.2,4.5,9.5,0.67
13.2,13.2,4.6,9.6,0.706
13.2,13.2,4.7,9.7,0.738
13.2,13.2,4.8,9.8,0.758
13.2,13.2,4.9,9.9,0.796
13.2,13.2,5.0,10.0,0.812
13.2,13.2,5.1,10.1,0.826
13.2,13.2,5.2,10.2,0.834
13.2,13.2,5.3,10.3,0.836
13.2,13.2,5.4,10.4,0.848
13.2,13.2,5.5,10.5,0.878
13.2,13.2,5.6,10.6,0.89
13.2,13.2,5.7,10.7,0.882
13.2,13.2,5.8,10.8,0.892
13.2,13.2,5.9,10.9,0.912
13.2,13.2,6.0,11.0,0.892
13.2,13.2,6.1,11.1,0.926
13.2,13.2,6.2,11.2,0.904
13.2,13.2,6.3,11.3,0.9
13.2,13.2,6.4,11.4,0.928
13.2,13.2,6.5,11.5,0.914
13.2,13.2,6.6,11.6,0.904
13.2,13.2,6.7,11.7,0.94
13.2,13.2,6.8,11.8,0.914
13.2,13.2,6.9,11.9,0.906
13.2,13.2,7.0,12.0,0.89
13.2,13.2,7.1,12.1,0.908
13.2,13.2,7.2,12.2,0.94
13.2,13.2,7.3,12.3,0.888
13.2,13.2,7.4,12.4,0.924
13.2,13.2,7.5,12.5,0.928
13.2,13.2,7.6,12.6,0.934
13.2,13.2,7.7,12.7,0.916
13.2,13.2,7.8,12.8,0.928
13.2,13.2,7.9,12.9,0.924
13.2,13.2,8.0,13.0,0.914
13.2,13.2,8.1,13.1,0.892
13.2,13.2,8.2,13.2,0.9
13.2,13.2,8.3,13.3,0.922
13.2,13.2,8.4,13.4,0.892
13.2,13.2,8.5,13.5,0.894
13.2,13.2,8.6,13.6,0.864
13.2,13.2,8.7,13.7,0.882
13.2,13.2,8.8,13.8,0.836
13.2,13.2,8.9,13.9,0.834
13.2,13.2,9.0,14.0,0.848
13.2,13.2,9.1,14.1,0.818
13.2,13.2,9.2,14.2,0.812
13.2,13.2,9.3,14.3,0.764
13.2,13.2,9.4,14.4,0.73
13.2,13.2,9.5,14.5,0.714
13.2,13.2,9.6,14.6,0.714
13.2,13.2,9.7,14.7,0.672
13.2,13.2,9.8,14.8,0.604
13.2,13.2,9.9,14.9,0.586
13.2,13.2,10.0,15.0,0.508
13.2,13.2,10.1,15.1,0.546
13.2,13.2,10.2,15.2,0.47
13.2,13.2,10.3,15.3,0.432
13.2,13.2,10.4,15.4,0.384
13.2,13.2,10.5,15.5,0.374
13.2,13.2,10.6,15.6,0.342
13.2,13.2,10.7,15.7,0.306
13.2,13.2,10.8,15.8,0.234
13.2,13.2,10.9,15.9,0.25
13.2,13.2,11.0,16.0,0.202
13.2,13.2,11.1,16.1,0.218
13.2,13.2,11.2,16.2,0.216
13.2,13.2,11.3,16.3,0.202
13.2,13.2,11.4,16.4,0.192
13.2,13.2,11.5,16.5,0.16
13.2,13.2,11.6,16.6,0.176
13.2,13.2,11.7,16.7,0.16
13.2,13.2,11.8,16.8,0.146
13.2,13.2,11.9,16.9,0.108
13.2,13.2,12.0,17.0,0.146
13.2,13.2,12.1,17.1,0.142
13.2,13.2,12.2,17.2,0.144
13.2,13.2,12.3,17.3,0.11
13.2,13.2,12.4,17.4,0.108
13.2,13.2,12.5,17.5,0.124
13.2,13.2,12.6,17.6,0.126
13.2,13.2,12.7,17.7,0.118
13.2,13.2,12.8,17.8,0.114
13.2,13.2,12.9,17.9,0.116
13.2,13.2,13.0,18.0,0.104
13.2,13.2,13.1,18.1,0.126
13.2,13.2,13.2,18.2,0.126
13.2,13.2,13.3,18.3,0.106
13.2,13.2,13.4,18.4,0.11
13.2,13.2,13.5,18.5,0.092
13.2,13.2,13.6,18.6,0.102
13.2,13.2,13.7,18.7,0.104
13.2,13.2,13.8,18.8,0.094
13.2,13.2,13.9,18.9,0.1
13.2,13.2,14.0,19.0,0.092
13.2,13.2,14.1,19.1,0.1
13.2,13.2,14.2,19.2,0.102
13.2,13.2,14.3,19.3,0.112
13.2,13.2,14.4,19.4,0.104
13.2,13.2,14.5,19.5,0.112
13.2,13.2,14.6,19.6,0.068
13.2,13.2,14.7,19.7,0.082
13.2,13.2,14.8,19.8,0.068
13.2,13.2,14.9,19.9,0.076
13.2,13.2,15.0,20.0,0.082
13.3,13.3,0.0,5.0,0.06
13.3,13.3,0.1,5.1,0.044
13.3,13.3,0.2,5.2,0.036
13.3,13.3,0.3,5.3,0.044
13.3,13.3,0.4,5.4,0.028
13.3,13.3,0.5,5.5,0.04
13.3,13.3,0.6,5.6,0.05
13.3,13.3,0.7,5.7,0.044
13.3,13.3,0.8,5.8,0.048
13.3,13.3,0.9,5.9,0.052
13.3,13.3,1.0,6.0,0.064
13.3,13.3,1.1,6.1,0.05
13.3,13.3,1.2,6.2,0.034
13.3,13.3,1.3,6.3,0.064
13.3,13.3,1.4,6.4,0.062
13.3,13.3,1.5,6.5,0.044
13.3,13.3,1.6,6.6,0.062
13.3,13.3,1.7,6.7,0.044
13.3,13.3,1.8,6.8,0.046
13.3,13.3,1.9,6.9,0.062
13.3,13.3,2.0,7.0,0.062
13.3,13.3,2.1,7.1,0.068
13.3,13.3,2.2,7.2,0.052
13.3,13.3,2.3,7.3,0.064
13.3,13.3,2.4,7.4,0.07
13.3,13.3,2.5,7.5,0.068
13.3,13.3,2.6,7.6,0.084
13.3,13.3,2.7,7.7,0.094
13.3,13.3,2.8,7.8,0.082
13.3,13.3,2.9,7.9,0.138
13.3,13.3,3.0,8.0,0.152
13.3,13.3,3.1,8.1,0.194
13.3,13.3,3.2,8.2,0.18
13.3,13.3,3.3,8.3,0.206
13.3,13.3,3.4,8.4,0.25
13.3,13.3,3.5,8.5,0.238
13.3,13.3,3.6,8.6,0.256
13.3,13.3,3.7,8.7,0.284
13.3,13.3,3.8,8.8,0.42
13.3,13.3,3.9,8.9,0.424
13.3,13.3,4.0,9.0,0.43
13.3,13.3,4.1,9.1,0.468
13.3,13.3,4.2,9.2,0.554
13.3,13.3,4.3,9.3,0.56
13.3,13.3,4.4,9.4,0.584
13.3,13.3,4.5,9.5,0.654
13.3,13.3,4.6,9.6,0.698
13.3,13.3,4.7,9.7,0.706
13.3,13.3,4.8,9.8,0.746
13.3,13.3,4.9,9.9,0.752
13.3,13.3,5.0,10.0,0.792
13.3,13.3,5.1,10.1,0.788
13.3,13.3,5.2,10.2,0.826
13.3,13.3,5.3,10.3,0.818
13.3,13.3,5.4,10.4,0.858
13.3,13.3,5.5,10.5,0.848
13.3,13.3,5.6,10.6,0.856
13.3,13.3,5.7,10.7,0.87
13.3,13.3,5.8,10.8,0.918
13.3,13.3,5.9,10.9,0.862
13.3,13.3,6.0,11.0,0.886
13.3,13.3,6.1,11.1,0.906
13.3,13.3,6.2,11.2,0.9
13.3,13.3,6.3,11.3,0.872
13.3,13.3,6.4,11.4,0.904
13.3,13.3,6.5,11.5,0.896
13.3,13.3,6.6,11.6,0.918
13.3,13.3,6.7,11.7,0.926
13.3,13.3,6.8,11.8,0.904
13.3,13.3,6.9,11.9,0.894
13.3,13.3,7.0,12.0,0.922
13.3,13.3,7.1,12.1,0.926
13.3,13.3,7.2,12.2,0.914
13.3,13.3,7.3,12.3,0.926
13.3,13.3,7.4,12.4,0.918
13.3,13.3,7.5,12.5,0.94
13.3,13.3,7.6,12.6,0.93
13.3,13.3,7.7,12.7,0.926
13.3,13.3,7.8,12.8,0.9
13.3,13.3,7.9,12.9,0.914
13.3,13.3,8.0,13.0,0.93
13.3,13.3,8.1,13.1,0.924
13.3,13.3,8.2,13.2,0.896
13.3,13.3,8.3,13.3,0.898
13.3,13.3,8.4,13.4,0.92
13.3,13.3,8.5,13.5,0.858
13.3,13.3,8.6,13.6,0.85
13.3,13.3,8.7,13.7,0.89
13.3,13.3,8.8,13.8,0.844
13.3,13.3,8.9,13.9,0.854
13.3,13.3,9.0,14.0,0.852
13.3,13.3,9.1,14.1,0.83
13.3,13.3,9.2,14.2,0.806
13.3,13.3,9.3,14.3,0.75
13.3,13.3,9.4,14.4,0.724
13.3,13.3,9.5,14.5,0.754
13.3,13.3,9.6,14.6,0.714
13.3,13.3,9.7,14.7,0.668
13.3,13.3,9.8,14.8,0.694
13.3,13.3,9.9,14.9,0.606
13.3,13.3,10.0,15.0,0.554
13.3,13.3,10.1,15.1,0.542
13.3,13.3,10.2,15.2,0.496
13.3,13.3,10.3,15.3,0.434
13.3,13.3,10.4,15.4,0.394
13.3,13.3,10.5,15.5,0.37
13.3,13.3,10.6,15.6,0.374
13.3,13.3,10.7,15.7,0.354
13.3,13.3,10.8,15.8,0.288
13.3,13.3,10.9,15.9,0.278
13.3,13.3,11.0,16.0,0.254
13.3,13.3,11.1,16.1,0.236
13.3,13.3,11.2,16.2,0.224
13.3,13.3,11.3,16.3,0.196
13.3,13.3,11.4,16.4,0.206
13.3,13.3,11.5,16.5,0.176
13.3,13.3,11.6,16.6,0.174
13.3,13.3,11.7,16.7,0.178
13.3,13.3,11.8,16.8,0.142
13.3,13.3,11.9,16.9,0.104
13.3,13.3,12.0,17.0,0.142
13.3,13.3,12.1,17.1,0.116
13.3,13.3,12.2,17.2,0.144
13.3,13.3,12.3,17.3,0.132
13.3,13.3,12.4,17.4,0.098
13.3,13.3,12.5,17.5,0.14
13.3,13.3,12.6,17.6,0.148
13.3,13.3,12.7,17.7,0.104
13.3,13.3,12.8,17.8,0.096
13.3,13.3,12.9,17.9,0.106
13.3,13.3,13.0,18.0,0.116
13.3,13.3,13.1,18.1,0.112
13.3,13.3,13.2,18.2,0.102
13.3,13.3,13.3,18.3,0.124
13.3,13.3,13.4,18.4,0.112
13.3,13.3,13.5,18.5,0.094
13.3,13.3,13.6,18.6,0.11
13.3,13.3,13.7,18.7,0.11
13.3,13.3,13.8,18.8,0.09
13.3,13.3,13.9,18.9,0.092
13.3,13.3,14.0,19.0,0.074
13.3,13.3,14.1,19.1,0.118
13.3,13.3,14.2,19.2,0.06
13.3,13.3,14.3,19.3,0.126
13.3,13.3,14.4,19.4,0.11
13.3,13.3,14.5,19.5,0.108
13.3,13.3,14.6,19.6,0.1
13.3,13.3,14.7,19.7,0.08
13.3,13.3,14.8,19.8,0.104
13.3,13.3,14.9,19.9,0.086
13.3,13.3,15.0,20.0,0.096
13.4,13.4,0.0,5.0,0.04
13.4,13.4,0.1,5.1,0.044
13.4,13.4,0.2,5.2,0.052
13.4,13.4,0.3,5.3,0.046
13.4,13.4,0.4,5.4,0.038
13.4,13.4,0.5,5.5,0.056
13.4,13.4,0.6,5.6,0.05
13.4,13.4,0.7,5.7,0.04
13.4,13.4,0.8,5.8,0.06
13.4,13.4,0.9,5.9,0.044
13.4,13.4,1.0,6.0,0.056
13.4,13.4,1.1,6.1,0.056
13.4,13.4,1.2,6.2,0.07
13.4,13.4,1.3,6.3,0.042
13.4,13.4,1.4,6.4,0.044
13.4,13.4,1.5,6.5,0.036
13.4,13.4,1.6,6.6,0.07
13.4,13.4,1.7,6.7,0.048
13.4,13.4,1.8,6.8,0.032
13.4,13.4,1.9,6.9,0.056
13.4,13.4,2.0,7.0,0.052
13.4,13.4,2.1,7.1,0.052
13.4,13.4,2.2,7.2,0.062
13.4,13.4,2.3,7.3,0.044
13.4,13.4,2.4,7.4,0.062
13.4,13.4,2.5,7.5,0.05
13.4,13.4,2.6,7.6,0.078
13.4,13.4,2.7,7.7,0.08
13.4,13.4,2.8,7.8,0.074
13.4,13.4,2.9,7.9,0.07
13.4,13.4,3.0,8.0,0.102
13.4,13.4,3.1,8.1,0.112
13.4,13.4,3.2,8.2,0.144
13.4,13.4,3.3,8.3,0.146
13.4,13.4,3.4,8.4,0.192
13.4,13.4,3.5,8.5,0.21
13.4,13.4,3.6,8.6,0.252
13.4,13.4,3.7,8.7,0.27
13.4,13.4,3.8,8.8,0.314
13.4,13.4,3.9,8.9,0.382
13.4,13.4,4.0,9.0,0.414
13.4,13.4,4.1,9.1,0.48
13.4,13.4,4.2,9.2,0.462
13.4,13.4,4.3,9.3,0.512
13.4,13.4,4.4,9.4,0.606
13.4,13.4,4.5,9.5,0.594
13.4,13.4,4.6,9.6,0.636
13.4,13.4,4.7,9.7,0.678
13.4,13.4,4.8,9.8,0.704
13.4,13.4,4.9,9.9,0.754
13.4,13.4,5.0,10.0,0.762
13.4,13.4,5.1,10.1,0.794
13.4,13.4,5.2,10.2,0.808
13.4,13.4,5.3,10.3,0.818
13.4,13.4,5.4,10.4,0.848
13.4,13.4,5.5,10.5,0.844
13.4,13.4,5.6,10.6,0.892
13.4,13.4,5.7,10.7,0.882
13.4,13.4,5.8,10.8,0.858
13.4,13.4,5.9,10.9,0.888
13.4,13.4,6.0,11.0,0.876
13.4,13.4,6.1,11.1,0.852
13.4,13.4,6.2,11.2,0.882
13.4,13.4,6.3,11.3,0.916
13.4,13.4,6.4,11.4,0.912
13.4,13.4,6.5,11.5,0.888
13.4,13.4,6.6,11.6,0.912
13.4,13.4,6.7,11.7,0.91
13.4,13.4,6.8,11.8,0.93
13.4,13.4,6.9,11.9,0.94
13.4,13.4,7.0,12.0,0.94
13.4,13.4,7.1,12.1,0.922
13.4,13.4,7.2,12.2,0.942
13.4,13.4,7.3,12.3,0.93
13.4,13.4,7.4,12.4,0.92
13.4,13.4,7.5,12.5,0.94
13.4,13.4,7.6,12.6,0.94
13.4,13.4,7.7,12.7,0.928
13.4,13.4,7.8,12.8,0.922
13.4,13.4,7.9,12.9,0.922
13.4,13.4,8.0,13.0,0.916
13.4,13.4,8.1,13.1,0.884
13.4,13.4,8.2,13.2,0.902
13.4,13.4,8.3,13.3,0.912
13.4,13.4,8.4,13.4,0.906
13.4,13.4,8.5,13.5,0.878
13.4,13.4,8.6,13.6,0.87
13.4,13.4,8.7,13.7,0.87
13.4,13.4,8.8,13.8,0.862
13.4,13.4,8.9,13.9,0.88
13.4,13.4,9.0,14.0,0.858
13.4,13.4,9.1,14.1,0.854
13.4,13.4,9.2,14.2,0.848
13.4,13.4,9.3,14.3,0.792
13.4,13.4,9.4,14.4,0.8
13.4,13.4,9.5,14.5,0.76
13.4,13.4,9.6,14.6,0.748
13.4,13.4,9.7,14.7,0.714
13.4,13.4,9.8,14.8,0.678
13.4,13.4,9.9,14.9,0.634
13.4,13.4,10.0,15.0,0.588
13.4,13.4,10.1,15.1,0.576
13.4,13.4,10.2,15.2,0.558
13.4,13.4,10.3,15.3,0.478
13.4,13.4,10.4,15.4,0.454
13.4,13.4,10.5,15.5,0.428
13.4,13.4,10.6,15.6,0.382
13.4,13.4,10.7,15.7,0.368
13.4,13.4,10.8,15.8,0.288
13.4,13.4,10.9,15.9,0.264
13.4,13.4,11.0,16.0,0.268
13.4,13.4,11.1,16.1,0.26
13.4,13.4,11.2,16.2,0.236
13.4,13.4,11.3,16.3,0.218
13.4,13.4,11.4,16.4,0.184
13.4,13.4,11.5,16.5,0.19
13.4,13.4,11.6,16.6,0.164
13.4,13.4,11.7,16.7,0.158
13.4,13.4,11.8,16.8,0.148
13.4,13.4,11.9,16.9,0.12
13.4,13.4,12.0,17.0,0.148
13.4,13.4,12.1,17.1,0.11
13.4,13.4,12.2,17.2,0.116
13.4,13.4,12.3,17.3,0.122
13.4,13.4,12.4,17.4,0.12
13.4,13.4,12.5,17.5,0.112
13.4,13.4,12.6,17.6,0.122
13.4,13.4,12.7,17.7,0.132
13.4,13.4,12.8,17.8,0.11
13.4,13.4,12.9,17.9,0.112
13.4,13.4,13.0,18.0,0.132
13.4,13.4,13.1,18.1,0.088
13.4,13.4,13.2,18.2,0.114
13.4,13.4,13.3,18.3,0.108
13.4,13.4,13.4,18.4,0.118
13.4,13.4,13.5,18.5,0.13
13.4,13.4,13.6,18.6,0.11
13.4,13.4,13.7,18.7,0.126
13.4,13.4,13.8,18.8,0.104
13.4,13.4,13.9,18.9,0.12
13.4,13.4,14.0,19.0,0.102
13.4,13.4,14.1,19.1,0.106
13.4,13.4,14.2,19.2,0.102
13.4,13.4,14.3,19.3,0.098
13.4,13.4,14.4,19.4,0.084
13.4,13.4,14.5,19.5,0.08
13.4,13.4,14.6,19.6,0.072
13.4,13.4,14.7,19.7,0.082
13.4,13.4,14.8,19.8,0.094
13.4,13.4,14.9,19.9,0.084
13.4,13.4,15.0,20.0,0.1
13.5,13.5,0.0,5.0,0.03
13.5,13.5,0.1,5.1,0.036
13.5,13.5,0.2,5.2,0.052
13.5,13.5,0.3,5.3,0.064
13.5,13.5,0.4,5.4,0.048
13.5,13.5,0.5,5.5,0.046
13.5,13.5,0.6,5.6,0.06
13.5,13.5,0.7,5.7,0.028
13.5,13.5,0.8,5.8,0.064
13.5,13.5,0.9,5.9,0.038
13.5,13.5,1.0,6.0,0.046
13.5,13.5,1.1,6.1,0.046
13.5,13.5,1.2,6.2,0.04
13.5,13.5,1.3,6.3,0.058
13.5,13.5,1.4,6.4,0.05
13.5,13.5,1.5,6.5,0.04
13.5,13.5,1.6,6.6,0.038
13.5,13.5,1.7,6.7,0.048
13.5,13.5,1.8,6.8,0.062
13.5,13.5,1.9,6.9,0.054
13.5,13.5,2.0,7.0,0.046
13.5,13.5,2.1,7.1,0.056
13.5,13.5,2.2,7.2,0.066
13.5,13.5,2.3,7.3,0.038
13.5,13.5,2.4,7.4,0.082
13.5,13.5,2.5,7.5,0.058
13.5,13.5,2.6,7.6,0.058
13.5,13.5,2.7,7.7,0.078
13.5,13.5,2.8,7.8,0.068
13.5,13.5,2.9,7.9,0.108
13.5,13.5,3.0,8.0,0.096
13.5,13.5,3.1,8.1,0.094
13.5,13.5,3.2,8.2,0.13
13.5,13.5,3.3,8.3,0.152
13.5,13.5,3.4,8.4,0.156
13.5,13.5,3.5,8.5,0.196
13.5,13.5,3.6,8.6,0.208
13.5,13.5,3.7,8.7,0.27
13.5,13.5,3.8,8.8,0.274
13.5,13.5,3.9,8.9,0.334
13.5,13.5,4.0,9.0,0.356
13.5,13.5,4.1,9.1,0.384
13.5,13.5,4.2,9.2,0.446
13.5,13.5,4.3,9.3,0.522
13.5,13.5,4.4,9.4,0.544
13.5,13.5,4.5,9.5,0.588
13.5,13.5,4.6,9.6,0.616
13.5,13.5,4.7,9.7,0.644
13.5,13.5,4.8,9.8,0.64
13.5,13.5,4.9,9.9,0.724
13.5,13.5,5.0,10.0,0.716
13.5,13.5,5.1,10.1,0.748
13.5,13.5,5.2,10.2,0.77
13.5,13.5,5.3,10.3,0.79
13.5,13.5,5.4,10.4,0.832
13.5,13.5,5.5,10.5,0.858
13.5,13.5,5.6,10.6,0.872
13.5,13.5,5.7,10.7,0.866
13.5,13.5,5.8,10.8,0.86
13.5,13.5,5.9,10.9,0.884
13.5,13.5,6.0,11.0,0.888
13.5,13.5,6.1,11.1,0.89
13.5,13.5,6.2,11.2,0.888
13.5,13.5,6.3,11.3,0.868
13.5,13.5,6.4,11.4,0.884
13.5,13.5,6.5,11.5,0.914
13.5,13.5,6.6,11.6,0.926
13.5,13.5,6.7,11.7,0.914
13.5,13.5,6.8,11.8,0.916
13.5,13.5,6.9,11.9,0.91
13.5,13.5,7.0,12.0,0.93
13.5,13.5,7.1,12.1,0.936
13.5,13.5,7.2,12.2,0.928
13.5,13.5,7.3,12.3,0.916
13.5,13.5,7.4,12.4,0.922
13.5,13.5,7.5,12.5,0.926
13.5,13.5,7.6,12.6,0.902
13.5,13.5,7.7,12.7,0.922
13.5,13.5,7.8,12.8,0.926
13.5,13.5,7.9,12.9,0.902
13.5,13.5,8.0,13.0,0.92
13.5,13.5,8.1,13.1,0.914
13.5,13.5,8.2,13.2,0.9
13.5,13.5,8.3,13.3,0.916
13.5,13.5,8.4,13.4,0.89
13.5,13.5,8.5,13.5,0.9
13.5,13.5,8.6,13.6,0.896
13.5,13.5,8.7,13.7,0.912
13.5,13.5,8.8,13.8,0.88
13.5,13.5,8.9,13.9,0.862
13.5,13.5,9.0,14.0,0.856
13.5,13.5,9.1,14.1,0.872
13.5,13.5,9.2,14.2,0.85
13.5,13.5,9.3,14.3,0.838
13.5,13.5,9.4,14.4,0.828
13.5,13.5,9.5,14.5,0.762
13.5,13.5,9.6,14.6,0.764
13.5,13.5,9.7,14.7,0.762
13.5,13.5,9.8,14.8,0.762
13.5,13.5,9.9,14.9,0.666
13.5,13.5,10.0,15.0,0.662
13.5,13.5,10.1,15.1,0.604
13.5,13.5,10.2,15.2,0.566
13.5,13.5,10.3,15.3,0.588
13.5,13.5,10.4,15.4,0.502
13.5,13.5,10.5,15.5,0.47
13.5,13.5,10.6,15.6,0.43
13.5,13.5,10.7,15.7,0.358
13.5,13.5,10.8,15.8,0.352
13.5,13.5,10.9,15.9,0.362
13.5,13.5,11.0,16.0,0.31
13.5,13.5,11.1,16.1,0.232
13.5,13.5,11.2,16.2,0.274
13.5,13.5,11.3,16.3,0.232
13.5,13.5,11.4,16.4,0.212
13.5,13.5,11.5,16.5,0.19
13.5,13.5,11.6,16.6,0.192
13.5,13.5,11.7,16.7,0.168
13.5,13.5,11.8,16.8,0.138
13.5,13.5,11.9,16.9,0.144
13.5,13.5,12.0,17.0,0.148
13.5,13.5,12.1,17.1,0.114
13.5,13.5,12.2,17.2,0.148
13.5,13.5,12.3,17.3,0.146
13.5,13.5,12.4,17.4,0.136
13.5,13.5,12.5,17.5,0.126
13.5,13.5,12.6,17.6,0.126
13.5,13.5,12.7,17.7,0.134
13.5,13.5,12.8,17.8,0.1
13.5,13.5,12.9,17.9,0.108
13.5,13.5,13.0,18.0,0.114
13.5,13.5,13.1,18.1,0.114
13.5,13.5,13.2,18.2,0.106
13.5,13.5,13.3,18.3,0.096
13.5,13.5,13.4,18.4,0.086
13.5,13.5,13.5,18.5,0.094
13.5,13.5,13.6,18.6,0.094
13.5,13.5,13.7,18.7,0.112
13.5,13.5,13.8,18.8,0.122
13.5,13.5,13.9,18.9,0.096
13.5,13.5,14.0,19.0,0.11
13.5,13.5,14.1,19.1,0.112
13.5,13.5,14.2,19.2,0.122
13.5,13.5,14.3,19.3,0.136
13.5,13.5,14.4,19.4,0.13
13.5,13.5,14.5,19.5,0.13
13.5,13.5,14.6,19.6,0.136
13.5,13.5,14.7,19.7,0.122
13.5,13.5,14.8,19.8,0.074
13.5,13.5,14.9,19.9,0.108
13.5,13.5,15.0,20.0,0.096
13.6,13.6,0.0,5.0,0.032
13.6,13.6,0.1,5.1,0.038
13.6,13.6,0.2,5.2,0.07
13.6,13.6,0.3,5.3,0.048
13.6,13.6,0.4,5.4,0.058
13.6,13.6,0.5,5.5,0.052
13.6,13.6,0.6,5.6,0.058
13.6,13.6,0.7,5.7,0.04
13.6,13.6,0.8,5.8,0.054
13.6,13.6,0.9,5.9,0.04
13.6,13.6,1.0,6.0,0.062
13.6,13.6,1.1,6.1,0.054
13.6,13.6,1.2,6.2,0.058
13.6,13.6,1.3,6.3,0.056
13.6,13.6,1.4,6.4,0.044
13.6,13.6,1.5,6.5,0.038
13.6,13.6,1.6,6.6,0.07
13.6,13.6,1.7,6.7,0.066
13.6,13.6,1.8,6.8,0.054
13.6,13.6,1.9,6.9,0.054
13.6,13.6,2.0,7.0,0.038
13.6,13.6,2.1,7.1,0.038
13.6,13.6,2.2,7.2,0.046
13.6,13.6,2.3,7.3,0.06
13.6,13.6,2.4,7.4,0.056
13.6,13.6,2.5,7.5,0.072
13.6,13.6,2.6,7.6,0.066
13.6,13.6,2.7,7.7,0.058
13.6,13.6,2.8,7.8,0.07
13.6,13.6,2.9,7.9,0.078
13.6,13.6,3.0,8.0,0.082
13.6,13.6,3.1,8.1,0.098
13.6,13.6,3.2,8.2,0.104
13.6,13.6,3.3,8.3,0.138
13.6,13.6,3.4,8.4,0.162
13.6,13.6,3.5,8.5,0.15
13.6,13.6,3.6,8.6,0.202
13.6,13.6,3.7,8.7,0.226
13.6,13.6,3.8,8.8,0.224
13.6,13.6,3.9,8.9,0.274
13.6,13.6,4.0,9.0,0.338
13.6,13.6,4.1,9.1,0.334
13.6,13.6,4.2,9.2,0.406
13.6,13.6,4.3,9.3,0.462
13.6,13.6,4.4,9.4,0.496
13.6,13.6,4.5,9.5,0.512
13.6,13.6,4.6,9.6,0.566
13.6,13.6,4.7,9.7,0.602
13.6,13.6,4.8,9.8,0.648
13.6,13.6,4.9,9.9,0.722
13.6,13.6,5.0,10.0,0.732
13.6,13.6,5.1,10.1,0.766
13.6,13.6,5.2,10.2,0.764
13.6,13.6,5.3,10.3,0.782
13.6,13.6,5.4,10.4,0.792
13.6,13.6,5.5,10.5,0.792
13.6,13.6,5.6,10.6,0.814
13.6,13.6,5.7,10.7,0.856
13.6,13.6,5.8,10.8,0.86
13.6,13.6,5.9,10.9,0.876
13.6,13.6,6.0,11.0,0.882
13.6,13.6,6.1,11.1,0.908
13.6,13.6,6.2,11.2,0.88
13.6,13.6,6.3,11.3,0.898
13.6,13.6,6.4,11.4,0.906
13.6,13.6,6.5,11.5,0.884
13.6,13.6,6.6,11.6,0.926
13.6,13.6,6.7,11.7,0.92
13.6,13.6,6.8,11.8,0.936
13.6,13.6,6.9,11.9,0.898
13.6,13.6,7.0,12.0,0.906
13.6,13.6,7.1,12.1,0.926
13.6,13.6,7.2,12.2,0.908
13.6,13.6,7.3,12.3,0.916
13.6,13.6,7.4,12.4,0.924
13.6,13.6,7.5,12.5,0.938
13.6,13.6,7.6,12.6,0.908
13.6,13.6,7.7,12.7,0.932
13.6,13.6,7.8,12.8,0.936
13.6,13.6,7.9,12.9,0.936
13.6,13.6,8.0,13.0,0.904
13.6,13.6,8.1,13.1,0.92
13.6,13.6,8.2,13.2,0.926
13.6,13.6,8.3,13.3,0.92
13.6,13.6,8.4,13.4,0.896
13.6,13.6,8.5,13.5,0.892
13.6,13.6,8.6,13.6,0.904
13.6,13.6,8.7,13.7,0.888
13.6,13.6,8.8,13.8,0.884
13.6,13.6,8.9,13.9,0.888
13.6,13.6,9.0,14.0,0.864
13.6,13.6,9.1,14.1,0.854
13.6,13.6,9.2,14.2,0.866
13.6,13.6,9.3,14.3,0.824
13.6,13.6,9.4,14.4,0.828
13.6,13.6,9.5,14.5,0.818
13.6,13.6,9.6,14.6,0.784
13.6,13.6,9.7,14.7,0.774
13.6,13.6,9.8,14.8,0.746
13.6,13.6,9.9,14.9,0.72
13.6,13.6,10.0,15.0,0.678
13.6,13.6,10.1,15.1,0.658
13.6,13.6,10.2,15.2,0.578
13.6,13.6,10.3,15.3,0.564
13.6,13.6,10.4,15.4,0.52
13.6,13.6,10.5,15.5,0.51
13.6,13.6,10.6,15.6,0.432
13.6,13.6,10.7,15.7,0.414
13.6,13.6,10.8,15.8,0.404
13.6,13.6,10.9,15.9,0.334
13.6,13.6,11.0,16.0,0.284
13.6,13.6,11.1,16.1,0.304
13.6,13.6,11.2,16.2,0.274
13.6,13.6,11.3,16.3,0.242
13.6,13.6,11.4,16.4,0.222
13.6,13.6,11.5,16.5,0.214
13.6,13.6,11.6,16.6,0.212
13.6,13.6,11.7,16.7,0.158
13.6,13.6,11.8,16.8,0.176
13.6,13.6,11.9,16.9,0.15
13.6,13.6,12.0,17.0,0.148
13.6,13.6,12.1,17.1,0.136
13.6,13.6,12.2,17.2,0.14
13.6,13.6,12.3,17.3,0.144
13.6,13.6,12.4,17.4,0.136
13.6,13.6,12.5,17.5,0.138
13.6,13.6,12.6,17.6,0.128
13.6,13.6,12.7,17.7,0.124
13.6,13.6,12.8,17.8,0.156
13.6,13.6,12.9,17.9,0.124
13.6,13.6,13.0,18.0,0.098
13.6,13.6,13.1,18.1,0.132
13.6,13.6,13.2,18.2,0.116
13.6,13.6,13.3,18.3,0.12
13.6,13.6,13.4,18.4,0.102
13.6,13.6,13.5,18.5,0.116
13.6,13.6,13.6,18.6,0.132
13.6,13.6,13.7,18.7,0.108
13.6,13.6,13.8,18.8,0.098
13.6,13.6,13.9,18.9,0.114
13.6,13.6,14.0,19.0,0.096
13.6,13.6,14.1,19.1,0.084
13.6,13.6,14.2,19.2,0.092
13.6,13.6,14.3,19.3,0.114
13.6,13.6,14.4,19.4,0.106
13.6,13.6,14.5,19.5,0.104
13.6,13.6,14.6,19.6,0.088
13.6,13.6,14.7,19.7,0.086
13.6,13.6,14.8,19.8,0.092
13.6,13.6,14.9,19.9,0.11
13.6,13.6,15.0,20.0,0.076
13.7,13.7,0.0,5.0,0.06
13.7,13.7,0.1,5.1,0.064
13.7,13.7,0.2,5.2,0.034
13.7,13.7,0.3,5.3,0.044
13.7,13.7,0.4,5.4,0.058
13.7,13.7,0.5,5.5,0.046
13.7,13.7,0.6,5.6,0.064
13.7,13.7,0.7,5.7,0.044
13.7,13.7,0.8,5.8,0.048
13.7,13.7,0.9,5.9,0.032
13.7,13.7,1.0,6.0,0.05
13.7,13.7,1.1,6.1,0.056
13.7,13.7,1.2,6.2,0.058
13.7,13.7,1.3,6.3,0.076
13.7,13.7,1.4,6.4,0.06
13.7,13.7,1.5,6.5,0.068
13.7,13.7,1.6,6.6,0.06
13.7,13.7,1.7,6.7,0.052
13.7,13.7,1.8,6.8,0.052
13.7,13.7,1.9,6.9,0.048
13.7,13.7,2.0,7.0,0.038
13.7,13.7,2.1,7.1,0.06
13.7,13.7,2.2,7.2,0.056
13.7,13.7,2.3,7.3,0.048
13.7,13.7,2.4,7.4,0.052
13.7,13.7,2.5,7.5,0.046
13.7,13.7,2.6,7.6,0.062
13.7,13.7,2.7,7.7,0.082
13.7,13.7,2.8,7.8,0.058
13.7,13.7,2.9,7.9,0.086
13.7,13.7,3.0,8.0,0.074
13.7,13.7,3.1,8.1,0.102
13.7,13.7,3.2,8.2,0.102
13.7,13.7,3.3,8.3,0.122
13.7,13.7,3.4,8.4,0.11
13.7,13.7,3.5,8.5,0.144
13.7,13.7,3.6,8.6,0.148
13.7,13.7,3.7,8.7,0.194
13.7,13.7,3.8,8.8,0.236
13.7,13.7,3.9,8.9,0.238
13.7,13.7,4.0,9.0,0.27
13.7,13.7,4.1,9.1,0.318
13.7,13.7,4.2,9.2,0.34
13.7,13.7,4.3,9.3,0.39
13.7,13.7,4.4,9.4,0.412
13.7,13.7,4.5,9.5,0.46
13.7,13.7,4.6,9.6,0.518
13.7,13.7,4.7,9.7,0.546
13.7,13.7,4.8,9.8,0.648
13.7,13.7,4.9,9.9,0.618
13.7,13.7,5.0,10.0,0.642
13.7,13.7,5.1,10.1,0.756
13.7,13.7,5.2,10.2,0.706
13.7,13.7,5.3,10.3,0.74
13.7,13.7,5.4,10.4,0.786
13.7,13.7,5.5,10.5,0.792
13.7,13.7,5.6,10.6,0.786
13.7,13.7,5.7,10.7,0.848
13.7,13.7,5.8,10.8,0.836
13.7,13.7,5.9,10.9,0.828
13.7,13.7,6.0,11.0,0.846
13.7,13.7,6.1,11.1,0.884
13.7,13.7,6.2,11.2,0.898
13.7,13.7,6.3,11.3,0.892
13.7,13.7,6.4,11.4,0.906
13.7,13.7,6.5,11.5,0.892
13.7,13.7,6.6,11.6,0.91
13.7,13.7,6.7,11.7,0.92
13.7,13.7,6.8,11.8,0.92
13.7,13.7,6.9,11.9,0.946
13.7,13.7,7.0,12.0,0.904
13.7,13.7,7.1,12.1,0.914
13.7,13.7,7.2,12.2,0.916
13.7,13.7,7.3,12.3,0.938
13.7,13.7,7.4,12.4,0.924
13.7,13.7,7.5,12.5,0.914
13.7,13.7,7.6,12.6,0.928
13.7,13.7,7.7,12.7,0.942
13.7,13.7,7.8,12.8,0.912
13.7,13.7,7.9,12.9,0.908
13.7,13.7,8.0,13.0,0.924
13.7,13.7,8.1,13.1,0.91
13.7,13.7,8.2,13.2,0.918
13.7,13.7,8.3,13.3,0.92
13.7,13.7,8.4,13.4,0.91
13.7,13.7,8.5,13.5,0.912
13.7,13.7,8.6,13.6,0.896
13.7,13.7,8.7,13.7,0.91
13.7,13.7,8.8,13.8,0.914
13.7,13.7,8.9,13.9,0.892
13.7,13.7,9.0,14.0,0.862
13.7,13.7,9.1,14.1,0.894
13.7,13.7,9.2,14.2,0.874
13.7,13.7,9.3,14.3,0.858
13.7,13.7,9.4,14.4,0.848
13.7,13.7,9.5,14.5,0.806
13.7,13.7,9.6,14.6,0.784
13.7,13.7,9.7,14.7,0.804
13.7,13.7,9.8,14.8,0.782
13.7,13.7,9.9,14.9,0.766
13.7,13.7,10.0,15.0,0.706
13.7,13.7,10.1,15.1,0.698
13.7,13.7,10.2,15.2,0.626
13.7,13.7,10.3,15.3,0.622
13.7,13.7,10.4,15.4,0.564
13.7,13.7,10.5,15.5,0.538
13.7,13.7,10.6,15.6,0.514
13.7,13.7,10.7,15.7,0.476
13.7,13.7,10.8,15.8,0.456
13.7,13.7,10.9,15.9,0.378
13.7,13.7,11.0,16.0,0.366
13.7,13.7,11.1,16.1,0.35
13.7,13.7,11.2,16.2,0.27
13.7,13.7,11.3,16.3,0.248
13.7,13.7,11.4,16.4,0.234
13.7,13.7,11.5,16.5,0.224
13.7,13.7,11.6,16.6,0.156
13.7,13.7,11.7,16.7,0.176
13.7,13.7,11.8,16.8,0.184
13.7,13.7,11.9,16.9,0.188
13.7,13.7,12.0,17.0,0.152
13.7,13.7,12.1,17.1,0.14
13.7,13.7,12.2,17.2,0.14
13.7,13.7,12.3,17.3,0.13
13.7,13.7,12.4,17.4,0.128
13.7,13.7,12.5,17.5,0.128
13.7,13.7,12.6,17.6,0.13
13.7,13.7,12.7,17.7,0.128
13.7,13.7,12.8,17.8,0.136
13.7,13.7,12.9,17.9,0.134
13.7,13.7,13.0,18.0,0.118
13.7,13.7,13.1,18.1,0.108
13.7,13.7,13.2,18.2,0.12
13.7,13.7,13.3,18.3,0.116
13.7,13.7,13.4,18.4,0.11
13.7,13.7,13.5,18.5,0.11
13.7,13.7,13.6,18.6,0.124
13.7,13.7,13.7,18.7,0.124
13.7,13.7,13.8,18.8,0.094
13.7,13.7,13.9,18.9,0.116
13.7,13.7,14.0,19.0,0.098
13.7,13.7,14.1,19.1,0.1
13.7,13.7,14.2,19.2,0.122
13.7,13.7,14.3,19.3,0.084
13.7,13.7,14.4,19.4,0.118
13.7,13.7,14.5,19.5,0.114
13.7,13.7,14.6,19.6,0.078
13.7,13.7,14.7,19.7,0.104
13.7,13.7,14.8,19.8,0.098
13.7,13.7,14.9,19.9,0.082
13.7,13.7,15.0,20.0,0.104
13.8,13.8,0.0,5.0,0.048
13.8,13.8,0.1,5.1,0.064
13.8,13.8,0.2,5.2,0.052
13.8,13.8,0.3,5.3,0.046
13.8,13.8,0.4,5.4,0.056
13.8,13.8,0.5,5.5,0.04
13.8,13.8,0.6,5.6,0.032
13.8,13.8,0.7,5.7,0.044
13.8,13.8,0.8,5.8,0.054
13.8,13.8,0.9,5.9,0.038
13.8,13.8,1.0,6.0,0.062
13.8,13.8,1.1,6.1,0.056
13.8,13.8,1.2,6.2,0.058
13.8,13.8,1.3,6.3,0.044
13.8,13.8,1.4,6.4,0.05
13.8,13.8,1.5,6.5,0.054
13.8,13.8,1.6,6.6,0.048
13.8,13.8,1.7,6.7,0.044
13.8,13.8,1.8,6.8,0.054
13.8,13.8,1.9,6.9,0.04
13.8,13.8,2.0,7.0,0.042
13.8,13.8,2.1,7.1,0.042
13.8,13.8,2.2,7.2,0.058
13.8,13.8,2.3,7.3,0.038
13.8,13.8,2.4,7.4,0.04
13.8,13.8,2.5,7.5,0.064
13.8,13.8,2.6,7.6,0.046
13.8,13.8,2.7,7.7,0.078
13.8,13.8,2.8,7.8,0.076
13.8,13.8,2.9,7.9,0.044
13.8,13.8,3.0,8.0,0.074
13.8,13.8,3.1,8.1,0.064
13.8,13.8,3.2,8.2,0.07
13.8,13.8,3.3,8.3,0.082
13.8,13.8,3.4,8.4,0.104
13.8,13.8,3.5,8.5,0.126
13.8,13.8,3.6,8.6,0.142
13.8,13.8,3.7,8.7,0.16
13.8,13.8,3.8,8.8,0.174
13.8,13.8,3.9,8.9,0.218
13.8,13.8,4.0,9.0,0.246
13.8,13.8,4.1,9.1,0.27
13.8,13.8,4.2,9.2,0.312
13.8,13.8,4.3,9.3,0.35
13.8,13.8,4.4,9.4,0.394
13.8,13.8,4.5,9.5,0.442
13.8,13.8,4.6,9.6,0.504
13.8,13.8,4.7,9.7,0.518
13.8,13.8,4.8,9.8,0.554
13.8,13.8,4.9,9.9,0.594
13.8,13.8,5.0,10.0,0.674
13.8,13.8,5.1,10.1,0.666
13.8,13.8,5.2,10.2,0.734
13.8,13.8,5.3,10.3,0.722
13.8,13.8,5.4,10.4,0.774
13.8,13.8,5.5,10.5,0.774
13.8,13.8,5.6,10.6,0.802
13.8,13.8,5.7,10.7,0.83
13.8,13.8,5.8,10.8,0.85
13.8,13.8,5.9,10.9,0.86
13.8,13.8,6.0,11.0,0.848
13.8,13.8,6.1,11.1,0.866
13.8,13.8,6.2,11.2,0.85
13.8,13.8,6.3,11.3,0.89
13.8,13.8,6.4,11.4,0.904
13.8,13.8,6.5,11.5,0.902
13.8,13.8,6.6,11.6,0.894
13.8,13.8,6.7,11.7,0.932
13.8,13.8,6.8,11.8,0.89
13.8,13.8,6.9,11.9,0.922
13.8,13.8,7.0,12.0,0.904
13.8,13.8,7.1,12.1,0.928
13.8,13.8,7.2,12.2,0.906
13.8,13.8,7.3,12.3,0.914
13.8,13.8,7.4,12.4,0.916
13.8,13.8,7.5,12.5,0.92
13.8,13.8,7.6,12.6,0.926
13.8,13.8,7.7,12.7,0.914
13.8,13.8,7.8,12.8,0.924
13.8,13.8,7.9,12.9,0.932
13.8,13.8,8.0,13.0,0.924
13.8,13.8,8.1,13.1,0.9
13.8,13.8,8.2,13.2,0.924
13.8,13.8,8.3,13.3,0.912
13.8,13.8,8.4,13.4,0.902
13.8,13.8,8.5,13.5,0.892
13.8,13.8,8.6,13.6,0.918
13.8,13.8,8.7,13.7,0.888
13.8,13.8,8.8,13.8,0.9
13.8,13.8,8.9,13.9,0.896
13.8,13.8,9.0,14.0,0.892
13.8,13.8,9.1,14.1,0.87
13.8,13.8,9.2,14.2,0.886
13.8,13.8,9.3,14.3,0.834
13.8,13.8,9.4,14.4,0.856
13.8,13.8,9.5,14.5,0.854
13.8,13.8,9.6,14.6,0.824
13.8,13.8,9.7,14.7,0.79
13.8,13.8,9.8,14.8,0.77
13.8,13.8,9.9,14.9,0.722
13.8,13.8,10.0,15.0,0.744
13.8,13.8,10.1,15.1,0.688
13.8,13.8,10.2,15.2,0.656
13.8,13.8,10.3,15.3,0.676
13.8,13.8,10.4,15.4,0.61
13.8,13.8,10.5,15.5,0.626
13.8,13.8,10.6,15.6,0.526
13.8,13.8,10.7,15.7,0.502
13.8,13.8,10.8,15.8,0.456
13.8,13.8,10.9,15.9,0.41
13.8,13.8,11.0,16.0,0.386
13.8,13.8,11.1,16.1,0.344
13.8,13.8,11.2,16.2,0.29
13.8,13.8,11.3,16.3,0.304
13.8,13.8,11.4,16.4,0.268
13.8,13.8,11.5,16.5,0.224
13.8,13.8,11.6,16.6,0.252
13.8,13.8,11.7,16.7,0.204
13.8,13.8,11.8,16.8,0.178
13.8,13.8,11.9,16.9,0.19
13.8,13.8,12.0,17.0,0.168
13.8,13.8,12.1,17.1,0.13
13.8,13.8,12.2,17.2,0.152
13.8,13.8,12.3,17.3,0.162
13.8,13.8,12.4,17.4,0.156
13.8,13.8,12.5,17.5,0.14
13.8,13.8,12.6,17.6,0.122
13.8,13.8,12.7,17.7,0.134
13.8,13.8,12.8,17.8,0.136
13.8,13.8,12.9,17.9,0.134
13.8,13.8,13.0,18.0,0.102
13.8,13.8,13.1,18.1,0.106
13.8,13.8,13.2,18.2,0.092
13.8,13.8,13.3,18.3,0.088
13.8,13.8,13.4,18.4,0.098
13.8,13.8,13.5,18.5,0.108
13.8,13.8,13.6,18.6,0.118
13.8,13.8,13.7,18.7,0.096
13.8,13.8,13.8,18.8,0.096
13.8,13.8,13.9,18.9,0.07
13.8,13.8,14.0,19.0,0.09
13.8,13.8,14.1,19.1,0.088
13.8,13.8,14.2,19.2,0.14
13.8,13.8,14.3,19.3,0.112
13.8,13.8,14.4,19.4,0.108
13.8,13.8,14.5,19.5,0.078
13.8,13.8,14.6,19.6,0.088
13.8,13.8,14.7,19.7,0.098
13.8,13.8,14.8,19.8,0.098
13.8,13.8,14.9,19.9,0.098
13.8,13.8,15.0,20.0,0.102
13.9,13.9,0.0,5.0,0.028
13.9,13.9,0.1,5.1,0.058
13.9,13.9,0.2,5.2,0.066
13.9,13.9,0.3,5.3,0.072
13.9,13.9,0.4,5.4,0.052
13.9,13.9,0.5,5.5,0.052
13.9,13.9,0.6,5.6,0.058
13.9,13.9,0.7,5.7,0.054
13.9,13.9,0.8,5.8,0.048
13.9,13.9,0.9,5.9,0.054
13.9,13.9,1.0,6.0,0.034
13.9,13.9,1.1,6.1,0.058
13.9,13.9,1.2,6.2,0.062
13.9,13.9,1.3,6.3,0.054
13.9,13.9,1.4,6.4,0.038
13.9,13.9,1.5,6.5,0.056
13.9,13.9,1.6,6.6,0.048
13.9,13.9,1.7,6.7,0.046
13.9,13.9,1.8,6.8,0.052
13.9,13.9,1.9,6.9,0.042
13.9,13.9,2.0,7.0,0.06
13.9,13.9,2.1,7.1,0.056
13.9,13.9,2.2,7.2,0.052
13.9,13.9,2.3,7.3,0.046
13.9,13.9,2.4,7.4,0.052
13.9,13.9,2.5,7.5,0.06
13.9,13.9,2.6,7.6,0.04
13.9,13.9,2.7,7.7,0.054
13.9,13.9,2.8,7.8,0.048
13.9,13.9,2.9,7.9,0.082
13.9,13.9,3.0,8.0,0.066
13.9,13.9,3.1,8.1,0.07
13.9,13.9,3.2,8.2,0.058
13.9,13.9,3.3,8.3,0.076
13.9,13.9,3.4,8.4,0.11
13.9,13.9,3.5,8.5,0.11
13.9,13.9,3.6,8.6,0.114
13.9,13.9,3.7,8.7,0.16
13.9,13.9,3.8,8.8,0.18
13.9,13.9,3.9,8.9,0.188
13.9,13.9,4.0,9.0,0.176
13.9,13.9,4.1,9.1,0.274
13.9,13.9,4.2,9.2,0.3
13.9,13.9,4.3,9.3,0.272
13.9,13.9,4.4,9.4,0.332
13.9,13.9,4.5,9.5,0.376
13.9,13.9,4.6,9.6,0.446
13.9,13.9,4.7,9.7,0.504
13.9,13.9,4.8,9.8,0.514
13.9,13.9,4.9,9.9,0.604
13.9,13.9,5.0,10.0,0.64
13.9,13.9,5.1,10.1,0.65
13.9,13.9,5.2,10.2,0.686
13.9,13.9,5.3,10.3,0.714
13.9,13.9,5.4,10.4,0.736
13.9,13.9,5.5,10.5,0.76
13.9,13.9,5.6,10.6,0.808
13.9,13.9,5.7,10.7,0.814
13.9,13.9,5.8,10.8,0.824
13.9,13.9,5.9,10.9,0.816
13.9,13.9,6.0,11.0,0.862
13.9,13.9,6.1,11.1,0.87
13.9,13.9,6.2,11.2,0.85
13.9,13.9,6.3,11.3,0.862
13.9,13.9,6.4,11.4,0.902
13.9,13.9,6.5,11.5,0.86
13.9,13.9,6.6,11.6,0.898
13.9,13.9,6.7,11.7,0.85
13.9,13.9,6.8,11.8,0.892
13.9,13.9,6.9,11.9,0.902
13.9,13.9,7.0,12.0,0.902
13.9,13.9,7.1,12.1,0.928
13.9,13.9,7.2,12.2,0.94
13.9,13.9,7.3,12.3,0.9
13.9,13.9,7.4,12.4,0.92
13.9,13.9,7.5,12.5,0.94
13.9,13.9,7.6,12.6,0.918
13.9,13.9,7.7,12.7,0.92
13.9,13.9,7.8,12.8,0.93
13.9,13.9,7.9,12.9,0.91
13.9,13.9,8.0,13.0,0.928
13.9,13.9,8.1,13.1,0.932
13.9,13.9,8.2,13.2,0.93
13.9,13.9,8.3,13.3,0.938
13.9,13.9,8.4,13.4,0.93
13.9,13.9,8.5,13.5,0.904
13.9,13.9,8.6,13.6,0.91
13.9,13.9,8.7,13.7,0.888
13.9,13.9,8.8,13.8,0.898
13.9,13.9,8.9,13.9,0.898
13.9,13.9,9.0,14.0,0.86
13.9,13.9,9.1,14.1,0.896
13.9,13.9,9.2,14.2,0.852
13.9,13.9,9.3,14.3,0.85
13.9,13.9,9.4,14.4,0.886
13.9,13.9,9.5,14.5,0.852
13.9,13.9,9.6,14.6,0.86
13.9,13.9,9.7,14.7,0.83
13.9,13.9,9.8,14.8,0.826
13.9,13.9,9.9,14.9,0.756
13.9,13.9,10.0,15.0,0.796
13.9,13.9,10.1,15.1,0.768
13.9,13.9,10.2,15.2,0.712
13.9,13.9,10.3,15.3,0.692
13.9,13.9,10.4,15.4,0.66
13.9,13.9,10.5,15.5,0.634
13.9,13.9,10.6,15.6,0.582
13.9,13.9,10.7,15.7,0.546
13.9,13.9,10.8,15.8,0.498
13.9,13.9,10.9,15.9,0.438
13.9,13.9,11.0,16.0,0.414
13.9,13.9,11.1,16.1,0.362
13.9,13.9,11.2,16.2,0.362
13.9,13.9,11.3,16.3,0.322
13.9,13.9,11.4,16.4,0.28
13.9,13.9,11.5,16.5,0.262
13.9,13.9,11.6,16.6,0.234
13.9,13.9,11.7,16.7,0.24
13.9,13.9,11.8,16.8,0.226
13.9,13.9,11.9,16.9,0.216
13.9,13.9,12.0,17.0,0.156
13.9,13.9,12.1,17.1,0.162
13.9,13.9,12.2,17.2,0.184
13.9,13.9,12.3,17.3,0.158
13.9,13.9,12.4,17.4,0.124
13.9,13.9,12.5,17.5,0.178
13.9,13.9,12.6,17.6,0.116
13.9,13.9,12.7,17.7,0.148
13.9,13.9,12.8,17.8,0.12
13.9,13.9,12.9,17.9,0.128
13.9,13.9,13.0,18.0,0.108
13.9,13.9,13.1,18.1,0.128
13.9,13.9,13.2,18.2,0.118
13.9,13.9,13.3,18.3,0.124
13.9,13.9,13.4,18.4,0.122
13.9,13.9,13.5,18.5,0.12
13.9,13.9,13.6,18.6,0.076
13.9,13.9,13.7,18.7,0.1
13.9,13.9,13.8,18.8,0.094
13.9,13.9,13.9,18.9,0.1
13.9,13.9,14.0,19.0,0.104
13.9,13.9,14.1,19.1,0.136
13.9,13.9,14.2,19.2,0.086
13.9,13.9,14.3,19.3,0.104
13.9,13.9,14.4,19.4,0.1
13.9,13.9,14.5,19.5,0.12
13.9,13.9,14.6,19.6,0.088
13.9,13.9,14.7,19.7,0.11
13.9,13.9,14.8,19.8,0.092
13.9,13.9,14.9,19.9,0.098
13.9,13.9,15.0,20.0,0.092
14.0,14.0,0.0,5.0,0.048
14.0,14.0,0.1,5.1,0.072
14.0,14.0,0.2,5.2,0.044
14.0,14.0,0.3,5.3,0.06
14.0,14.0,0.4,5.4,0.054
14.0,14.0,0.5,5.5,0.066
14.0,14.0,0.6,5.6,0.066
14.0,14.0,0.7,5.7,0.04
14.0,14.0,0.8,5.8,0.048
14.0,14.0,0.9,5.9,0.04
14.0,14.0,1.0,6.0,0.042
14.0,14.0,1.1,6.1,0.056
14.0,14.0,1.2,6.2,0.034
14.0,14.0,1.3,6.3,0.044
14.0,14.0,1.4,6.4,0.034
14.0,14.0,1.5,6.5,0.044
14.0,14.0,1.6,6.6,0.048
14.0,14.0,1.7,6.7,0.038
14.0,14.0,1.8,6.8,0.052
14.0,14.0,1.9,6.9,0.03
14.0,14.0,2.0,7.0,0.068
14.0,14.0,2.1,7.1,0.06
14.0,14.0,2.2,7.2,0.032
14.0,14.0,2.3,7.3,0.07
14.0,14.0,2.4,7.4,0.054
14.0,14.0,2.5,7.5,0.044
14.0,14.0,2.6,7.6,0.048
14.0,14.0,2.7,7.7,0.056
14.0,14.0,2.8,7.8,0.058
14.0,14.0,2.9,7.9,0.06
14.0,14.0,3.0,8.0,0.08
14.0,14.0,3.1,8.1,0.078
14.0,14.0,3.2,8.2,0.074
14.0,14.0,3.3,8.3,0.078
14.0,14.0,3.4,8.4,0.072
14.0,14.0,3.5,8.5,0.098
14.0,14.0,3.6,8.6,0.096
14.0,14.0,3.7,8.7,0.098
14.0,14.0,3.8,8.8,0.15
14.0,14.0,3.9,8.9,0.164
14.0,14.0,4.0,9.0,0.176
14.0,14.0,4.1,9.1,0.22
14.0,14.0,4.2,9.2,0.274
14.0,14.0,4.3,9.3,0.284
14.0,14.0,4.4,9.4,0.374
14.0,14.0,4.5,9.5,0.346
14.0,14.0,4.6,9.6,0.426
14.0,14.0,4.7,9.7,0.444
14.0,14.0,4.8,9.8,0.474
14.0,14.0,4.9,9.9,0.512
14.0,14.0,5.0,10.0,0.6
14.0,14.0,5.1,10.1,0.652
14.0,14.0,5.2,10.2,0.672
14.0,14.0,5.3,10.3,0.698
14.0,14.0,5.4,10.4,0.74
14.0,14.0,5.5,10.5,0.738
14.0,14.0,5.6,10.6,0.756
14.0,14.0,5.7,10.7,0.79
14.0,14.0,5.8,10.8,0.822
14.0,14.0,5.9,10.9,0.816
14.0,14.0,6.0,11.0,0.838
14.0,14.0,6.1,11.1,0.826
14.0,14.0,6.2,11.2,0.88
14.0,14.0,6.3,11.3,0.848
14.0,14.0,6.4,11.4,0.874
14.0,14.0,6.5,11.5,0.882
14.0,14.0,6.6,11.6,0.892
14.0,14.0,6.7,11.7,0.908
14.0,14.0,6.8,11.8,0.89
14.0,14.0,6.9,11.9,0.894
14.0,14.0,7.0,12.0,0.928
14.0,14.0,7.1,12.1,0.902
14.0,14.0,7.2,12.2,0.908
14.0,14.0,7.3,12.3,0.918
14.0,14.0,7.4,12.4,0.924
14.0,14.0,7.5,12.5,0.92
14.0,14.0,7.6,12.6,0.924
14.0,14.0,7.7,12.7,0.918
14.0,14.0,7.8,12.8,0.934
14.0,14.0,7.9,12.9,0.928
14.0,14.0,8.0,13.0,0.924
14.0,14.0,8.1,13.1,0.91
14.0,14.0,8.2,13.2,0.92
14.0,14.0,8.3,13.3,0.92
14.0,14.0,8.4,13.4,0.922
14.0,14.0,8.5,13.5,0.922
14.0,14.0,8.6,13.6,0.904
14.0,14.0,8.7,13.7,0.932
14.0,14.0,8.8,13.8,0.898
14.0,14.0,8.9,13.9,0.914
14.0,14.0,9.0,14.0,0.902
14.0,14.0,9.1,14.1,0.878
14.0,14.0,9.2,14.2,0.886
14.0,14.0,9.3,14.3,0.9
14.0,14.0,9.4,14.4,0.882
14.0,14.0,9.5,14.5,0.838
14.0,14.0,9.6,14.6,0.86
14.0,14.0,9.7,14.7,0.836
14.0,14.0,9.8,14.8,0.846
14.0,14.0,9.9,14.9,0.8
14.0,14.0,10.0,15.0,0.794
14.0,14.0,10.1,15.1,0.778
14.0,14.0,10.2,15.2,0.756
14.0,14.0,10.3,15.3,0.704
14.0,14.0,10.4,15.4,0.672
14.0,14.0,10.5,15.5,0.656
14.0,14.0,10.6,15.6,0.612
14.0,14.0,10.7,15.7,0.574
14.0,14.0,10.8,15.8,0.526
14.0,14.0,10.9,15.9,0.482
14.0,14.0,11.0,16.0,0.47
14.0,14.0,11.1,16.1,0.42
14.0,14.0,11.2,16.2,0.38
14.0,14.0,11.3,16.3,0.354
14.0,14.0,11.4,16.4,0.34
14.0,14.0,11.5,16.5,0.302
14.0,14.0,11.6,16.6,0.294
14.0,14.0,11.7,16.7,0.214
14.0,14.0,11.8,16.8,0.242
14.0,14.0,11.9,16.9,0.226
14.0,14.0,12.0,17.0,0.188
14.0,14.0,12.1,17.1,0.204
14.0,14.0,12.2,17.2,0.132
14.0,14.0,12.3,17.3,0.154
14.0,14.0,12.4,17.4,0.14
14.0,14.0,12.5,17.5,0.14
14.0,14.0,12.6,17.6,0.148
14.0,14.0,12.7,17.7,0.158
14.0,14.0,12.8,17.8,0.144
14.0,14.0,12.9,17.9,0.12
14.0,14.0,13.0,18.0,0.11
14.0,14.0,13.1,18.1,0.122
14.0,14.0,13.2,18.2,0.11
14.0,14.0,13.3,18.3,0.138
14.0,14.0,13.4,18.4,0.11
14.0,14.0,13.5,18.5,0.146
14.0,14.0,13.6,18.6,0.126
14.0,14.0,13.7,18.7,0.108
14.0,14.0,13.8,18.8,0.098
14.0,14.0,13.9,18.9,0.098
14.0,14.0,14.0,19.0,0.078
14.0,14.0,14.1,19.1,0.116
14.0,14.0,14.2,19.2,0.09
14.0,14.0,14.3,19.3,0.106
14.0,14.0,14.4,19.4,0.106
14.0,14.0,14.5,19.5,0.118
14.0,14.0,14.6,19.6,0.102
14.0,14.0,14.7,19.7,0.1
14.0,14.0,14.8,19.8,0.122
14.0,14.0,14.9,19.9,0.09
14.0,14.0,15.0,20.0,0.1
14.1,14.1,0.0,5.0,0.034
14.1,14.1,0.1,5.1,0.044
14.1,14.1,0.2,5.2,0.062
14.1,14.1,0.3,5.3,0.068
14.1,14.1,0.4,5.4,0.05
14.1,14.1,0.5,5.5,0.032
14.1,14.1,0.6,5.6,0.064
14.1,14.1,0.7,5.7,0.05
14.1,14.1,0.8,5.8,0.054
14.1,14.1,0.9,5.9,0.076
14.1,14.1,1.0,6.0,0.052
14.1,14.1,1.1,6.1,0.058
14.1,14.1,1.2,6.2,0.038
14.1,14.1,1.3,6.3,0.062
14.1,14.1,1.4,6.4,0.056
14.1,14.1,1.5,6.5,0.048
14.1,14.1,1.6,6.6,0.06
14.1,14.1,1.7,6.7,0.042
14.1,14.1,1.8,6.8,0.052
14.1,14.1,1.9,6.9,0.042
14.1,14.1,2.0,7.0,0.058
14.1,14.1,2.1,7.1,0.052
14.1,14.1,2.2,7.2,0.036
14.1,14.1,2.3,7.3,0.062
14.1,14.1,2.4,7.4,0.048
14.1,14.1,2.5,7.5,0.048
14.1,14.1,2.6,7.6,0.056
14.1,14.1,2.7,7.7,0.072
14.1,14.1,2.8,7.8,0.068
14.1,14.1,2.9,7.9,0.05
14.1,14.1,3.0,8.0,0.062
14.1,14.1,3.1,8.1,0.064
14.1,14.1,3.2,8.2,0.074
14.1,14.1,3.3,8.3,0.08
14.1,14.1,3.4,8.4,0.084
14.1,14.1,3.5,8.5,0.06
14.1,14.1,3.6,8.6,0.11
14.1,14.1,3.7,8.7,0.13
14.1,14.1,3.8,8.8,0.146
14.1,14.1,3.9,8.9,0.162
14.1,14.1,4.0,9.0,0.184
14.1,14.1,4.1,9.1,0.184
14.1,14.1,4.2,9.2,0.236
14.1,14.1,4.3,9.3,0.25
14.1,14.1,4.4,9.4,0.294
14.1,14.1,4.5,9.5,0.274
14.1,14.1,4.6,9.6,0.352
14.1,14.1,4.7,9.7,0.418
14.1,14.1,4.8,9.8,0.444
14.1,14.1,4.9,9.9,0.444
14.1,14.1,5.0,10.0,0.508
14.1,14.1,5.1,10.1,0.586
14.1,14.1,5.2,10.2,0.608
14.1,14.1,5.3,10.3,0.656
14.1,14.1,5.4,10.4,0.646
14.1,14.1,5.5,10.5,0.718
14.1,14.1,5.6,10.6,0.752
14.1,14.1,5.7,10.7,0.708
14.1,14.1,5.8,10.8,0.756
14.1,14.1,5.9,10.9,0.8
14.1,14.1,6.0,11.0,0.848
14.1,14.1,6.1,11.1,0.834
14.1,14.1,6.2,11.2,0.852
14.1,14.1,6.3,11.3,0.846
14.1,14.1,6.4,11.4,0.88
14.1,14.1,6.5,11.5,0.886
14.1,14.1,6.6,11.6,0.88
14.1,14.1,6.7,11.7,0.904
14.1,14.1,6.8,11.8,0.898
14.1,14.1,6.9,11.9,0.886
14.1,14.1,7.0,12.0,0.904
14.1,14.1,7.1,12.1,0.926
14.1,14.1,7.2,12.2,0.918
14.1,14.1,7.3,12.3,0.906
14.1,14.1,7.4,12.4,0.896
14.1,14.1,7.5,12.5,0.916
14.1,14.1,7.6,12.6,0.908
14.1,14.1,7.7,12.7,0.924
14.1,14.1,7.8,12.8,0.928
14.1,14.1,7.9,12.9,0.932
14.1,14.1,8.0,13.0,0.924
14.1,14.1,8.1,13.1,0.934
14.1,14.1,8.2,13.2,0.936
14.1,14.1,8.3,13.3,0.922
14.1,14.1,8.4,13.4,0.926
14.1,14.1,8.5,13.5,0.93
14.1,14.1,8.6,13.6,0.93
14.1,14.1,8.7,13.7,0.908
14.1,14.1,8.8,13.8,0.916
14.1,14.1,8.9,13.9,0.91
14.1,14.1,9.0,14.0,0.9
14.1,14.1,9.1,14.1,0.902
14.1,14.1,9.2,14.2,0.908
14.1,14.1,9.3,14.3,0.868
14.1,14.1,9.4,14.4,0.894
14.1,14.1,9.5,14.5,0.854
14.1,14.1,9.6,14.6,0.868
14.1,14.1,9.7,14.7,0.848
14.1,14.1,9.8,14.8,0.828
14.1,14.1,9.9,14.9,0.804
14.1,14.1,10.0,15.0,0.8
14.1,14.1,10.1,15.1,0.772
14.1,14.1,10.2,15.2,0.728
14.1,14.1,10.3,15.3,0.7
14.1,14.1,10.4,15.4,0.718
14.1,14.1,10.5,15.5,0.682
14.1,14.1,10.6,15.6,0.642
14.1,14.1,10.7,15.7,0.58
14.1,14.1,10.8,15.8,0.582
14.1,14.1,10.9,15.9,0.564
14.1,14.1,11.0,16.0,0.484
14.1,14.1,11.1,16.1,0.424
14.1,14.1,11.2,16.2,0.416
14.1,14.1,11.3,16.3,0.374
14.1,14.1,11.4,16.4,0.344
14.1,14.1,11.5,16.5,0.308
14.1,14.1,11.6,16.6,0.268
14.1,14.1,11.7,16.7,0.272
14.1,14.1,11.8,16.8,0.26
14.1,14.1,11.9,16.9,0.246
14.1,14.1,12.0,17.0,0.218
14.1,14.1,12.1,17.1,0.208
14.1,14.1,12.2,17.2,0.176
14.1,14.1,12.3,17.3,0.176
14.1,14.1,12.4,17.4,0.154
14.1,14.1,12.5,17.5,0.13
14.1,14.1,12.6,17.6,0.188
14.1,14.1,12.7,17.7,0.152
14.1,14.1,12.8,17.8,0.132
14.1,14.1,12.9,17.9,0.104
14.1,14.1,13.0,18.0,0.142
14.1,14.1,13.1,18.1,0.13
14.1,14.1,13.2,18.2,0.134
14.1,14.1,13.3,18.3,0.11
14.1,14.1,13.4,18.4,0.106
14.1,14.1,13.5,18.5,0.112
14.1,14.1,13.6,18.6,0.112
14.1,14.1,13.7,18.7,0.108
14.1,14.1,13.8,18.8,0.106
14.1,14.1,13.9,18.9,0.106
14.1,14.1,14.0,19.0,0.11
14.1,14.1,14.1,19.1,0.13
14.1,14.1,14.2,19.2,0.086
14.1,14.1,14.3,19.3,0.096
14.1,14.1,14.4,19.4,0.092
14.1,14.1,14.5,19.5,0.106
14.1,14.1,14.6,19.6,0.108
14.1,14.1,14.7,19.7,0.098
14.1,14.1,14.8,19.8,0.09
14.1,14.1,14.9,19.9,0.076
14.1,14.1,15.0,20.0,0.116
14.2,14.2,0.0,5.0,0.062
14.2,14.2,0.1,5.1,0.032
14.2,14.2,0.2,5.2,0.062
14.2,14.2,0.3,5.3,0.052
14.2,14.2,0.4,5.4,0.052
14.2,14.2,0.5,5.5,0.056
14.2,14.2,0.6,5.6,0.056
14.2,14.2,0.7,5.7,0.052
14.2,14.2,0.8,5.8,0.05
14.2,14.2,0.9,5.9,0.062
14.2,14.2,1.0,6.0,0.06
14.2,14.2,1.1,6.1,0.064
14.2,14.2,1.2,6.2,0.038
14.2,14.2,1.3,6.3,0.054
14.2,14.2,1.4,6.4,0.044
14.2,14.2,1.5,6.5,0.056
14.2,14.2,1.6,6.6,0.048
14.2,14.2,1.7,6.7,0.052
14.2,14.2,1.8,6.8,0.034
14.2,14.2,1.9,6.9,0.038
14.2,14.2,2.0,7.0,0.034
14.2,14.2,2.1,7.1,0.048
14.2,14.2,2.2,7.2,0.05
14.2,14.2,2.3,7.3,0.058
14.2,14.2,2.4,7.4,0.05
14.2,14.2,2.5,7.5,0.042
14.2,14.2,2.6,7.6,0.058
14.2,14.2,2.7,7.7,0.048
14.2,14.2,2.8,7.8,0.072
14.2,14.2,2.9,7.9,0.058
14.2,14.2,3.0,8.0,0.06
14.2,14.2,3.1,8.1,0.08
14.2,14.2,3.2,8.2,0.062
14.2,14.2,3.3,8.3,0.072
14.2,14.2,3.4,8.4,0.058
14.2,14.2,3.5,8.5,0.062
14.2,14.2,3.6,8.6,0.09
14.2,14.2,3.7,8.7,0.1
14.2,14.2,3.8,8.8,0.082
14.2,14.2,3.9,8.9,0.136
14.2,14.2,4.0,9.0,0.15
14.2,14.2,4.1,9.1,0.154
14.2,14.2,4.2,9.2,0.178
14.2,14.2,4.3,9.3,0.21
14.2,14.2,4.4,9.4,0.258
14.2,14.2,4.5,9.5,0.274
14.2,14.2,4.6,9.6,0.348
14.2,14.2,4.7,9.7,0.328
14.2,14.2,4.8,9.8,0.4
14.2,14.2,4.9,9.9,0.454
14.2,14.2,5.0,10.0,0.512
14.2,14.2,5.1,10.1,0.502
14.2,14.2,5.2,10.2,0.532
14.2,14.2,5.3,10.3,0.596
14.2,14.2,5.4,10.4,0.65
14.2,14.2,5.5,10.5,0.676
14.2,14.2,5.6,10.6,0.734
14.2,14.2,5.7,10.7,0.696
14.2,14.2,5.8,10.8,0.762
14.2,14.2,5.9,10.9,0.796
14.2,14.2,6.0,11.0,0.806
14.2,14.2,6.1,11.1,0.81
14.2,14.2,6.2,11.2,0.86
14.2,14.2,6.3,11.3,0.838
14.2,14.2,6.4,11.4,0.868
14.2,14.2,6.5,11.5,0.862
14.2,14.2,6.6,11.6,0.88
14.2,14.2,6.7,11.7,0.85
14.2,14.2,6.8,11.8,0.91
14.2,14.2,6.9,11.9,0.86
14.2,14.2,7.0,12.0,0.88
14.2,14.2,7.1,12.1,0.892
14.2,14.2,7.2,12.2,0.928
14.2,14.2,7.3,12.3,0.902
14.2,14.2,7.4,12.4,0.91
14.2,14.2,7.5,12.5,0.914
14.2,14.2,7.6,12.6,0.93
14.2,14.2,7.7,12.7,0.898
14.2,14.2,7.8,12.8,0.92
14.2,14.2,7.9,12.9,0.914
14.2,14.2,8.0,13.0,0.92
14.2,14.2,8.1,13.1,0.93
14.2,14.2,8.2,13.2,0.928
14.2,14.2,8.3,13.3,0.93
14.2,14.2,8.4,13.4,0.93
14.2,14.2,8.5,13.5,0.92
14.2,14.2,8.6,13.6,0.918
14.2,14.2,8.7,13.7,0.92
14.2,14.2,8.8,13.8,0.91
14.2,14.2,8.9,13.9,0.896
14.2,14.2,9.0,14.0,0.894
14.2,14.2,9.1,14.1,0.872
14.2,14.2,9.2,14.2,0.898
14.2,14.2,9.3,14.3,0.888
14.2,14.2,9.4,14.4,0.888
14.2,14.2,9.5,14.5,0.882
14.2,14.2,9.6,14.6,0.876
14.2,14.2,9.7,14.7,0.846
14.2,14.2,9.8,14.8,0.856
14.2,14.2,9.9,14.9,0.834
14.2,14.2,10.0,15.0,0.828
14.2,14.2,10.1,15.1,0.84
14.2,14.2,10.2,15.2,0.776
14.2,14.2,10.3,15.3,0.79
14.2,14.2,10.4,15.4,0.722
14.2,14.2,10.5,15.5,0.778
14.2,14.2,10.6,15.6,0.714
14.2,14.2,10.7,15.7,0.67
14.2,14.2,10.8,15.8,0.608
14.2,14.2,10.9,15.9,0.586
14.2,14.2,11.0,16.0,0.54
14.2,14.2,11.1,16.1,0.51
14.2,14.2,11.2,16.2,0.5
14.2,14.2,11.3,16.3,0.398
14.2,14.2,11.4,16.4,0.372
14.2,14.2,11.5,16.5,0.38
14.2,14.2,11.6,16.6,0.312
14.2,14.2,11.7,16.7,0.25
14.2,14.2,11.8,16.8,0.258
14.2,14.2,11.9,16.9,0.236
14.2,14.2,12.0,17.0,0.246
14.2,14.2,12.1,17.1,0.234
14.2,14.2,12.2,17.2,0.152
14.2,14.2,12.3,17.3,0.184
14.2,14.2,12.4,17.4,0.184
14.2,14.2,12.5,17.5,0.132
14.2,14.2,12.6,17.6,0.128
14.2,14.2,12.7,17.7,0.154
14.2,14.2,12.8,17.8,0.156
14.2,14.2,12.9,17.9,0.126
14.2,14.2,13.0,18.0,0.126
14.2,14.2,13.1,18.1,0.13
14.2,14.2,13.2,18.2,0.128
14.2,14.2,13.3,18.3,0.142
14.2,14.2,13.4,18.4,0.13
14.2,14.2,13.5,18.5,0.092
14.2,14.2,13.6,18.6,0.126
14.2,14.2,13.7,18.7,0.11
14.2,14.2,13.8,18.8,0.088
14.2,14.2,13.9,18.9,0.098
14.2,14.2,14.0,19.0,0.108
14.2,14.2,14.1,19.1,0.118
14.2,14.2,14.2,19.2,0.098
14.2,14.2,14.3,19.3,0.076
14.2,14.2,14.4,19.4,0.118
14.2,14.2,14.5,19.5,0.12
14.2,14.2,14.6,19.6,0.118
14.2,14.2,14.7,19.7,0.102
14.2,14.2,14.8,19.8,0.134
14.2,14.2,14.9,19.9,0.106
14.2,14.2,15.0,20.0,0.094
14.3,14.3,0.0,5.0,0.054
14.3,14.3,0.1,5.1,0.036
14.3,14.3,0.2,5.2,0.048
14.3,14.3,0.3,5.3,0.04
14.3,14.3,0.4,5.4,0.05
14.3,14.3,0.5,5.5,0.062
14.3,14.3,0.6,5.6,0.042
14.3,14.3,0.7,5.7,0.056
14.3,14.3,0.8,5.8,0.064
14.3,14.3,0.9,5.9,0.05
14.3,14.3,1.0,6.0,0.042
14.3,14.3,1.1,6.1,0.062
14.3,14.3,1.2,6.2,0.048
14.3,14.3,1.3,6.3,0.044
14.3,14.3,1.4,6.4,0.052
14.3,14.3,1.5,6.5,0.058
14.3,14.3,1.6,6.6,0.058
14.3,14.3,1.7,6.7,0.056
14.3,14.3,1.8,6.8,0.06
14.3,14.3,1.9,6.9,0.046
14.3,14.3,2.0,7.0,0.052
14.3,14.3,2.1,7.1,0.036
14.3,14.3,2.2,7.2,0.046
14.3,14.3,2.3,7.3,0.068
14.3,14.3,2.4,7.4,0.078
14.3,14.3,2.5,7.5,0.05
14.3,14.3,2.6,7.6,0.042
14.3,14.3,2.7,7.7,0.046
14.3,14.3,2.8,7.8,0.054
14.3,14.3,2.9,7.9,0.046
14.3,14.3,3.0,8.0,0.056
14.3,14.3,3.1,8.1,0.05
14.3,14.3,3.2,8.2,0.056
14.3,14.3,3.3,8.3,0.066
14.3,14.3,3.4,8.4,0.058
14.3,14.3,3.5,8.5,0.082
14.3,14.3,3.6,8.6,0.064
14.3,14.3,3.7,8.7,0.084
14.3,14.3,3.8,8.8,0.104
14.3,14.3,3.9,8.9,0.14
14.3,14.3,4.0,9.0,0.102
14.3,14.3,4.1,9.1,0.15
14.3,14.3,4.2,9.2,0.18
14.3,14.3,4.3,9.3,0.174
14.3,14.3,4.4,9.4,0.22
14.3,14.3,4.5,9.5,0.26
14.3,14.3,4.6,9.6,0.276
14.3,14.3,4.7,9.7,0.316
14.3,14.3,4.8,9.8,0.37
14.3,14.3,4.9,9.9,0.418
14.3,14.3,5.0,10.0,0.412
14.3,14.3,5.1,10.1,0.446
14.3,14.3,5.2,10.2,0.53
14.3,14.3,5.3,10.3,0.576
14.3,14.3,5.4,10.4,0.614
14.3,14.3,5.5,10.5,0.632
14.3,14.3,5.6,10.6,0.648
14.3,14.3,5.7,10.7,0.724
14.3,14.3,5.8,10.8,0.742
14.3,14.3,5.9,10.9,0.76
14.3,14.3,6.0,11.0,0.778
14.3,14.3,6.1,11.1,0.816
14.3,14.3,6.2,11.2,0.812
14.3,14.3,6.3,11.3,0.842
14.3,14.3,6.4,11.4,0.83
14.3,14.3,6.5,11.5,0.862
14.3,14.3,6.6,11.6,0.882
14.3,14.3,6.7,11.7,0.846
14.3,14.3,6.8,11.8,0.882
14.3,14.3,6.9,11.9,0.89
14.3,14.3,7.0,12.0,0.908
14.3,14.3,7.1,12.1,0.906
14.3,14.3,7.2,12.2,0.904
14.3,14.3,7.3,12.3,0.892
14.3,14.3,7.4,12.4,0.906
14.3,14.3,7.5,12.5,0.9
14.3,14.3,7.6,12.6,0.93
14.3,14.3,7.7,12.7,0.912
14.3,14.3,7.8,12.8,0.92
14.3,14.3,7.9,12.9,0.904
14.3,14.3,8.0,13.0,0.91
14.3,14.3,8.1,13.1,0.91
14.3,14.3,8.2,13.2,0.926
14.3,14.3,8.3,13.3,0.938
14.3,14.3,8.4,13.4,0.92
14.3,14.3,8.5,13.5,0.926
14.3,14.3,8.6,13.6,0.894
14.3,14.3,8.7,13.7,0.924
14.3,14.3,8.8,13.8,0.938
14.3,14.3,8.9,13.9,0.902
14.3,14.3,9.0,14.0,0.904
14.3,14.3,9.1,14.1,0.902
14.3,14.3,9.2,14.2,0.892
14.3,14.3,9.3,14.3,0.896
14.3,14.3,9.4,14.4,0.872
14.3,14.3,9.5,14.5,0.888
14.3,14.3,9.6,14.6,0.902
14.3,14.3,9.7,14.7,0.878
14.3,14.3,9.8,14.8,0.884
14.3,14.3,9.9,14.9,0.848
14.3,14.3,10.0,15.0,0.838
14.3,14.3,10.1,15.1,0.828
14.3,14.3,10.2,15.2,0.792
14.3,14.3,10.3,15.3,0.822
14.3,14.3,10.4,15.4,0.754
14.3,14.3,10.5,15.5,0.728
14.3,14.3,10.6,15.6,0.75
14.3,14.3,10.7,15.7,0.668
14.3,14.3,10.8,15.8,0.646
14.3,14.3,10.9,15.9,0.588
14.3,14.3,11.0,16.0,0.556
14.3,14.3,11.1,16.1,0.57
14.3,14.3,11.2,16.2,0.516
14.3,14.3,11.3,16.3,0.488
14.3,14.3,11.4,16.4,0.444
14.3,14.3,11.5,16.5,0.388
14.3,14.3,11.6,16.6,0.372
14.3,14.3,11.7,16.7,0.324
14.3,14.3,11.8,16.8,0.274
14.3,14.3,11.9,16.9,0.262
14.3,14.3,12.0,17.0,0.242
14.3,14.3,12.1,17.1,0.202
14.3,14.3,12.2,17.2,0.196
14.3,14.3,12.3,17.3,0.194
14.3,14.3,12.4,17.4,0.19
14.3,14.3,12.5,17.5,0.15
14.3,14.3,12.6,17.6,0.16
14.3,14.3,12.7,17.7,0.168
14.3,14.3,12.8,17.8,0.138
14.3,14.3,12.9,17.9,0.126
14.3,14.3,13.0,18.0,0.112
14.3,14.3,13.1,18.1,0.108
14.3,14.3,13.2,18.2,0.138
14.3,14.3,13.3,18.3,0.118
14.3,14.3,13.4,18.4,0.134
14.3,14.3,13.5,18.5,0.128
14.3,14.3,13.6,18.6,0.12
14.3,14.3,13.7,18.7,0.126
14.3,14.3,13.8,18.8,0.112
14.3,14.3,13.9,18.9,0.13
14.3,14.3,14.0,19.0,0.122
14.3,14.3,14.1,19.1,0.114
14.3,14.3,14.2,19.2,0.114
14.3,14.3,14.3,19.3,0.106
14.3,14.3,14.4,19.4,0.104
14.3,14.3,14.5,19.5,0.112
14.3,14.3,14.6,19.6,0.112
14.3,14.3,14.7,19.7,0.106
14.3,14.3,14.8,19.8,0.104
14.3,14.3,14.9,19.9,0.08
14.3,14.3,15.0,20.0,0.082
14.4,14.4,0.0,5.0,0.05
14.4,14.4,0.1,5.1,0.052
14.4,14.4,0.2,5.2,0.048
14.4,14.4,0.3,5.3,0.048
14.4,14.4,0.4,5.4,0.05
14.4,14.4,0.5,5.5,0.032
14.4,14.4,0.6,5.6,0.036
14.4,14.4,0.7,5.7,0.046
14.4,14.4,0.8,5.8,0.062
14.4,14.4,0.9,5.9,0.03
14.4,14.4,1.0,6.0,0.052
14.4,14.4,1.1,6.1,0.058
14.4,14.4,1.2,6.2,0.044
14.4,14.4,1.3,6.3,0.046
14.4,14.4,1.4,6.4,0.056
14.4,14.4,1.5,6.5,0.056
14.4,14.4,1.6,6.6,0.042
14.4,14.4,1.7,6.7,0.052
14.4,14.4,1.8,6.8,0.042
14.4,14.4,1.9,6.9,0.058
14.4,14.4,2.0,7.0,0.06
14.4,14.4,2.1,7.1,0.046
14.4,14.4,2.2,7.2,0.036
14.4,14.4,2.3,7.3,0.046
14.4,14.4,2.4,7.4,0.03
14.4,14.4,2.5,7.5,0.038
14.4,14.4,2.6,7.6,0.084
14.4,14.4,2.7,7.7,0.052
14.4,14.4,2.8,7.8,0.05
14.4,14.4,2.9,7.9,0.042
14.4,14.4,3.0,8.0,0.06
14.4,14.4,3.1,8.1,0.07
14.4,14.4,3.2,8.2,0.048
14.4,14.4,3.3,8.3,0.05
14.4,14.4,3.4,8.4,0.072
14.4,14.4,3.5,8.5,0.068
14.4,14.4,3.6,8.6,0.04
14.4,14.4,3.7,8.7,0.084
14.4,14.4,3.8,8.8,0.07
14.4,14.4,3.9,8.9,0.116
14.4,14.4,4.0,9.0,0.096
14.4,14.4,4.1,9.1,0.144
14.4,14.4,4.2,9.2,0.146
14.4,14.4,4.3,9.3,0.174
14.4,14.4,4.4,9.4,0.17
14.4,14.4,4.5,9.5,0.234
14.4,14.4,4.6,9.6,0.232
14.4,14.4,4.7,9.7,0.276
14.4,14.4,4.8,9.8,0.344
14.4,14.4,4.9,9.9,0.348
14.4,14.4,5.0,10.0,0.434
14.4,14.4,5.1,10.1,0.45
14.4,14.4,5.2,10.2,0.482
14.4,14.4,5.3,10.3,0.556
14.4,14.4,5.4,10.4,0.618
14.4,14.4,5.5,10.5,0.58
14.4,14.4,5.6,10.6,0.656
14.4,14.4,5.7,10.7,0.66
14.4,14.4,5.8,10.8,0.672
14.4,14.4,5.9,10.9,0.738
14.4,14.4,6.0,11.0,0.76
14.4,14.4,6.1,11.1,0.776
14.4,14.4,6.2,11.2,0.824
14.4,14.4,6.3,11.3,0.806
14.4,14.4,6.4,11.4,0.812
14.4,14.4,6.5,11.5,0.824
14.4,14.4,6.6,11.6,0.868
14.4,14.4,6.7,11.7,0.866
14.4,14.4,6.8,11.8,0.874
14.4,14.4,6.9,11.9,0.88
14.4,14.4,7.0,12.0,0.838
14.4,14.4,7.1,12.1,0.906
14.4,14.4,7.2,12.2,0.912
14.4,14.4,7.3,12.3,0.878
14.4,14.4,7.4,12.4,0.916
14.4,14.4,7.5,12.5,0.894
14.4,14.4,7.6,12.6,0.902
14.4,14.4,7.7,12.7,0.914
14.4,14.4,7.8,12.8,0.91
14.4,14.4,7.9,12.9,0.916
14.4,14.4,8.0,13.0,0.916
14.4,14.4,8.1,13.1,0.91
14.4,14.4,8.2,13.2,0.906
14.4,14.4,8.3,13.3,0.92
14.4,14.4,8.4,13.4,0.912
14.4,14.4,8.5,13.5,0.914
14.4,14.4,8.6,13.6,0.916
14.4,14.4,8.7,13.7,0.932
14.4,14.4,8.8,13.8,0.892
14.4,14.4,8.9,13.9,0.918
14.4,14.4,9.0,14.0,0.93
14.4,14.4,9.1,14.1,0.902
14.4,14.4,9.2,14.2,0.928
14.4,14.4,9.3,14.3,0.916
14.4,14.4,9.4,14.4,0.906
14.4,14.4,9.5,14.5,0.906
14.4,14.4,9.6,14.6,0.874
14.4,14.4,9.7,14.7,0.878
14.4,14.4,9.8,14.8,0.858
14.4,14.4,9.9,14.9,0.844
14.4,14.4,10.0,15.0,0.88
14.4,14.4,10.1,15.1,0.834
14.4,14.4,10.2,15.2,0.836
14.4,14.4,10.3,15.3,0.828
14.4,14.4,10.4,15.4,0.776
14.4,14.4,10.5,15.5,0.764
14.4,14.4,10.6,15.6,0.718
14.4,14.4,10.7,15.7,0.706
14.4,14.4,10.8,15.8,0.654
14.4,14.4,10.9,15.9,0.636
14.4,14.4,11.0,16.0,0.612
14.4,14.4,11.1,16.1,0.6
14.4,14.4,11.2,16.2,0.568
14.4,14.4,11.3,16.3,0.46
14.4,14.4,11.4,16.4,0.452
14.4,14.4,11.5,16.5,0.404
14.4,14.4,11.6,16.6,0.366
14.4,14.4,11.7,16.7,0.34
14.4,14.4,11.8,16.8,0.346
14.4,14.4,11.9,16.9,0.278
14.4,14.4,12.0,17.0,0.254
14.4,14.4,12.1,17.1,0.274
14.4,14.4,12.2,17.2,0.238
14.4,14.4,12.3,17.3,0.176
14.4,14.4,12.4,17.4,0.198
14.4,14.4,12.5,17.5,0.176
14.4,14.4,12.6,17.6,0.182
14.4,14.4,12.7,17.7,0.126
14.4,14.4,12.8,17.8,0.14
14.4,14.4,12.9,17.9,0.142
14.4,14.4,13.0,18.0,0.168
14.4,14.4,13.1,18.1,0.128
14.4,14.4,13.2,18.2,0.126
14.4,14.4,13.3,18.3,0.128
14.4,14.4,13.4,18.4,0.156
14.4,14.4,13.5,18.5,0.126
14.4,14.4,13.6,18.6,0.106
14.4,14.4,13.7,18.7,0.134
14.4,14.4,13.8,18.8,0.092
14.4,14.4,13.9,18.9,0.132
14.4,14.4,14.0,19.0,0.108
14.4,14.4,14.1,19.1,0.108
14.4,14.4,14.2,19.2,0.106
14.4,14.4,14.3,19.3,0.098
14.4,14.4,14.4,19.4,0.116
14.4,14.4,14.5,19.5,0.094
14.4,14.4,14.6,19.6,0.104
14.4,14.4,14.7,19.7,0.114
14.4,14.4,14.8,19.8,0.124
14.4,14.4,14.9,19.9,0.104
14.4,14.4,15.0,20.0,0.12
14.5,14.5,0.0,5.0,0.044
14.5,14.5,0.1,5.1,0.034
14.5,14.5,0.2,5.2,0.048
14.5,14.5,0.3,5.3,0.048
14.5,14.5,0.4,5.4,0.038
14.5,14.5,0.5,5.5,0.052
14.5,14.5,0.6,5.6,0.042
14.5,14.5,0.7,5.7,0.036
14.5,14.5,0.8,5.8,0.026
14.5,14.5,0.9,5.9,0.068
14.5,14.5,1.0,6.0,0.044
14.5,14.5,1.1,6.1,0.042
14.5,14.5,1.2,6.2,0.07
14.5,14.5,1.3,6.3,0.05
14.5,14.5,1.4,6.4,0.046
14.5,14.5,1.5,6.5,0.048
14.5,14.5,1.6,6.6,0.038
14.5,14.5,1.7,6.7,0.054
14.5,14.5,1.8,6.8,0.048
14.5,14.5,1.9,6.9,0.046
14.5,14.5,2.0,7.0,0.046
14.5,14.5,2.1,7.1,0.056
14.5,14.5,2.2,7.2,0.052
14.5,14.5,2.3,7.3,0.046
14.5,14.5,2.4,7.4,0.036
14.5,14.5,2.5,7.5,0.06
14.5,14.5,2.6,7.6,0.06
14.5,14.5,2.7,7.7,0.062
14.5,14.5,2.8,7.8,0.048
14.5,14.5,2.9,7.9,0.05
14.5,14.5,3.0,8.0,0.048
14.5,14.5,3.1,8.1,0.056
14.5,14.5,3.2,8.2,0.048
14.5,14.5,3.3,8.3,0.04
14.5,14.5,3.4,8.4,0.062
14.5,14.5,3.5,8.5,0.052
14.5,14.5,3.6,8.6,0.042
14.5,14.5,3.7,8.7,0.094
14.5,14.5,3.8,8.8,0.094
14.5,14.5,3.9,8.9,0.1
14.5,14.5,4.0,9.0,0.08
14.5,14.5,4.1,9.1,0.124
14.5,14.5,4.2,9.2,0.106
14.5,14.5,4.3,9.3,0.126
14.5,14.5,4.4,9.4,0.148
14.5,14.5,4.5,9.5,0.168
14.5,14.5,4.6,9.6,0.206
14.5,14.5,4.7,9.7,0.236
14.5,14.5,4.8,9.8,0.286
14.5,14.5,4.9,9.9,0.328
14.5,14.5,5.0,10.0,0.38
14.5,14.5,5.1,10.1,0.45
14.5,14.5,5.2,10.2,0.428
14.5,14.5,5.3,10.3,0.484
14.5,14.5,5.4,10.4,0.544
14.5,14.5,5.5,10.5,0.538
14.5,14.5,5.6,10.6,0.598
14.5,14.5,5.7,10.7,0.606
14.5,14.5,5.8,10.8,0.714
14.5,14.5,5.9,10.9,0.7
14.5,14.5,6.0,11.0,0.752
14.5,14.5,6.1,11.1,0.742
14.5,14.5,6.2,11.2,0.75
14.5,14.5,6.3,11.3,0.816
14.5,14.5,6.4,11.4,0.814
14.5,14.5,6.5,11.5,0.812
14.5,14.5,6.6,11.6,0.852
14.5,14.5,6.7,11.7,0.868
14.5,14.5,6.8,11.8,0.888
14.5,14.5,6.9,11.9,0.88
14.5,14.5,7.0,12.0,0.898
14.5,14.5,7.1,12.1,0.864
14.5,14.5,7.2,12.2,0.888
14.5,14.5,7.3,12.3,0.904
14.5,14.5,7.4,12.4,0.89
14.5,14.5,7.5,12.5,0.91
14.5,14.5,7.6,12.6,0.918
14.5,14.5,7.7,12.7,0.91
14.5,14.5,7.8,12.8,0.914
14.5,14.5,7.9,12.9,0.932
14.5,14.5,8.0,13.0,0.944
14.5,14.5,8.1,13.1,0.932
14.5,14.5,8.2,13.2,0.916
14.5,14.5,8.3,13.3,0.93
14.5,14.5,8.4,13.4,0.922
14.5,14.5,8.5,13.5,0.922
14.5,14.5,8.6,13.6,0.926
14.5,14.5,8.7,13.7,0.914
14.5,14.5,8.8,13.8,0.928
14.5,14.5,8.9,13.9,0.916
14.5,14.5,9.0,14.0,0.906
14.5,14.5,9.1,14.1,0.924
14.5,14.5,9.2,14.2,0.906
14.5,14.5,9.3,14.3,0.928
14.5,14.5,9.4,14.4,0.91
14.5,14.5,9.5,14.5,0.91
14.5,14.5,9.6,14.6,0.9
14.5,14.5,9.7,14.7,0.894
14.5,14.5,9.8,14.8,0.904
14.5,14.5,9.9,14.9,0.868
14.5,14.5,10.0,15.0,0.874
14.5,14.5,10.1,15.1,0.882
14.5,14.5,10.2,15.2,0.854
14.5,14.5,10.3,15.3,0.838
14.5,14.5,10.4,15.4,0.792
14.5,14.5,10.5,15.5,0.78
14.5,14.5,10.6,15.6,0.77
14.5,14.5,10.7,15.7,0.734
14.5,14.5,10.8,15.8,0.73
14.5,14.5,10.9,15.9,0.678
14.5,14.5,11.0,16.0,0.662
14.5,14.5,11.1,16.1,0.642
14.5,14.5,11.2,16.2,0.544
14.5,14.5,11.3,16.3,0.512
14.5,14.5,11.4,16.4,0.468
14.5,14.5,11.5,16.5,0.388
14.5,14.5,11.6,16.6,0.4
14.5,14.5,11.7,16.7,0.386
14.5,14.5,11.8,16.8,0.334
14.5,14.5,11.9,16.9,0.344
14.5,14.5,12.0,17.0,0.278
14.5,14.5,12.1,17.1,0.242
14.5,14.5,12.2,17.2,0.276
14.5,14.5,12.3,17.3,0.198
14.5,14.5,12.4,17.4,0.228
14.5,14.5,12.5,17.5,0.218
14.5,14.5,12.6,17.6,0.194
14.5,14.5,12.7,17.7,0.152
14.5,14.5,12.8,17.8,0.14
14.5,14.5,12.9,17.9,0.164
14.5,14.5,13.0,18.0,0.112
14.5,14.5,13.1,18.1,0.148
14.5,14.5,13.2,18.2,0.122
14.5,14.5,13.3,18.3,0.138
14.5,14.5,13.4,18.4,0.102
14.5,14.5,13.5,18.5,0.122
14.5,14.5,13.6,18.6,0.126
14.5,14.5,13.7,18.7,0.124
14.5,14.5,13.8,18.8,0.136
14.5,14.5,13.9,18.9,0.116
14.5,14.5,14.0,19.0,0.116
14.5,14.5,14.1,19.1,0.09
14.5,14.5,14.2,19.2,0.11
14.5,14.5,14.3,19.3,0.174
14.5,14.5,14.4,19.4,0.11
14.5,14.5,14.5,19.5,0.106
14.5,14.5,14.6,19.6,0.102
14.5,14.5,14.7,19.7,0.098
14.5,14.5,14.8,19.8,0.136
14.5,14.5,14.9,19.9,0.11
14.5,14.5,15.0,20.0,0.088
14.6,14.6,0.0,5.0,0.03
14.6,14.6,0.1,5.1,0.048
14.6,14.6,0.2,5.2,0.064
14.6,14.6,0.3,5.3,0.05
14.6,14.6,0.4,5.4,0.05
14.6,14.6,0.5,5.5,0.066
14.6,14.6,0.6,5.6,0.052
14.6,14.6,0.7,5.7,0.04
14.6,14.6,0.8,5.8,0.054
14.6,14.6,0.9,5.9,0.058
14.6,14.6,1.0,6.0,0.034
14.6,14.6,1.1,6.1,0.05
14.6,14.6,1.2,6.2,0.06
14.6,14.6,1.3,6.3,0.058
14.6,14.6,1.4,6.4,0.06
14.6,14.6,1.5,6.5,0.036
14.6,14.6,1.6,6.6,0.048
14.6,14.6,1.7,6.7,0.048
14.6,14.6,1.8,6.8,0.054
14.6,14.6,1.9,6.9,0.05
14.6,14.6,2.0,7.0,0.038
14.6,14.6,2.1,7.1,0.044
14.6,14.6,2.2,7.2,0.054
14.6,14.6,2.3,7.3,0.064
14.6,14.6,2.4,7.4,0.06
14.6,14.6,2.5,7.5,0.048
14.6,14.6,2.6,7.6,0.06
14.6,14.6,2.7,7.7,0.044
14.6,14.6,2.8,7.8,0.05
14.6,14.6,2.9,7.9,0.044
14.6,14.6,3.0,8.0,0.06
14.6,14.6,3.1,8.1,0.044
14.6,14.6,3.2,8.2,0.056
14.6,14.6,3.3,8.3,0.052
14.6,14.6,3.4,8.4,0.054
14.6,14.6,3.5,8.5,0.044
14.6,14.6,3.6,8.6,0.04
14.6,14.6,3.7,8.7,0.056
14.6,14.6,3.8,8.8,0.082
14.6,14.6,3.9,8.9,0.106
14.6,14.6,4.0,9.0,0.072
14.6,14.6,4.1,9.1,0.126
14.6,14.6,4.2,9.2,0.114
14.6,14.6,4.3,9.3,0.14
14.6,14.6,4.4,9.4,0.156
14.6,14.6,4.5,9.5,0.168
14.6,14.6,4.6,9.6,0.194
14.6,14.6,4.7,9.7,0.21
14.6,14.6,4.8,9.8,0.222
14.6,14.6,4.9,9.9,0.306
14.6,14.6,5.0,10.0,0.334
14.6,14.6,5.1,10.1,0.384
14.6,14.6,5.2,10.2,0.366
14.6,14.6,5.3,10.3,0.448
14.6,14.6,5.4,10.4,0.464
14.6,14.6,5.5,10.5,0.512
14.6,14.6,5.6,10.6,0.556
14.6,14.6,5.7,10.7,0.62
14.6,14.6,5.8,10.8,0.642
14.6,14.6,5.9,10.9,0.696
14.6,14.6,6.0,11.0,0.718
14.6,14.6,6.1,11.1,0.766
14.6,14.6,6.2,11.2,0.794
14.6,14.6,6.3,11.3,0.75
14.6,14.6,6.4,11.4,0.794
14.6,14.6,6.5,11.5,0.822
14.6,14.6,6.6,11.6,0.834
14.6,14.6,6.7,11.7,0.852
14.6,14.6,6.8,11.8,0.874
14.6,14.6,6.9,11.9,0.864
14.6,14.6,7.0,12.0,0.902
14.6,14.6,7.1,12.1,0.866
14.6,14.6,7.2,12.2,0.916
14.6,14.6,7.3,12.3,0.9
14.6,14.6,7.4,12.4,0.89
14.6,14.6,7.5,12.5,0.91
14.6,14.6,7.6,12.6,0.924
14.6,14.6,7.7,12.7,0.918
14.6,14.6,7.8,12.8,0.902
14.6,14.6,7.9,12.9,0.906
14.6,14.6,8.0,13.0,0.904
14.6,14.6,8.1,13.1,0.912
14.6,14.6,8.2,13.2,0.912
14.6,14.6,8.3,13.3,0.924
14.6,14.6,8.4,13.4,0.932
14.6,14.6,8.5,13.5,0.91
14.6,14.6,8.6,13.6,0.922
14.6,14.6,8.7,13.7,0.914
14.6,14.6,8.8,13.8,0.93
14.6,14.6,8.9,13.9,0.936
14.6,14.6,9.0,14.0,0.912
14.6,14.6,9.1,14.1,0.914
14.6,14.6,9.2,14.2,0.93
14.6,14.6,9.3,14.3,0.906
14.6,14.6,9.4,14.4,0.916
14.6,14.6,9.5,14.5,0.912
14.6,14.6,9.6,14.6,0.892
14.6,14.6,9.7,14.7,0.898
14.6,14.6,9.8,14.8,0.908
14.6,14.6,9.9,14.9,0.838
14.6,14.6,10.0,15.0,0.884
14.6,14.6,10.1,15.1,0.842
14.6,14.6,10.2,15.2,0.856
14.6,14.6,10.3,15.3,0.838
14.6,14.6,10.4,15.4,0.826
14.6,14.6,10.5,15.5,0.82
14.6,14.6,10.6,15.6,0.75
14.6,14.6,10.7,15.7,0.746
14.6,14.6,10.8,15.8,0.782
14.6,14.6,10.9,15.9,0.668
14.6,14.6,11.0,16.0,0.748
14.6,14.6,11.1,16.1,0.65
14.6,14.6,11.2,16.2,0.634
14.6,14.6,11.3,16.3,0.604
14.6,14.6,11.4,16.4,0.582
14.6,14.6,11.5,16.5,0.502
14.6,14.6,11.6,16.6,0.47
14.6,14.6,11.7,16.7,0.424
14.6,14.6,11.8,16.8,0.38
14.6,14.6,11.9,16.9,0.406
14.6,14.6,12.0,17.0,0.334
14.6,14.6,12.1,17.1,0.284
14.6,14.6,12.2,17.2,0.258
14.6,14.6,12.3,17.3,0.238
14.6,14.6,12.4,17.4,0.216
14.6,14.6,12.5,17.5,0.202
14.6,14.6,12.6,17.6,0.192
14.6,14.6,12.7,17.7,0.196
14.6,14.6,12.8,17.8,0.168
14.6,14.6,12.9,17.9,0.194
14.6,14.6,13.0,18.0,0.162
14.6,14.6,13.1,18.1,0.152
14.6,14.6,13.2,18.2,0.138
14.6,14.6,13.3,18.3,0.134
14.6,14.6,13.4,18.4,0.1
14.6,14.6,13.5,18.5,0.134
14.6,14.6,13.6,18.6,0.156
14.6,14.6,13.7,18.7,0.122
14.6,14.6,13.8,18.8,0.092
14.6,14.6,13.9,18.9,0.118
14.6,14.6,14.0,19.0,0.134
14.6,14.6,14.1,19.1,0.104
14.6,14.6,14.2,19.2,0.102
14.6,14.6,14.3,19.3,0.09
14.6,14.6,14.4,19.4,0.1
14.6,14.6,14.5,19.5,0.104
14.6,14.6,14.6,19.6,0.118
14.6,14.6,14.7,19.7,0.114
14.6,14.6,14.8,19.8,0.124
14.6,14.6,14.9,19.9,0.11
14.6,14.6,15.0,20.0,0.082
14.7,14.7,0.0,5.0,0.044
14.7,14.7,0.1,5.1,0.058
14.7,14.7,0.2,5.2,0.054
14.7,14.7,0.3,5.3,0.044
14.7,14.7,0.4,5.4,0.054
14.7,14.7,0.5,5.5,0.048
14.7,14.7,0.6,5.6,0.046
14.7,14.7,0.7,5.7,0.046
14.7,14.7,0.8,5.8,0.042
14.7,14.7,0.9,5.9,0.068
14.7,14.7,1.0,6.0,0.052
14.7,14.7,1.1,6.1,0.03
14.7,14.7,1.2,6.2,0.046
14.7,14.7,1.3,6.3,0.048
14.7,14.7,1.4,6.4,0.032
14.7,14.7,1.5,6.5,0.054
14.7,14.7,1.6,6.6,0.064
14.7,14.7,1.7,6.7,0.04
14.7,14.7,1.8,6.8,0.044
14.7,14.7,1.9,6.9,0.038
14.7,14.7,2.0,7.0,0.068
14.7,14.7,2.1,7.1,0.05
14.7,14.7,2.2,7.2,0.032
14.7,14.7,2.3,7.3,0.036
14.7,14.7,2.4,7.4,0.04
14.7,14.7,2.5,7.5,0.044
14.7,14.7,2.6,7.6,0.044
14.7,14.7,2.7,7.7,0.066
14.7,14.7,2.8,7.8,0.052
14.7,14.7,2.9,7.9,0.056
14.7,14.7,3.0,8.0,0.048
14.7,14.7,3.1,8.1,0.074
14.7,14.7,3.2,8.2,0.054
14.7,14.7,3.3,8.3,0.06
14.7,14.7,3.4,8.4,0.07
14.7,14.7,3.5,8.5,0.05
14.7,14.7,3.6,8.6,0.08
14.7,14.7,3.7,8.7,0.08
14.7,14.7,3.8,8.8,0.058
14.7,14.7,3.9,8.9,0.068
14.7,14.7,4.0,9.0,0.08
14.7,14.7,4.1,9.1,0.068
14.7,14.7,4.2,9.2,0.084
14.7,14.7,4.3,9.3,0.12
14.7,14.7,4.4,9.4,0.144
14.7,14.7,4.5,9.5,0.14
14.7,14.7,4.6,9.6,0.146
14.7,14.7,4.7,9.7,0.208
14.7,14.7,4.8,9.8,0.198
14.7,14.7,4.9,9.9,0.258
14.7,14.7,5.0,10.0,0.24
14.7,14.7,5.1,10.1,0.348
14.7,14.7,5.2,10.2,0.402
14.7,14.7,5.3,10.3,0.46
14.7,14.7,5.4,10.4,0.434
14.7,14.7,5.5,10.5,0.486
14.7,14.7,5.6,10.6,0.558
14.7,14.7,5.7,10.7,0.582
14.7,14.7,5.8,10.8,0.616
14.7,14.7,5.9,10.9,0.62
14.7,14.7,6.0,11.0,0.72
14.7,14.7,6.1,11.1,0.698
14.7,14.7,6.2,11.2,0.766
14.7,14.7,6.3,11.3,0.73
14.7,14.7,6.4,11.4,0.808
14.7,14.7,6.5,11.5,0.822
14.7,14.7,6.6,11.6,0.838
14.7,14.7,6.7,11.7,0.85
14.7,14.7,6.8,11.8,0.828
14.7,14.7,6.9,11.9,0.856
14.7,14.7,7.0,12.0,0.864
14.7,14.7,7.1,12.1,0.884
14.7,14.7,7.2,12.2,0.878
14.7,14.7,7.3,12.3,0.902
14.7,14.7,7.4,12.4,0.888
14.7,14.7,7.5,12.5,0.906
14.7,14.7,7.6,12.6,0.888
14.7,14.7,7.7,12.7,0.922
14.7,14.7,7.8,12.8,0.926
14.7,14.7,7.9,12.9,0.926
14.7,14.7,8.0,13.0,0.922
14.7,14.7,8.1,13.1,0.902
14.7,14.7,8.2,13.2,0.904
14.7,14.7,8.3,13.3,0.912
14.7,14.7,8.4,13.4,0.91
14.7,14.7,8.5,13.5,0.918
14.7,14.7,8.6,13.6,0.924
14.7,14.7,8.7,13.7,0.926
14.7,14.7,8.8,13.8,0.92
14.7,14.7,8.9,13.9,0.916
14.7,14.7,9.0,14.0,0.908
14.7,14.7,9.1,14.1,0.914
14.7,14.7,9.2,14.2,0.896
14.7,14.7,9.3,14.3,0.908
14.7,14.7,9.4,14.4,0.926
14.7,14.7,9.5,14.5,0.912
14.7,14.7,9.6,14.6,0.886
14.7,14.7,9.7,14.7,0.912
14.7,14.7,9.8,14.8,0.884
14.7,14.7,9.9,14.9,0.866
14.7,14.7,10.0,15.0,0.89
14.7,14.7,10.1,15.1,0.862
14.7,14.7,10.2,15.2,0.84
14.7,14.7,10.3,15.3,0.842
14.7,14.7,10.4,15.4,0.864
14.7,14.7,10.5,15.5,0.818
14.7,14.7,10.6,15.6,0.824
14.7,14.7,10.7,15.7,0.804
14.7,14.7,10.8,15.8,0.794
14.7,14.7,10.9,15.9,0.74
14.7,14.7,11.0,16.0,0.734
14.7,14.7,11.1,16.1,0.656
14.7,14.7,11.2,16.2,0.65
14.7,14.7,11.3,16.3,0.6
14.7,14.7,11.4,16.4,0.538
14.7,14.7,11.5,16.5,0.54
14.7,14.7,11.6,16.6,0.52
14.7,14.7,11.7,16.7,0.474
14.7,14.7,11.8,16.8,0.406
14.7,14.7,11.9,16.9,0.398
14.7,14.7,12.0,17.0,0.35
14.7,14.7,12.1,17.1,0.332
14.7,14.7,12.2,17.2,0.29
14.7,14.7,12.3,17.3,0.236
14.7,14.7,12.4,17.4,0.266
14.7,14.7,12.5,17.5,0.22
14.7,14.7,12.6,17.6,0.24
14.7,14.7,12.7,17.7,0.174
14.7,14.7,12.8,17.8,0.168
14.7,14.7,12.9,17.9,0.184
14.7,14.7,13.0,18.0,0.178
14.7,14.7,13.1,18.1,0.142
14.7,14.7,13.2,18.2,0.128
14.7,14.7,13.3,18.3,0.12
14.7,14.7,13.4,18.4,0.154
14.7,14.7,13.5,18.5,0.128
14.7,14.7,13.6,18.6,0.138
14.7,14.7,13.7,18.7,0.122
14.7,14.7,13.8,18.8,0.13
14.7,14.7,13.9,18.9,0.132
14.7,14.7,14.0,19.0,0.162
14.7,14.7,14.1,19.1,0.12
14.7,14.7,14.2,19.2,0.116
14.7,14.7,14.3,19.3,0.104
14.7,14.7,14.4,19.4,0.106
14.7,14.7,14.5,19.5,0.108
14.7,14.7,14.6,19.6,0.106
14.7,14.7,14.7,19.7,0.122
14.7,14.7,14.8,19.8,0.11
14.7,14.7,14.9,19.9,0.098
14.7,14.7,15.0,20.0,0.098
14.8,14.8,0.0,5.0,0.044
14.8,14.8,0.1,5.1,0.04
14.8,14.8,0.2,5.2,0.044
14.8,14.8,0.3,5.3,0.044
14.8,14.8,0.4,5.4,0.05
14.8,14.8,0.5,5.5,0.044
14.8,14.8,0.6,5.6,0.042
14.8,14.8,0.7,5.7,0.036
14.8,14.8,0.8,5.8,0.062
14.8,14.8,0.9,5.9,0.046
14.8,14.8,1.0,6.0,0.046
14.8,14.8,1.1,6.1,0.048
14.8,14.8,1.2,6.2,0.052
14.8,14.8,1.3,6.3,0.046
14.8,14.8,1.4,6.4,0.042
14.8,14.8,1.5,6.5,0.04
14.8,14.8,1.6,6.6,0.03
14.8,14.8,1.7,6.7,0.034
14.8,14.8,1.8,6.8,0.05
14.8,14.8,1.9,6.9,0.062
14.8,14.8,2.0,7.0,0.056
14.8,14.8,2.1,7.1,0.04
14.8,14.8,2.2,7.2,0.044
14.8,14.8,2.3,7.3,0.052
14.8,14.8,2.4,7.4,0.056
14.8,14.8,2.5,7.5,0.05
14.8,14.8,2.6,7.6,0.054
14.8,14.8,2.7,7.7,0.044
14.8,14.8,2.8,7.8,0.032
14.8,14.8,2.9,7.9,0.062
14.8,14.8,3.0,8.0,0.05
14.8,14.8,3.1,8.1,0.06
14.8,14.8,3.2,8.2,0.05
14.8,14.8,3.3,8.3,0.046
14.8,14.8,3.4,8.4,0.046
14.8,14.8,3.5,8.5,0.046
14.8,14.8,3.6,8.6,0.048
14.8,14.8,3.7,8.7,0.05
14.8,14.8,3.8,8.8,0.074
14.8,14.8,3.9,8.9,0.092
14.8,14.8,4.0,9.0,0.092
14.8,14.8,4.1,9.1,0.074
14.8,14.8,4.2,9.2,0.102
14.8,14.8,4.3,9.3,0.096
14.8,14.8,4.4,9.4,0.11
14.8,14.8,4.5,9.5,0.136
14.8,14.8,4.6,9.6,0.164
14.8,14.8,4.7,9.7,0.16
14.8,14.8,4.8,9.8,0.162
14.8,14.8,4.9,9.9,0.196
14.8,14.8,5.0,10.0,0.264
14.8,14.8,5.1,10.1,0.292
14.8,14.8,5.2,10.2,0.318
14.8,14.8,5.3,10.3,0.382
14.8,14.8,5.4,10.4,0.428
14.8,14.8,5.5,10.5,0.43
14.8,14.8,5.6,10.6,0.474
14.8,14.8,5.7,10.7,0.542
14.8,14.8,5.8,10.8,0.574
14.8,14.8,5.9,10.9,0.574
14.8,14.8,6.0,11.0,0.672
14.8,14.8,6.1,11.1,0.694
14.8,14.8,6.2,11.2,0.71
14.8,14.8,6.3,11.3,0.708
14.8,14.8,6.4,11.4,0.774
14.8,14.8,6.5,11.5,0.792
14.8,14.8,6.6,11.6,0.828
14.8,14.8,6.7,11.7,0.788
14.8,14.8,6.8,11.8,0.854
14.8,14.8,6.9,11.9,0.818
14.8,14.8,7.0,12.0,0.846
14.8,14.8,7.1,12.1,0.866
14.8,14.8,7.2,12.2,0.872
14.8,14.8,7.3,12.3,0.898
14.8,14.8,7.4,12.4,0.9
14.8,14.8,7.5,12.5,0.89
14.8,14.8,7.6,12.6,0.89
14.8,14.8,7.7,12.7,0.902
14.8,14.8,7.8,12.8,0.918
14.8,14.8,7.9,12.9,0.928
14.8,14.8,8.0,13.0,0.898
14.8,14.8,8.1,13.1,0.93
14.8,14.8,8.2,13.2,0.9
14.8,14.8,8.3,13.3,0.908
14.8,14.8,8.4,13.4,0.902
14.8,14.8,8.5,13.5,0.926
14.8,14.8,8.6,13.6,0.922
14.8,14.8,8.7,13.7,0.914
14.8,14.8,8.8,13.8,0.922
14.8,14.8,8.9,13.9,0.902
14.8,14.8,9.0,14.0,0.902
14.8,14.8,9.1,14.1,0.912
14.8,14.8,9.2,14.2,0.91
14.8,14.8,9.3,14.3,0.912
14.8,14.8,9.4,14.4,0.944
14.8,14.8,9.5,14.5,0.92
14.8,14.8,9.6,14.6,0.896
14.8,14.8,9.7,14.7,0.916
14.8,14.8,9.8,14.8,0.9
14.8,14.8,9.9,14.9,0.902
14.8,14.8,10.0,15.0,0.894
14.8,14.8,10.1,15.1,0.88
14.8,14.8,10.2,15.2,0.892
14.8,14.8,10.3,15.3,0.886
14.8,14.8,10.4,15.4,0.848
14.8,14.8,10.5,15.5,0.854
14.8,14.8,10.6,15.6,0.79
14.8,14.8,10.7,15.7,0.83
14.8,14.8,10.8,15.8,0.772
14.8,14.8,10.9,15.9,0.784
14.8,14.8,11.0,16.0,0.786
14.8,14.8,11.1,16.1,0.678
14.8,14.8,11.2,16.2,0.706
14.8,14.8,11.3,16.3,0.642
14.8,14.8,11.4,16.4,0.586
14.8,14.8,11.5,16.5,0.592
14.8,14.8,11.6,16.6,0.526
14.8,14.8,11.7,16.7,0.494
14.8,14.8,11.8,16.8,0.432
14.8,14.8,11.9,16.9,0.388
14.8,14.8,12.0,17.0,0.384
14.8,14.8,12.1,17.1,0.354
14.8,14.8,12.2,17.2,0.346
14.8,14.8,12.3,17.3,0.316
14.8,14.8,12.4,17.4,0.314
14.8,14.8,12.5,17.5,0.228
14.8,14.8,12.6,17.6,0.246
14.8,14.8,12.7,17.7,0.216
14.8,14.8,12.8,17.8,0.184
14.8,14.8,12.9,17.9,0.198
14.8,14.8,13.0,18.0,0.152
14.8,14.8,13.1,18.1,0.146
14.8,14.8,13.2,18.2,0.174
14.8,14.8,13.3,18.3,0.128
14.8,14.8,13.4,18.4,0.16
14.8,14.8,13.5,18.5,0.132
14.8,14.8,13.6,18.6,0.144
14.8,14.8,13.7,18.7,0.12
14.8,14.8,13.8,18.8,0.102
14.8,14.8,13.9,18.9,0.126
14.8,14.8,14.0,19.0,0.128
14.8,14.8,14.1,19.1,0.108
14.8,14.8,14.2,19.2,0.096
14.8,14.8,14.3,19.3,0.126
14.8,14.8,14.4,19.4,0.104
14.8,14.8,14.5,19.5,0.136
14.8,14.8,14.6,19.6,0.108
14.8,14.8,14.7,19.7,0.11
14.8,14.8,14.8,19.8,0.106
14.8,14.8,14.9,19.9,0.122
14.8,14.8,15.0,20.0,0.126
14.9,14.9,0.0,5.0,0.052
14.9,14.9,0.1,5.1,0.05
14.9,14.9,0.2,5.2,0.038
14.9,14.9,0.3,5.3,0.04
14.9,14.9,0.4,5.4,0.054
14.9,14.9,0.5,5.5,0.044
14.9,14.9,0.6,5.6,0.044
14.9,14.9,0.7,5.7,0.072
14.9,14.9,0.8,5.8,0.052
14.9,14.9,0.9,5.9,0.052
14.9,14.9,1.0,6.0,0.056
14.9,14.9,1.1,6.1,0.05
14.9,14.9,1.2,6.2,0.042
14.9,14.9,1.3,6.3,0.06
14.9,14.9,1.4,6.4,0.07
14.9,14.9,1.5,6.5,0.056
14.9,14.9,1.6,6.6,0.058
14.9,14.9,1.7,6.7,0.038
14.9,14.9,1.8,6.8,0.06
14.9,14.9,1.9,6.9,0.06
14.9,14.9,2.0,7.0,0.05
14.9,14.9,2.1,7.1,0.036
14.9,14.9,2.2,7.2,0.054
14.9,14.9,2.3,7.3,0.046
14.9,14.9,2.4,7.4,0.07
14.9,14.9,2.5,7.5,0.044
14.9,14.9,2.6,7.6,0.058
14.9,14.9,2.7,7.7,0.046
14.9,14.9,2.8,7.8,0.05
14.9,14.9,2.9,7.9,0.052
14.9,14.9,3.0,8.0,0.04
14.9,14.9,3.1,8.1,0.04
14.9,14.9,3.2,8.2,0.054
14.9,14.9,3.3,8.3,0.058
14.9,14.9,3.4,8.4,0.05
14.9,14.9,3.5,8.5,0.04
14.9,14.9,3.6,8.6,0.066
14.9,14.9,3.7,8.7,0.036
14.9,14.9,3.8,8.8,0.062
14.9,14.9,3.9,8.9,0.062
14.9,14.9,4.0,9.0,0.072
14.9,14.9,4.1,9.1,0.048
14.9,14.9,4.2,9.2,0.084
14.9,14.9,4.3,9.3,0.084
14.9,14.9,4.4,9.4,0.082
14.9,14.9,4.5,9.5,0.104
14.9,14.9,4.6,9.6,0.116
14.9,14.9,4.7,9.7,0.146
14.9,14.9,4.8,9.8,0.166
14.9,14.9,4.9,9.9,0.194
14.9,14.9,5.0,10.0,0.19
14.9,14.9,5.1,10.1,0.252
14.9,14.9,5.2,10.2,0.316
14.9,14.9,5.3,10.3,0.312
14.9,14.9,5.4,10.4,0.364
14.9,14.9,5.5,10.5,0.4
14.9,14.9,5.6,10.6,0.482
14.9,14.9,5.7,10.7,0.496
14.9,14.9,5.8,10.8,0.524
14.9,14.9,5.9,10.9,0.562
14.9,14.9,6.0,11.0,0.58
14.9,14.9,6.1,11.1,0.644
14.9,14.9,6.2,11.2,0.67
14.9,14.9,6.3,11.3,0.664
14.9,14.9,6.4,11.4,0.702
14.9,14.9,6.5,11.5,0.75
14.9,14.9,6.6,11.6,0.778
14.9,14.9,6.7,11.7,0.788
14.9,14.9,6.8,11.8,0.814
14.9,14.9,6.9,11.9,0.83
14.9,14.9,7.0,12.0,0.85
14.9,14.9,7.1,12.1,0.852
14.9,14.9,7.2,12.2,0.866
14.9,14.9,7.3,12.3,0.864
14.9,14.9,7.4,12.4,0.876
14.9,14.9,7.5,12.5,0.898
14.9,14.9,7.6,12.6,0.884
14.9,14.9,7.7,12.7,0.932
14.9,14.9,7.8,12.8,0.896
14.9,14.9,7.9,12.9,0.91
14.9,14.9,8.0,13.0,0.93
14.9,14.9,8.1,13.1,0.908
14.9,14.9,8.2,13.2,0.928
14.9,14.9,8.3,13.3,0.922
14.9,14.9,8.4,13.4,0.932
14.9,14.9,8.5,13.5,0.932
14.9,14.9,8.6,13.6,0.92
14.9,14.9,8.7,13.7,0.896
14.9,14.9,8.8,13.8,0.902
14.9,14.9,8.9,13.9,0.92
14.9,14.9,9.0,14.0,0.922
14.9,14.9,9.1,14.1,0.91
14.9,14.9,9.2,14.2,0.92
14.9,14.9,9.3,14.3,0.9
14.9,14.9,9.4,14.4,0.932
14.9,14.9,9.5,14.5,0.906
14.9,14.9,9.6,14.6,0.92
14.9,14.9,9.7,14.7,0.916
14.9,14.9,9.8,14.8,0.922
14.9,14.9,9.9,14.9,0.912
14.9,14.9,10.0,15.0,0.892
14.9,14.9,10.1,15.1,0.9
14.9,14.9,10.2,15.2,0.878
14.9,14.9,10.3,15.3,0.88
14.9,14.9,10.4,15.4,0.886
14.9,14.9,10.5,15.5,0.85
14.9,14.9,10.6,15.6,0.83
14.9,14.9,10.7,15.7,0.844
14.9,14.9,10.8,15.8,0.81
14.9,14.9,10.9,15.9,0.822
14.9,14.9,11.0,16.0,0.766
14.9,14.9,11.1,16.1,0.724
14.9,14.9,11.2,16.2,0.764
14.9,14.9,11.3,16.3,0.692
14.9,14.9,11.4,16.4,0.652
14.9,14.9,11.5,16.5,0.6
14.9,14.9,11.6,16.6,0.582
14.9,14.9,11.7,16.7,0.556
14.9,14.9,11.8,16.8,0.51
14.9,14.9,11.9,16.9,0.452
14.9,14.9,12.0,17.0,0.43
14.9,14.9,12.1,17.1,0.404
14.9,14.9,12.2,17.2,0.386
14.9,14.9,12.3,17.3,0.316
14.9,14.9,12.4,17.4,0.304
14.9,14.9,12.5,17.5,0.26
14.9,14.9,12.6,17.6,0.226
14.9,14.9,12.7,17.7,0.216
14.9,14.9,12.8,17.8,0.222
14.9,14.9,12.9,17.9,0.204
14.9,14.9,13.0,18.0,0.192
14.9,14.9,13.1,18.1,0.176
14.9,14.9,13.2,18.2,0.184
14.9,14.9,13.3,18.3,0.126
14.9,14.9,13.4,18.4,0.142
14.9,14.9,13.5,18.5,0.098
14.9,14.9,13.6,18.6,0.152
14.9,14.9,13.7,18.7,0.142
14.9,14.9,13.8,18.8,0.134
14.9,14.9,13.9,18.9,0.146
14.9,14.9,14.0,19.0,0.116
14.9,14.9,14.1,19.1,0.148
14.9,14.9,14.2,19.2,0.13
14.9,14.9,14.3,19.3,0.12
14.9,14.9,14.4,19.4,0.098
14.9,14.9,14.5,19.5,0.116
14.9,14.9,14.6,19.6,0.112
14.9,14.9,14.7,19.7,0.09
14.9,14.9,14.8,19.8,0.122
14.9,14.9,14.9,19.9,0.12
14.9,14.9,15.0,20.0,0.096
15.0,15.0,0.0,5.0,0.056
15.0,15.0,0.1,5.1,0.074
15.0,15.0,0.2,5.2,0.036
15.0,15.0,0.3,5.3,0.044
15.0,15.0,0.4,5.4,0.074
15.0,15.0,0.5,5.5,0.052
15.0,15.0,0.6,5.6,0.036
15.0,15.0,0.7,5.7,0.03
15.0,15.0,0.8,5.8,0.06
15.0,15.0,0.9,5.9,0.044
15.0,15.0,1.0,6.0,0.046
15.0,15.0,1.1,6.1,0.052
15.0,15.0,1.2,6.2,0.044
15.0,15.0,1.3,6.3,0.064
15.0,15.0,1.4,6.4,0.054
15.0,15.0,1.5,6.5,0.048
15.0,15.0,1.6,6.6,0.048
15.0,15.0,1.7,6.7,0.052
15.0,15.0,1.8,6.8,0.05
15.0,15.0,1.9,6.9,0.064
15.0,15.0,2.0,7.0,0.05
15.0,15.0,2.1,7.1,0.06
15.0,15.0,2.2,7.2,0.056
15.0,15.0,2.3,7.3,0.046
15.0,15.0,2.4,7.4,0.036
15.0,15.0,2.5,7.5,0.058
15.0,15.0,2.6,7.6,0.04
15.0,15.0,2.7,7.7,0.048
15.0,15.0,2.8,7.8,0.05
15.0,15.0,2.9,7.9,0.044
15.0,15.0,3.0,8.0,0.054
15.0,15.0,3.1,8.1,0.04
15.0,15.0,3.2,8.2,0.04
15.0,15.0,3.3,8.3,0.038
15.0,15.0,3.4,8.4,0.062
15.0,15.0,3.5,8.5,0.064
15.0,15.0,3.6,8.6,0.068
15.0,15.0,3.7,8.7,0.042
15.0,15.0,3.8,8.8,0.066
15.0,15.0,3.9,8.9,0.068
15.0,15.0,4.0,9.0,0.072
15.0,15.0,4.1,9.1,0.07
15.0,15.0,4.2,9.2,0.082
15.0,15.0,4.3,9.3,0.064
15.0,15.0,4.4,9.4,0.084
15.0,15.0,4.5,9.5,0.096
15.0,15.0,4.6,9.6,0.118
15.0,15.0,4.7,9.7,0.126
15.0,15.0,4.8,9.8,0.14
15.0,15.0,4.9,9.9,0.172
15.0,15.0,5.0,10.0,0.186
15.0,15.0,5.1,10.1,0.226
15.0,15.0,5.2,10.2,0.27
15.0,15.0,5.3,10.3,0.308
15.0,15.0,5.4,10.4,0.344
15.0,15.0,5.5,10.5,0.366
15.0,15.0,5.6,10.6,0.38
15.0,15.0,5.7,10.7,0.462
15.0,15.0,5.8,10.8,0.494
15.0,15.0,5.9,10.9,0.512
15.0,15.0,6.0,11.0,0.584
15.0,15.0,6.1,11.1,0.602
15.0,15.0,6.2,11.2,0.644
15.0,15.0,6.3,11.3,0.696
15.0,15.0,6.4,11.4,0.698
15.0,15.0,6.5,11.5,0.748
15.0,15.0,6.6,11.6,0.748
15.0,15.0,6.7,11.7,0.78
15.0,15.0,6.8,11.8,0.804
15.0,15.0,6.9,11.9,0.822
15.0,15.0,7.0,12.0,0.84
15.0,15.0,7.1,12.1,0.83
15.0,15.0,7.2,12.2,0.828
15.0,15.0,7.3,12.3,0.862
15.0,15.0,7.4,12.4,0.872
15.0,15.0,7.5,12.5,0.888
15.0,15.0,7.6,12.6,0.87
15.0,15.0,7.7,12.7,0.872
15.0,15.0,7.8,12.8,0.894
15.0,15.0,7.9,12.9,0.888
15.0,15.0,8.0,13.0,0.906
15.0,15.0,8.1,13.1,0.916
15.0,15.0,8.2,13.2,0.902
15.0,15.0,8.3,13.3,0.914
15.0,15.0,8.4,13.4,0.922
15.0,15.0,8.5,13.5,0.914
15.0,15.0,8.6,13.6,0.916
15.0,15.0,8.7,13.7,0.93
15.0,15.0,8.8,13.8,0.928
15.0,15.0,8.9,13.9,0.928
15.0,15.0,9.0,14.0,0.904
15.0,15.0,9.1,14.1,0.94
15.0,15.0,9.2,14.2,0.924
15.0,15.0,9.3,14.3,0.93
15.0,15.0,9.4,14.4,0.922
15.0,15.0,9.5,14.5,0.922
15.0,15.0,9.6,14.6,0.908
15.0,15.0,9.7,14.7,0.904
15.0,15.0,9.8,14.8,0.932
15.0,15.0,9.9,14.9,0.92
15.0,15.0,10.0,15.0,0.894
15.0,15.0,10.1,15.1,0.884
15.0,15.0,10.2,15.2,0.886
15.0,15.0,10.3,15.3,0.894
15.0,15.0,10.4,15.4,0.854
15.0,15.0,10.5,15.5,0.836
15.0,15.0,10.6,15.6,0.852
15.0,15.0,10.7,15.7,0.834
15.0,15.0,10.8,15.8,0.838
15.0,15.0,10.9,15.9,0.794
15.0,15.0,11.0,16.0,0.81
15.0,15.0,11.1,16.1,0.76
15.0,15.0,11.2,16.2,0.72
15.0,15.0,11.3,16.3,0.73
15.0,15.0,11.4,16.4,0.682
15.0,15.0,11.5,16.5,0.654
15.0,15.0,11.6,16.6,0.672
15.0,15.0,11.7,16.7,0.498
15.0,15.0,11.8,16.8,0.55
15.0,15.0,11.9,16.9,0.502
15.0,15.0,12.0,17.0,0.48
15.0,15.0,12.1,17.1,0.418
15.0,15.0,12.2,17.2,0.406
15.0,15.0,12.3,17.3,0.332
15.0,15.0,12.4,17.4,0.308
15.0,15.0,12.5,17.5,0.286
15.0,15.0,12.6,17.6,0.278
15.0,15.0,12.7,17.7,0.256
15.0,15.0,12.8,17.8,0.228
15.0,15.0,12.9,17.9,0.218
15.0,15.0,13.0,18.0,0.16
15.0,15.0,13.1,18.1,0.22
15.0,15.0,13.2,18.2,0.166
15.0,15.0,13.3,18.3,0.19
15.0,15.0,13.4,18.4,0.16
15.0,15.0,13.5,18.5,0.136
15.0,15.0,13.6,18.6,0.116
15.0,15.0,13.7,18.7,0.138
15.0,15.0,13.8,18.8,0.12
15.0,15.0,13.9,18.9,0.11
15.0,15.0,14.0,19.0,0.12
15.0,15.0,14.1,19.1,0.124
15.0,15.0,14.2,19.2,0.108
15.0,15.0,14.3,19.3,0.1
15.0,15.0,14.4,19.4,0.126
15.0,15.0,14.5,19.5,0.104
15.0,15.0,14.6,19.6,0.124
15.0,15.0,14.7,19.7,0.12
15.0,15.0,14.8,19.8,0.116
15.0,15.0,14.9,19.9,0.114
15.0,15.0,15.0,20.0,0.11
